Automatically generated mesh
     164
Reciprocal lattice
    0.00000000000000    0.00000000000000    0.00000000000000             1
    0.16666666666667    0.00000000000000    0.00000000000000             2
    0.33333333333333    0.00000000000000    0.00000000000000             2
    0.50000000000000    0.00000000000000    0.00000000000000             1
    0.00000000000000    0.11111111111111    0.00000000000000             2
    0.16666666666667    0.11111111111111    0.00000000000000             2
    0.33333333333333    0.11111111111111    0.00000000000000             2
    0.50000000000000    0.11111111111111    0.00000000000000             2
   -0.33333333333333    0.11111111111111    0.00000000000000             2
   -0.16666666666667    0.11111111111111    0.00000000000000             2
    0.00000000000000    0.22222222222222    0.00000000000000             2
    0.16666666666667    0.22222222222222    0.00000000000000             2
    0.33333333333333    0.22222222222222    0.00000000000000             2
    0.50000000000000    0.22222222222222    0.00000000000000             2
   -0.33333333333333    0.22222222222222    0.00000000000000             2
   -0.16666666666667    0.22222222222222    0.00000000000000             2
    0.00000000000000    0.33333333333333    0.00000000000000             2
    0.16666666666667    0.33333333333333    0.00000000000000             2
    0.33333333333333    0.33333333333333    0.00000000000000             2
    0.50000000000000    0.33333333333333    0.00000000000000             2
   -0.33333333333333    0.33333333333333    0.00000000000000             2
   -0.16666666666667    0.33333333333333    0.00000000000000             2
    0.00000000000000    0.44444444444444    0.00000000000000             2
    0.16666666666667    0.44444444444444    0.00000000000000             2
    0.33333333333333    0.44444444444444    0.00000000000000             2
    0.50000000000000    0.44444444444444    0.00000000000000             2
   -0.33333333333333    0.44444444444444    0.00000000000000             2
   -0.16666666666667    0.44444444444444    0.00000000000000             2
    0.00000000000000    0.00000000000000    0.16666666666667             2
    0.16666666666667    0.00000000000000    0.16666666666667             2
    0.33333333333333    0.00000000000000    0.16666666666667             2
    0.50000000000000    0.00000000000000    0.16666666666667             2
   -0.33333333333333    0.00000000000000    0.16666666666667             2
   -0.16666666666667    0.00000000000000    0.16666666666667             2
    0.00000000000000    0.11111111111111    0.16666666666667             2
    0.16666666666667    0.11111111111111    0.16666666666667             2
    0.33333333333333    0.11111111111111    0.16666666666667             2
    0.50000000000000    0.11111111111111    0.16666666666667             2
   -0.33333333333333    0.11111111111111    0.16666666666667             2
   -0.16666666666667    0.11111111111111    0.16666666666667             2
    0.00000000000000    0.22222222222222    0.16666666666667             2
    0.16666666666667    0.22222222222222    0.16666666666667             2
    0.33333333333333    0.22222222222222    0.16666666666667             2
    0.50000000000000    0.22222222222222    0.16666666666667             2
   -0.33333333333333    0.22222222222222    0.16666666666667             2
   -0.16666666666667    0.22222222222222    0.16666666666667             2
    0.00000000000000    0.33333333333333    0.16666666666667             2
    0.16666666666667    0.33333333333333    0.16666666666667             2
    0.33333333333333    0.33333333333333    0.16666666666667             2
    0.50000000000000    0.33333333333333    0.16666666666667             2
   -0.33333333333333    0.33333333333333    0.16666666666667             2
   -0.16666666666667    0.33333333333333    0.16666666666667             2
    0.00000000000000    0.44444444444444    0.16666666666667             2
    0.16666666666667    0.44444444444444    0.16666666666667             2
    0.33333333333333    0.44444444444444    0.16666666666667             2
    0.50000000000000    0.44444444444444    0.16666666666667             2
   -0.33333333333333    0.44444444444444    0.16666666666667             2
   -0.16666666666667    0.44444444444444    0.16666666666667             2
    0.00000000000000   -0.44444444444444    0.16666666666667             2
    0.16666666666667   -0.44444444444444    0.16666666666667             2
    0.33333333333333   -0.44444444444444    0.16666666666667             2
    0.50000000000000   -0.44444444444444    0.16666666666667             2
   -0.33333333333333   -0.44444444444444    0.16666666666667             2
   -0.16666666666667   -0.44444444444444    0.16666666666667             2
    0.00000000000000   -0.33333333333333    0.16666666666667             2
    0.16666666666667   -0.33333333333333    0.16666666666667             2
    0.33333333333333   -0.33333333333333    0.16666666666667             2
    0.50000000000000   -0.33333333333333    0.16666666666667             2
   -0.33333333333333   -0.33333333333333    0.16666666666667             2
   -0.16666666666667   -0.33333333333333    0.16666666666667             2
    0.00000000000000   -0.22222222222222    0.16666666666667             2
    0.16666666666667   -0.22222222222222    0.16666666666667             2
    0.33333333333333   -0.22222222222222    0.16666666666667             2
    0.50000000000000   -0.22222222222222    0.16666666666667             2
   -0.33333333333333   -0.22222222222222    0.16666666666667             2
   -0.16666666666667   -0.22222222222222    0.16666666666667             2
    0.00000000000000   -0.11111111111111    0.16666666666667             2
    0.16666666666667   -0.11111111111111    0.16666666666667             2
    0.33333333333333   -0.11111111111111    0.16666666666667             2
    0.50000000000000   -0.11111111111111    0.16666666666667             2
   -0.33333333333333   -0.11111111111111    0.16666666666667             2
   -0.16666666666667   -0.11111111111111    0.16666666666667             2
    0.00000000000000    0.00000000000000    0.33333333333333             2
    0.16666666666667    0.00000000000000    0.33333333333333             2
    0.33333333333333    0.00000000000000    0.33333333333333             2
    0.50000000000000    0.00000000000000    0.33333333333333             2
   -0.33333333333333    0.00000000000000    0.33333333333333             2
   -0.16666666666667    0.00000000000000    0.33333333333333             2
    0.00000000000000    0.11111111111111    0.33333333333333             2
    0.16666666666667    0.11111111111111    0.33333333333333             2
    0.33333333333333    0.11111111111111    0.33333333333333             2
    0.50000000000000    0.11111111111111    0.33333333333333             2
   -0.33333333333333    0.11111111111111    0.33333333333333             2
   -0.16666666666667    0.11111111111111    0.33333333333333             2
    0.00000000000000    0.22222222222222    0.33333333333333             2
    0.16666666666667    0.22222222222222    0.33333333333333             2
    0.33333333333333    0.22222222222222    0.33333333333333             2
    0.50000000000000    0.22222222222222    0.33333333333333             2
   -0.33333333333333    0.22222222222222    0.33333333333333             2
   -0.16666666666667    0.22222222222222    0.33333333333333             2
    0.00000000000000    0.33333333333333    0.33333333333333             2
    0.16666666666667    0.33333333333333    0.33333333333333             2
    0.33333333333333    0.33333333333333    0.33333333333333             2
    0.50000000000000    0.33333333333333    0.33333333333333             2
   -0.33333333333333    0.33333333333333    0.33333333333333             2
   -0.16666666666667    0.33333333333333    0.33333333333333             2
    0.00000000000000    0.44444444444444    0.33333333333333             2
    0.16666666666667    0.44444444444444    0.33333333333333             2
    0.33333333333333    0.44444444444444    0.33333333333333             2
    0.50000000000000    0.44444444444444    0.33333333333333             2
   -0.33333333333333    0.44444444444445    0.33333333333333             2
   -0.16666666666667    0.44444444444445    0.33333333333333             2
    0.00000000000000   -0.44444444444444    0.33333333333333             2
    0.16666666666667   -0.44444444444444    0.33333333333333             2
    0.33333333333333   -0.44444444444444    0.33333333333333             2
    0.50000000000000   -0.44444444444444    0.33333333333333             2
   -0.33333333333333   -0.44444444444444    0.33333333333333             2
   -0.16666666666667   -0.44444444444444    0.33333333333333             2
    0.00000000000000   -0.33333333333333    0.33333333333333             2
    0.16666666666667   -0.33333333333333    0.33333333333333             2
    0.33333333333333   -0.33333333333333    0.33333333333333             2
    0.50000000000000   -0.33333333333333    0.33333333333333             2
   -0.33333333333333   -0.33333333333333    0.33333333333333             2
   -0.16666666666667   -0.33333333333333    0.33333333333333             2
    0.00000000000000   -0.22222222222222    0.33333333333333             2
    0.16666666666667   -0.22222222222222    0.33333333333333             2
    0.33333333333333   -0.22222222222222    0.33333333333333             2
    0.50000000000000   -0.22222222222222    0.33333333333333             2
   -0.33333333333333   -0.22222222222222    0.33333333333333             2
   -0.16666666666667   -0.22222222222222    0.33333333333333             2
    0.00000000000000   -0.11111111111111    0.33333333333333             2
    0.16666666666667   -0.11111111111111    0.33333333333333             2
    0.33333333333333   -0.11111111111111    0.33333333333333             2
    0.50000000000000   -0.11111111111111    0.33333333333333             2
   -0.33333333333333   -0.11111111111111    0.33333333333333             2
   -0.16666666666667   -0.11111111111111    0.33333333333333             2
    0.00000000000000    0.00000000000000    0.50000000000000             1
    0.16666666666667    0.00000000000000    0.50000000000000             2
    0.33333333333333    0.00000000000000    0.50000000000000             2
    0.50000000000000    0.00000000000000    0.50000000000000             1
    0.00000000000000    0.11111111111111    0.50000000000000             2
    0.16666666666667    0.11111111111111    0.50000000000000             2
    0.33333333333333    0.11111111111111    0.50000000000000             2
    0.50000000000000    0.11111111111111    0.50000000000000             2
   -0.33333333333333    0.11111111111111    0.50000000000000             2
   -0.16666666666667    0.11111111111111    0.50000000000000             2
    0.00000000000000    0.22222222222222    0.50000000000000             2
    0.16666666666667    0.22222222222222    0.50000000000000             2
    0.33333333333333    0.22222222222222    0.50000000000000             2
    0.50000000000000    0.22222222222222    0.50000000000000             2
   -0.33333333333333    0.22222222222222    0.50000000000000             2
   -0.16666666666667    0.22222222222222    0.50000000000000             2
    0.00000000000000    0.33333333333333    0.50000000000000             2
    0.16666666666667    0.33333333333333    0.50000000000000             2
    0.33333333333333    0.33333333333333    0.50000000000000             2
    0.50000000000000    0.33333333333333    0.50000000000000             2
   -0.33333333333333    0.33333333333333    0.50000000000000             2
   -0.16666666666667    0.33333333333333    0.50000000000000             2
    0.00000000000000    0.44444444444444    0.50000000000000             2
    0.16666666666667    0.44444444444444    0.50000000000000             2
    0.33333333333333    0.44444444444444    0.50000000000000             2
    0.50000000000000    0.44444444444445    0.50000000000000             2
   -0.33333333333333    0.44444444444444    0.50000000000000             2
   -0.16666666666667    0.44444444444444    0.50000000000000             2
