Automatically generated mesh
      19
Reciprocal lattice
    0.00000000000000    0.00000000000000    0.00000000000000             1
    0.25000000000000    0.00000000000000    0.00000000000000             2
    0.50000000000000    0.00000000000000    0.00000000000000             1
    0.00000000000000    0.33333333333333    0.00000000000000             2
    0.25000000000000    0.33333333333333    0.00000000000000             2
    0.50000000000000    0.33333333333333    0.00000000000000             2
   -0.25000000000000    0.33333333333333    0.00000000000000             2
    0.00000000000000    0.00000000000000    0.33333333333333             2
    0.25000000000000    0.00000000000000    0.33333333333333             2
    0.50000000000000    0.00000000000000    0.33333333333333             2
   -0.25000000000000    0.00000000000000    0.33333333333333             2
    0.00000000000000    0.33333333333333    0.33333333333334             2
    0.25000000000000    0.33333333333333    0.33333333333333             2
    0.50000000000000    0.33333333333333    0.33333333333333             2
   -0.25000000000000    0.33333333333333    0.33333333333333             2
    0.00000000000000   -0.33333333333333    0.33333333333333             2
    0.25000000000000   -0.33333333333333    0.33333333333333             2
    0.50000000000000   -0.33333333333333    0.33333333333334             2
   -0.25000000000000   -0.33333333333333    0.33333333333333             2
Tetrahedra
       106    0.00462962962963
         2         1         2         4         9
         2         2         4         5         9
         2         4         5         9        13
         2         1         4         8         9
         2         4         8         9        12
         2         4         9        12        13
         2         2         3         5        10
         2         3         5         6        10
         2         5         6        10        14
         2         2         5         9        10
         2         5         9        10        13
         2         5        10        13        14
         2         2         3         6        11
         2         2         6         7        11
         2         6         7        11        15
         2         3         6        10        11
         2         6        10        11        14
         2         6        11        14        15
         2         1         2         7         8
         2         1         4         7         8
         2         4         7         8        12
         2         2         7         8        11
         2         7         8        11        15
         2         7         8        12        15
         2         4         4         5        13
         2         4         5         7        13
         2         4         7        13        17
         2         4         4        12        13
         2         4        12        13        16
         2         4        13        16        17
         2         5         6         7        14
         2         6         6         7        14
         2         6         7        14        18
         2         5         7        13        14
         2         7        13        14        17
         2         7        14        17        18
         2         6         6         7        15
         2         5         6         7        15
         2         5         6        15        19
         2         6         6        14        15
         2         6        14        15        18
         2         6        15        18        19
         2         4         5         7        12
         2         4         4         5        12
         2         4         5        12        16
         2         5         7        12        15
         2         5        12        15        19
         2         5        12        16        19
         2         1         4         7        17
         2         1         2         7        17
         2         1         2         9        17
         2         1         4        16        17
         2         1         8        16        17
         2         1         8         9        17
         2         2         6         7        18
         2         2         3         6        18
         2         2         3        10        18
         2         2         7        17        18
         2         2         9        17        18
         2         2         9        10        18
         2         3         5         6        19
         2         2         3         5        19
         2         2         3        11        19
         2         3         6        18        19
         2         3        10        18        19
         2         3        10        11        19
         2         2         4         5        16
         2         1         2         4        16
         2         1         2         8        16
         2         2         5        16        19
         2         2        11        16        19
         2         2         8        11        16
         2         8         9        11        12
         2         9        11        12        13
         2        11        12        13        19
         2         8         8        11        12
         2         8        11        12        16
         2        11        12        16        19
         2         9        10        10        13
         2        10        10        13        14
         2        10        13        14        18
         2         9        10        11        13
         2        10        11        13        19
         2        10        13        18        19
         2         9        10        11        14
         2         9        11        14        15
         2         9        14        15        17
         2         9        10        10        14
         2         9        10        14        18
         2         9        14        17        18
         2         8         8        11        15
         2         8         8        12        15
         2         8        12        15        16
         2         8         9        11        15
         2         8         9        15        17
         2         8        15        16        17
         2        12        13        16        19
         2        13        16        17        19
         2        15        16        17        19
         4        12        16        16        19
         2        12        15        16        19
         2        13        14        17        18
         4        14        17        18        18
         2        13        17        18        19
         2        15        17        18        19
         2        14        15        17        18
