Automatically generated mesh
     181
Reciprocal lattice
    0.00000000000000    0.00000000000000    0.00000000000000             1
    0.12500000000000    0.00000000000000    0.00000000000000             2
    0.25000000000000    0.00000000000000    0.00000000000000             2
    0.37500000000000    0.00000000000000    0.00000000000000             2
    0.50000000000000    0.00000000000000    0.00000000000000             1
    0.00000000000000    0.11111111111111    0.00000000000000             2
    0.12500000000000    0.11111111111111    0.00000000000000             2
    0.25000000000000    0.11111111111111    0.00000000000000             2
    0.37500000000000    0.11111111111111    0.00000000000000             2
    0.50000000000000    0.11111111111111    0.00000000000000             2
   -0.37500000000000    0.11111111111111    0.00000000000000             2
   -0.25000000000000    0.11111111111111    0.00000000000000             2
   -0.12500000000000    0.11111111111111    0.00000000000000             2
    0.00000000000000    0.22222222222222    0.00000000000000             2
    0.12500000000000    0.22222222222222    0.00000000000000             2
    0.25000000000000    0.22222222222222    0.00000000000000             2
    0.37500000000000    0.22222222222222    0.00000000000000             2
    0.50000000000000    0.22222222222222    0.00000000000000             2
   -0.37500000000000    0.22222222222222    0.00000000000000             2
   -0.25000000000000    0.22222222222222    0.00000000000000             2
   -0.12500000000000    0.22222222222222    0.00000000000000             2
    0.00000000000000    0.33333333333333    0.00000000000000             2
    0.12500000000000    0.33333333333333    0.00000000000000             2
    0.25000000000000    0.33333333333333    0.00000000000000             2
    0.37500000000000    0.33333333333333    0.00000000000000             2
    0.50000000000000    0.33333333333333    0.00000000000000             2
   -0.37500000000000    0.33333333333333    0.00000000000000             2
   -0.25000000000000    0.33333333333333    0.00000000000000             2
   -0.12500000000000    0.33333333333333    0.00000000000000             2
    0.00000000000000    0.44444444444444    0.00000000000000             2
    0.12500000000000    0.44444444444444    0.00000000000000             2
    0.25000000000000    0.44444444444444    0.00000000000000             2
    0.37500000000000    0.44444444444444    0.00000000000000             2
    0.50000000000000    0.44444444444444    0.00000000000000             2
   -0.37500000000000    0.44444444444444    0.00000000000000             2
   -0.25000000000000    0.44444444444444    0.00000000000000             2
   -0.12500000000000    0.44444444444444    0.00000000000000             2
    0.00000000000000    0.00000000000000    0.20000000000000             2
    0.12500000000000    0.00000000000000    0.20000000000000             2
    0.25000000000000    0.00000000000000    0.20000000000000             2
    0.37500000000000    0.00000000000000    0.20000000000000             2
    0.50000000000000    0.00000000000000    0.20000000000000             2
   -0.37500000000000    0.00000000000000    0.20000000000000             2
   -0.25000000000000    0.00000000000000    0.20000000000000             2
   -0.12500000000000    0.00000000000000    0.20000000000000             2
    0.00000000000000    0.11111111111111    0.20000000000000             2
    0.12500000000000    0.11111111111111    0.20000000000000             2
    0.25000000000000    0.11111111111111    0.20000000000000             2
    0.37500000000000    0.11111111111111    0.20000000000000             2
    0.50000000000000    0.11111111111111    0.20000000000000             2
   -0.37500000000000    0.11111111111111    0.20000000000000             2
   -0.25000000000000    0.11111111111111    0.20000000000000             2
   -0.12500000000000    0.11111111111111    0.20000000000000             2
    0.00000000000000    0.22222222222222    0.20000000000000             2
    0.12500000000000    0.22222222222222    0.20000000000000             2
    0.25000000000000    0.22222222222222    0.20000000000000             2
    0.37500000000000    0.22222222222222    0.20000000000000             2
    0.50000000000000    0.22222222222222    0.20000000000000             2
   -0.37500000000000    0.22222222222222    0.20000000000000             2
   -0.25000000000000    0.22222222222222    0.20000000000000             2
   -0.12500000000000    0.22222222222222    0.20000000000000             2
    0.00000000000000    0.33333333333333    0.20000000000000             2
    0.12500000000000    0.33333333333333    0.20000000000000             2
    0.25000000000000    0.33333333333333    0.20000000000000             2
    0.37500000000000    0.33333333333333    0.20000000000000             2
    0.50000000000000    0.33333333333333    0.20000000000000             2
   -0.37500000000000    0.33333333333333    0.20000000000000             2
   -0.25000000000000    0.33333333333333    0.20000000000000             2
   -0.12500000000000    0.33333333333333    0.20000000000000             2
    0.00000000000000    0.44444444444444    0.20000000000000             2
    0.12500000000000    0.44444444444444    0.20000000000000             2
    0.25000000000000    0.44444444444444    0.20000000000000             2
    0.37500000000000    0.44444444444444    0.20000000000000             2
    0.50000000000000    0.44444444444444    0.20000000000000             2
   -0.37500000000000    0.44444444444444    0.20000000000000             2
   -0.25000000000000    0.44444444444444    0.20000000000000             2
   -0.12500000000000    0.44444444444444    0.20000000000000             2
    0.00000000000000   -0.44444444444444    0.20000000000000             2
    0.12500000000000   -0.44444444444444    0.20000000000000             2
    0.25000000000000   -0.44444444444444    0.20000000000000             2
    0.37500000000000   -0.44444444444444    0.20000000000000             2
    0.50000000000000   -0.44444444444444    0.20000000000000             2
   -0.37500000000000   -0.44444444444444    0.20000000000000             2
   -0.25000000000000   -0.44444444444444    0.20000000000000             2
   -0.12500000000000   -0.44444444444444    0.20000000000000             2
    0.00000000000000   -0.33333333333333    0.20000000000000             2
    0.12500000000000   -0.33333333333333    0.20000000000000             2
    0.25000000000000   -0.33333333333333    0.20000000000000             2
    0.37500000000000   -0.33333333333333    0.20000000000000             2
    0.50000000000000   -0.33333333333333    0.20000000000000             2
   -0.37500000000000   -0.33333333333333    0.20000000000000             2
   -0.25000000000000   -0.33333333333333    0.20000000000000             2
   -0.12500000000000   -0.33333333333333    0.20000000000000             2
    0.00000000000000   -0.22222222222222    0.20000000000000             2
    0.12500000000000   -0.22222222222222    0.20000000000000             2
    0.25000000000000   -0.22222222222222    0.20000000000000             2
    0.37500000000000   -0.22222222222222    0.20000000000000             2
    0.50000000000000   -0.22222222222222    0.20000000000000             2
   -0.37500000000000   -0.22222222222222    0.20000000000000             2
   -0.25000000000000   -0.22222222222222    0.20000000000000             2
   -0.12500000000000   -0.22222222222222    0.20000000000000             2
    0.00000000000000   -0.11111111111111    0.20000000000000             2
    0.12500000000000   -0.11111111111111    0.20000000000000             2
    0.25000000000000   -0.11111111111111    0.20000000000000             2
    0.37500000000000   -0.11111111111111    0.20000000000000             2
    0.50000000000000   -0.11111111111111    0.20000000000000             2
   -0.37500000000000   -0.11111111111111    0.20000000000000             2
   -0.25000000000000   -0.11111111111111    0.20000000000000             2
   -0.12500000000000   -0.11111111111111    0.20000000000000             2
    0.00000000000000    0.00000000000000    0.40000000000000             2
    0.12500000000000    0.00000000000000    0.40000000000000             2
    0.25000000000000    0.00000000000000    0.40000000000000             2
    0.37500000000000    0.00000000000000    0.40000000000000             2
    0.50000000000000    0.00000000000000    0.40000000000000             2
   -0.37500000000000    0.00000000000000    0.40000000000000             2
   -0.25000000000000    0.00000000000000    0.40000000000000             2
   -0.12500000000000    0.00000000000000    0.40000000000000             2
    0.00000000000000    0.11111111111111    0.40000000000000             2
    0.12500000000000    0.11111111111111    0.40000000000000             2
    0.25000000000000    0.11111111111111    0.40000000000000             2
    0.37500000000000    0.11111111111111    0.40000000000000             2
    0.50000000000000    0.11111111111111    0.40000000000000             2
   -0.37500000000000    0.11111111111111    0.40000000000000             2
   -0.25000000000000    0.11111111111111    0.40000000000000             2
   -0.12500000000000    0.11111111111111    0.40000000000000             2
    0.00000000000000    0.22222222222222    0.40000000000000             2
    0.12500000000000    0.22222222222222    0.40000000000000             2
    0.25000000000000    0.22222222222222    0.40000000000000             2
    0.37500000000000    0.22222222222222    0.40000000000000             2
    0.50000000000000    0.22222222222222    0.40000000000000             2
   -0.37500000000000    0.22222222222222    0.40000000000000             2
   -0.25000000000000    0.22222222222222    0.40000000000000             2
   -0.12500000000000    0.22222222222222    0.40000000000000             2
    0.00000000000000    0.33333333333333    0.40000000000000             2
    0.12500000000000    0.33333333333333    0.40000000000000             2
    0.25000000000000    0.33333333333333    0.40000000000000             2
    0.37500000000000    0.33333333333333    0.40000000000000             2
    0.50000000000000    0.33333333333333    0.40000000000000             2
   -0.37500000000000    0.33333333333333    0.40000000000000             2
   -0.25000000000000    0.33333333333333    0.40000000000000             2
   -0.12500000000000    0.33333333333333    0.40000000000000             2
    0.00000000000000    0.44444444444444    0.40000000000000             2
    0.12500000000000    0.44444444444444    0.40000000000000             2
    0.25000000000000    0.44444444444444    0.40000000000000             2
    0.37500000000000    0.44444444444444    0.40000000000000             2
    0.50000000000000    0.44444444444444    0.40000000000000             2
   -0.37500000000000    0.44444444444445    0.40000000000000             2
   -0.25000000000000    0.44444444444444    0.40000000000000             2
   -0.12500000000000    0.44444444444444    0.40000000000000             2
    0.00000000000000   -0.44444444444444    0.40000000000000             2
    0.12500000000000   -0.44444444444444    0.40000000000000             2
    0.25000000000000   -0.44444444444444    0.40000000000000             2
    0.37500000000000   -0.44444444444444    0.40000000000000             2
    0.50000000000000   -0.44444444444444    0.40000000000000             2
   -0.37500000000000   -0.44444444444444    0.40000000000000             2
   -0.25000000000000   -0.44444444444444    0.40000000000000             2
   -0.12500000000000   -0.44444444444444    0.40000000000000             2
    0.00000000000000   -0.33333333333333    0.40000000000000             2
    0.12500000000000   -0.33333333333333    0.40000000000000             2
    0.25000000000000   -0.33333333333333    0.40000000000000             2
    0.37500000000000   -0.33333333333333    0.40000000000000             2
    0.50000000000000   -0.33333333333333    0.40000000000000             2
   -0.37500000000000   -0.33333333333333    0.40000000000000             2
   -0.25000000000000   -0.33333333333333    0.40000000000000             2
   -0.12500000000000   -0.33333333333333    0.40000000000000             2
    0.00000000000000   -0.22222222222222    0.40000000000000             2
    0.12500000000000   -0.22222222222222    0.40000000000000             2
    0.25000000000000   -0.22222222222222    0.40000000000000             2
    0.37500000000000   -0.22222222222222    0.40000000000000             2
    0.50000000000000   -0.22222222222222    0.40000000000000             2
   -0.37500000000000   -0.22222222222222    0.40000000000000             2
   -0.25000000000000   -0.22222222222222    0.40000000000000             2
   -0.12500000000000   -0.22222222222222    0.40000000000000             2
    0.00000000000000   -0.11111111111111    0.40000000000000             2
    0.12500000000000   -0.11111111111111    0.40000000000000             2
    0.25000000000000   -0.11111111111111    0.40000000000000             2
    0.37500000000000   -0.11111111111111    0.40000000000000             2
    0.50000000000000   -0.11111111111111    0.40000000000000             2
   -0.37500000000000   -0.11111111111111    0.40000000000000             2
   -0.25000000000000   -0.11111111111111    0.40000000000000             2
   -0.12500000000000   -0.11111111111111    0.40000000000000             2
