Automatically generated mesh
      74
Reciprocal lattice
    0.00000000000000    0.00000000000000    0.00000000000000             1
    0.12500000000000    0.00000000000000    0.00000000000000             2
    0.25000000000000    0.00000000000000    0.00000000000000             2
    0.37500000000000    0.00000000000000    0.00000000000000             2
    0.50000000000000    0.00000000000000    0.00000000000000             1
    0.00000000000000    0.16666666666667    0.00000000000000             2
    0.12500000000000    0.16666666666667    0.00000000000000             2
    0.25000000000000    0.16666666666667    0.00000000000000             2
    0.37500000000000    0.16666666666667    0.00000000000000             2
    0.50000000000000    0.16666666666667    0.00000000000000             2
   -0.37500000000000    0.16666666666667    0.00000000000000             2
   -0.25000000000000    0.16666666666667    0.00000000000000             2
   -0.12500000000000    0.16666666666667    0.00000000000000             2
    0.00000000000000    0.33333333333333    0.00000000000000             2
    0.12500000000000    0.33333333333333    0.00000000000000             2
    0.25000000000000    0.33333333333333    0.00000000000000             2
    0.37500000000000    0.33333333333333    0.00000000000000             2
    0.50000000000000    0.33333333333333    0.00000000000000             2
   -0.37500000000000    0.33333333333333    0.00000000000000             2
   -0.25000000000000    0.33333333333333    0.00000000000000             2
   -0.12500000000000    0.33333333333333    0.00000000000000             2
    0.00000000000000    0.50000000000000    0.00000000000000             1
    0.12500000000000    0.50000000000000    0.00000000000000             2
    0.25000000000000    0.50000000000000    0.00000000000000             2
    0.37500000000000    0.50000000000000    0.00000000000000             2
    0.50000000000000    0.50000000000000    0.00000000000000             1
    0.00000000000000    0.00000000000000    0.33333333333333             2
    0.12500000000000    0.00000000000000    0.33333333333333             2
    0.25000000000000    0.00000000000000    0.33333333333333             2
    0.37500000000000    0.00000000000000    0.33333333333333             2
    0.50000000000000    0.00000000000000    0.33333333333333             2
   -0.37500000000000    0.00000000000000    0.33333333333333             2
   -0.25000000000000    0.00000000000000    0.33333333333333             2
   -0.12500000000000    0.00000000000000    0.33333333333333             2
    0.00000000000000    0.16666666666667    0.33333333333333             2
    0.12500000000000    0.16666666666667    0.33333333333333             2
    0.25000000000000    0.16666666666667    0.33333333333333             2
    0.37500000000000    0.16666666666667    0.33333333333333             2
    0.50000000000000    0.16666666666667    0.33333333333333             2
   -0.37500000000000    0.16666666666667    0.33333333333333             2
   -0.25000000000000    0.16666666666667    0.33333333333333             2
   -0.12500000000000    0.16666666666667    0.33333333333333             2
    0.00000000000000    0.33333333333333    0.33333333333333             2
    0.12500000000000    0.33333333333333    0.33333333333333             2
    0.25000000000000    0.33333333333333    0.33333333333333             2
    0.37500000000000    0.33333333333333    0.33333333333333             2
    0.50000000000000    0.33333333333333    0.33333333333333             2
   -0.37500000000000    0.33333333333333    0.33333333333333             2
   -0.25000000000000    0.33333333333333    0.33333333333333             2
   -0.12500000000000    0.33333333333333    0.33333333333333             2
    0.00000000000000    0.50000000000000    0.33333333333333             2
    0.12500000000000    0.50000000000000    0.33333333333333             2
    0.25000000000000    0.50000000000000    0.33333333333333             2
    0.37500000000000    0.50000000000000    0.33333333333333             2
    0.50000000000000    0.50000000000000    0.33333333333333             2
   -0.37500000000000    0.50000000000000    0.33333333333333             2
   -0.25000000000000    0.50000000000000    0.33333333333333             2
   -0.12500000000000    0.50000000000000    0.33333333333333             2
    0.00000000000000   -0.33333333333333    0.33333333333333             2
    0.12500000000000   -0.33333333333333    0.33333333333333             2
    0.25000000000000   -0.33333333333333    0.33333333333333             2
    0.37500000000000   -0.33333333333333    0.33333333333333             2
    0.50000000000000   -0.33333333333333    0.33333333333333             2
   -0.37500000000000   -0.33333333333333    0.33333333333333             2
   -0.25000000000000   -0.33333333333333    0.33333333333333             2
   -0.12500000000000   -0.33333333333333    0.33333333333333             2
    0.00000000000000   -0.16666666666667    0.33333333333333             2
    0.12500000000000   -0.16666666666667    0.33333333333333             2
    0.25000000000000   -0.16666666666667    0.33333333333333             2
    0.37500000000000   -0.16666666666667    0.33333333333333             2
    0.50000000000000   -0.16666666666667    0.33333333333333             2
   -0.37500000000000   -0.16666666666667    0.33333333333333             2
   -0.25000000000000   -0.16666666666667    0.33333333333333             2
   -0.12500000000000   -0.16666666666667    0.33333333333333             2
Tetrahedra
       432    0.00115740740741
         2         1         2         6        28
         2         2         6         7        28
         2         6         7        28        36
         2         1         6        27        28
         2         6        27        28        35
         2         6        28        35        36
         2         2         3         7        29
         2         3         7         8        29
         2         7         8        29        37
         2         2         7        28        29
         2         7        28        29        36
         2         7        29        36        37
         2         3         4         8        30
         2         4         8         9        30
         2         8         9        30        38
         2         3         8        29        30
         2         8        29        30        37
         2         8        30        37        38
         2         4         5         9        31
         2         5         9        10        31
         2         9        10        31        39
         2         4         9        30        31
         2         9        30        31        38
         2         9        31        38        39
         2         4         5        10        32
         2         4        10        11        32
         2        10        11        32        40
         2         5        10        31        32
         2        10        31        32        39
         2        10        32        39        40
         2         3         4        11        33
         2         3        11        12        33
         2        11        12        33        41
         2         4        11        32        33
         2        11        32        33        40
         2        11        33        40        41
         2         2         3        12        34
         2         2        12        13        34
         2        12        13        34        42
         2         3        12        33        34
         2        12        33        34        41
         2        12        34        41        42
         2         1         2        13        27
         2         1         6        13        27
         2         6        13        27        35
         2         2        13        27        34
         2        13        27        34        42
         2        13        27        35        42
         2         6         7        14        36
         2         7        14        15        36
         2        14        15        36        44
         2         6        14        35        36
         2        14        35        36        43
         2        14        36        43        44
         2         7         8        15        37
         2         8        15        16        37
         2        15        16        37        45
         2         7        15        36        37
         2        15        36        37        44
         2        15        37        44        45
         2         8         9        16        38
         2         9        16        17        38
         2        16        17        38        46
         2         8        16        37        38
         2        16        37        38        45
         2        16        38        45        46
         2         9        10        17        39
         2        10        17        18        39
         2        17        18        39        47
         2         9        17        38        39
         2        17        38        39        46
         2        17        39        46        47
         2        10        11        18        40
         2        11        18        19        40
         2        18        19        40        48
         2        10        18        39        40
         2        18        39        40        47
         2        18        40        47        48
         2        11        12        19        41
         2        12        19        20        41
         2        19        20        41        49
         2        11        19        40        41
         2        19        40        41        48
         2        19        41        48        49
         2        12        13        20        42
         2        13        20        21        42
         2        20        21        42        50
         2        12        20        41        42
         2        20        41        42        49
         2        20        42        49        50
         2         6        13        21        35
         2         6        14        21        35
         2        14        21        35        43
         2        13        21        35        42
         2        21        35        42        50
         2        21        35        43        50
         2        14        15        22        44
         2        15        22        23        44
         2        22        23        44        52
         2        14        22        43        44
         2        22        43        44        51
         2        22        44        51        52
         2        15        16        23        45
         2        16        23        24        45
         2        23        24        45        53
         2        15        23        44        45
         2        23        44        45        52
         2        23        45        52        53
         2        16        17        24        46
         2        17        24        25        46
         2        24        25        46        54
         2        16        24        45        46
         2        24        45        46        53
         2        24        46        53        54
         2        17        18        25        47
         2        18        25        26        47
         2        25        26        47        55
         2        17        25        46        47
         2        25        46        47        54
         2        25        47        54        55
         2        18        19        26        48
         2        19        25        26        48
         2        25        26        48        56
         2        18        26        47        48
         2        26        47        48        55
         2        26        48        55        56
         2        19        20        25        49
         2        20        24        25        49
         2        24        25        49        57
         2        19        25        48        49
         2        25        48        49        56
         2        25        49        56        57
         2        20        21        24        50
         2        21        23        24        50
         2        23        24        50        58
         2        20        24        49        50
         2        24        49        50        57
         2        24        50        57        58
         2        14        21        23        43
         2        14        22        23        43
         2        22        23        43        51
         2        21        23        43        50
         2        23        43        50        58
         2        23        43        51        58
         2        14        22        23        52
         2        14        21        23        52
         2        14        21        52        60
         2        14        22        51        52
         2        14        51        52        59
         2        14        52        59        60
         2        21        23        24        53
         2        20        21        24        53
         2        20        21        53        61
         2        21        23        52        53
         2        21        52        53        60
         2        21        53        60        61
         2        20        24        25        54
         2        19        20        25        54
         2        19        20        54        62
         2        20        24        53        54
         2        20        53        54        61
         2        20        54        61        62
         2        19        25        26        55
         2        18        19        26        55
         2        18        19        55        63
         2        19        25        54        55
         2        19        54        55        62
         2        19        55        62        63
         2        18        25        26        56
         2        17        18        25        56
         2        17        18        56        64
         2        18        26        55        56
         2        18        55        56        63
         2        18        56        63        64
         2        17        24        25        57
         2        16        17        24        57
         2        16        17        57        65
         2        17        25        56        57
         2        17        56        57        64
         2        17        57        64        65
         2        16        23        24        58
         2        15        16        23        58
         2        15        16        58        66
         2        16        24        57        58
         2        16        57        58        65
         2        16        58        65        66
         2        15        22        23        51
         2        14        15        22        51
         2        14        15        51        59
         2        15        23        51        58
         2        15        51        58        66
         2        15        51        59        66
         2         6        14        21        60
         2         6        13        21        60
         2         6        13        60        68
         2         6        14        59        60
         2         6        59        60        67
         2         6        60        67        68
         2        13        20        21        61
         2        12        13        20        61
         2        12        13        61        69
         2        13        21        60        61
         2        13        60        61        68
         2        13        61        68        69
         2        12        19        20        62
         2        11        12        19        62
         2        11        12        62        70
         2        12        20        61        62
         2        12        61        62        69
         2        12        62        69        70
         2        11        18        19        63
         2        10        11        18        63
         2        10        11        63        71
         2        11        19        62        63
         2        11        62        63        70
         2        11        63        70        71
         2        10        17        18        64
         2         9        10        17        64
         2         9        10        64        72
         2        10        18        63        64
         2        10        63        64        71
         2        10        64        71        72
         2         9        16        17        65
         2         8         9        16        65
         2         8         9        65        73
         2         9        17        64        65
         2         9        64        65        72
         2         9        65        72        73
         2         8        15        16        66
         2         7         8        15        66
         2         7         8        66        74
         2         8        16        65        66
         2         8        65        66        73
         2         8        66        73        74
         2         7        14        15        59
         2         6         7        14        59
         2         6         7        59        67
         2         7        15        59        66
         2         7        59        66        74
         2         7        59        67        74
         2         1         6        13        68
         2         1         2        13        68
         2         1         2        28        68
         2         1         6        67        68
         2         1        27        67        68
         2         1        27        28        68
         2         2        12        13        69
         2         2         3        12        69
         2         2         3        29        69
         2         2        13        68        69
         2         2        28        68        69
         2         2        28        29        69
         2         3        11        12        70
         2         3         4        11        70
         2         3         4        30        70
         2         3        12        69        70
         2         3        29        69        70
         2         3        29        30        70
         2         4        10        11        71
         2         4         5        10        71
         2         4         5        31        71
         2         4        11        70        71
         2         4        30        70        71
         2         4        30        31        71
         2         5         9        10        72
         2         4         5         9        72
         2         4         5        32        72
         2         5        10        71        72
         2         5        31        71        72
         2         5        31        32        72
         2         4         8         9        73
         2         3         4         8        73
         2         3         4        33        73
         2         4         9        72        73
         2         4        32        72        73
         2         4        32        33        73
         2         3         7         8        74
         2         2         3         7        74
         2         2         3        34        74
         2         3         8        73        74
         2         3        33        73        74
         2         3        33        34        74
         2         2         6         7        67
         2         1         2         6        67
         2         1         2        27        67
         2         2         7        67        74
         2         2        34        67        74
         2         2        27        34        67
         2        27        28        34        35
         2        28        34        35        36
         2        34        35        36        74
         2        27        27        34        35
         2        27        34        35        67
         2        34        35        67        74
         2        28        29        33        36
         2        29        33        36        37
         2        33        36        37        73
         2        28        33        34        36
         2        33        34        36        74
         2        33        36        73        74
         2        29        30        32        37
         2        30        32        37        38
         2        32        37        38        72
         2        29        32        33        37
         2        32        33        37        73
         2        32        37        72        73
         2        30        31        31        38
         2        31        31        38        39
         2        31        38        39        71
         2        30        31        32        38
         2        31        32        38        72
         2        31        38        71        72
         2        30        31        32        39
         2        30        32        39        40
         2        30        39        40        70
         2        30        31        31        39
         2        30        31        39        71
         2        30        39        70        71
         2        29        32        33        40
         2        29        33        40        41
         2        29        40        41        69
         2        29        30        32        40
         2        29        30        40        70
         2        29        40        69        70
         2        28        33        34        41
         2        28        34        41        42
         2        28        41        42        68
         2        28        29        33        41
         2        28        29        41        69
         2        28        41        68        69
         2        27        27        34        42
         2        27        27        35        42
         2        27        35        42        67
         2        27        28        34        42
         2        27        28        42        68
         2        27        42        67        68
         2        35        36        43        74
         2        36        43        44        74
         2        43        44        66        74
         2        35        43        67        74
         2        43        59        67        74
         2        43        59        66        74
         2        36        37        44        73
         2        37        44        45        73
         2        44        45        65        73
         2        36        44        73        74
         2        44        66        73        74
         2        44        65        66        73
         2        37        38        45        72
         2        38        45        46        72
         2        45        46        64        72
         2        37        45        72        73
         2        45        65        72        73
         2        45        64        65        72
         2        38        39        46        71
         2        39        46        47        71
         2        46        47        63        71
         2        38        46        71        72
         2        46        64        71        72
         2        46        63        64        71
         2        39        40        47        70
         2        40        47        48        70
         2        47        48        62        70
         2        39        47        70        71
         2        47        63        70        71
         2        47        62        63        70
         2        40        41        48        69
         2        41        48        49        69
         2        48        49        61        69
         2        40        48        69        70
         2        48        62        69        70
         2        48        61        62        69
         2        41        42        49        68
         2        42        49        50        68
         2        49        50        60        68
         2        41        49        68        69
         2        49        61        68        69
         2        49        60        61        68
         2        35        42        50        67
         2        35        43        50        67
         2        43        50        59        67
         2        42        50        67        68
         2        50        60        67        68
         2        50        59        60        67
         2        43        44        51        66
         2        44        51        52        66
         2        51        52        58        66
         2        43        51        59        66
         2        51        51        59        66
         2        51        51        58        66
         2        44        45        52        65
         2        45        52        53        65
         2        52        53        57        65
         2        44        52        65        66
         2        52        58        65        66
         2        52        57        58        65
         2        45        46        53        64
         2        46        53        54        64
         2        53        54        56        64
         2        45        53        64        65
         2        53        57        64        65
         2        53        56        57        64
         2        46        47        54        63
         2        47        54        55        63
         2        54        55        55        63
         2        46        54        63        64
         2        54        56        63        64
         2        54        55        56        63
         2        47        48        55        62
         2        48        55        56        62
         2        54        55        56        62
         2        47        55        62        63
         2        55        55        62        63
         2        54        55        55        62
         2        48        49        56        61
         2        49        56        57        61
         2        53        56        57        61
         2        48        56        61        62
         2        54        56        61        62
         2        53        54        56        61
         2        49        50        57        60
         2        50        57        58        60
         2        52        57        58        60
         2        49        57        60        61
         2        53        57        60        61
         2        52        53        57        60
         2        43        50        58        59
         2        43        51        58        59
         2        51        51        58        59
         2        50        58        59        60
         2        52        58        59        60
         2        51        52        58        59
