Automatically generated mesh
      24
Reciprocal lattice
    0.08333333333333    0.12500000000000    0.25000000000000             2
    0.25000000000000    0.12500000000000    0.25000000000000             2
    0.41666666666667    0.12500000000000    0.25000000000000             2
   -0.41666666666667    0.12500000000000    0.25000000000000             2
   -0.25000000000000    0.12500000000000    0.25000000000000             2
   -0.08333333333333    0.12500000000000    0.25000000000000             2
    0.08333333333333    0.37500000000000    0.25000000000000             2
    0.25000000000000    0.37500000000000    0.25000000000000             2
    0.41666666666667    0.37500000000000    0.25000000000000             2
   -0.41666666666667    0.37500000000000    0.25000000000000             2
   -0.25000000000000    0.37500000000000    0.25000000000000             2
   -0.08333333333333    0.37500000000000    0.25000000000000             2
    0.08333333333333   -0.37500000000000    0.25000000000000             2
    0.25000000000000   -0.37500000000000    0.25000000000000             2
    0.41666666666667   -0.37500000000000    0.25000000000000             2
   -0.41666666666667   -0.37500000000000    0.25000000000000             2
   -0.25000000000000   -0.37500000000000    0.25000000000000             2
   -0.08333333333333   -0.37500000000000    0.25000000000000             2
    0.08333333333333   -0.12500000000000    0.25000000000000             2
    0.25000000000000   -0.12500000000000    0.25000000000000             2
    0.41666666666667   -0.12500000000000    0.25000000000000             2
   -0.41666666666667   -0.12500000000000    0.25000000000000             2
   -0.25000000000000   -0.12500000000000    0.25000000000000             2
   -0.08333333333333   -0.12500000000000    0.25000000000000             2
Tetrahedra
       144    0.00347222222222
         2         1         7         8        17
         2         1         2         8        17
         2         1         2        17        23
         2         1         7        17        18
         2         1        17        18        24
         2         1        17        23        24
         2         2         8         9        16
         2         2         3         9        16
         2         2         3        16        22
         2         2         8        16        17
         2         2        16        17        23
         2         2        16        22        23
         2         3         9        10        15
         2         3         4        10        15
         2         3         4        15        21
         2         3         9        15        16
         2         3        15        16        22
         2         3        15        21        22
         2         4        10        11        14
         2         4         5        11        14
         2         4         5        14        20
         2         4        10        14        15
         2         4        14        15        21
         2         4        14        20        21
         2         5        11        12        13
         2         5         6        12        13
         2         5         6        13        19
         2         5        11        13        14
         2         5        13        14        20
         2         5        13        19        20
         2         6         7        12        18
         2         1         6         7        18
         2         1         6        18        24
         2         6        12        13        18
         2         6        13        18        19
         2         6        18        19        24
         2         7        11        13        14
         2         7         8        11        14
         2         7         8        11        17
         2         7        11        12        13
         2         7        11        12        18
         2         7        11        17        18
         2         8        10        14        15
         2         8         9        10        15
         2         8         9        10        16
         2         8        10        11        14
         2         8        10        11        17
         2         8        10        16        17
         2         9         9        15        16
         2         9         9        10        16
         2         9         9        10        15
         2        12        12        13        18
         2         7        12        12        13
         2         7        12        12        18
         2         1         2        19        23
         2         2        19        20        23
         2         5        19        20        23
         2         1        19        23        24
         2         6        19        23        24
         2         5         6        19        23
         2         2         3        20        22
         2         3        20        21        22
         2         4        20        21        22
         2         2        20        22        23
         2         5        20        22        23
         2         4         5        20        22
         2         3         4        21        21
         2         4        21        21        22
         2         3        21        21        22
         2         1         6        24        24
         2         1        19        24        24
         2         6        19        24        24
         2         8        17        18        24
         2         8        17        23        24
         2         2         8        23        24
         2         7         8        18        24
         2         1         7         8        24
         2         1         2         8        24
         2         9        16        17        23
         2         9        16        22        23
         2         3         9        22        23
         2         8         9        17        23
         2         2         8         9        23
         2         2         3         9        23
         2        10        15        16        22
         2        10        15        21        22
         2         4        10        21        22
         2         9        10        16        22
         2         3         9        10        22
         2         3         4        10        22
         2        11        14        15        21
         2        11        14        20        21
         2         5        11        20        21
         2        10        11        15        21
         2         4        10        11        21
         2         4         5        11        21
         2        12        13        14        20
         2        12        13        19        20
         2         6        12        19        20
         2        11        12        14        20
         2         5        11        12        20
         2         5         6        12        20
         2         7        13        18        19
         2         7        18        19        24
         2         1         7        19        24
         2         7        12        13        19
         2         6         7        12        19
         2         1         6         7        19
         2        11        12        14        18
         2        11        14        17        18
         2         8        14        17        18
         2        12        13        14        18
         2         7        13        14        18
         2         7         8        14        18
         2        10        11        15        17
         2        10        15        16        17
         2         9        15        16        17
         2        11        14        15        17
         2         8        14        15        17
         2         8         9        15        17
         2         9        10        16        16
         2         9        15        16        16
         2        10        15        16        16
         2         7        12        13        13
         2        12        13        13        18
         2         7        13        13        18
         2         2         6        23        24
         2         2         5         6        23
         2         2         5         6        20
         2         1         2         6        24
         2         1         2         6        19
         2         2         6        19        20
         2         3         5        22        23
         2         3         4         5        22
         2         3         4         5        21
         2         2         3         5        23
         2         2         3         5        20
         2         3         5        20        21
         2         4         4        21        22
         2         3         4         4        21
         2         3         4         4        22
         2         1         1        19        24
         2         1         1         6        24
         2         1         1         6        19
