Automatically generated mesh
      42
Reciprocal lattice
    0.00000000000000    0.00000000000000    0.00000000000000             1
    0.25000000000000    0.00000000000000    0.00000000000000             2
    0.50000000000000    0.00000000000000    0.00000000000000             1
    0.00000000000000    0.25000000000000    0.00000000000000             2
    0.25000000000000    0.25000000000000    0.00000000000000             2
    0.50000000000000    0.25000000000000    0.00000000000000             2
   -0.25000000000000    0.25000000000000    0.00000000000000             2
    0.00000000000000    0.50000000000000    0.00000000000000             1
    0.25000000000000    0.50000000000000    0.00000000000000             2
    0.50000000000000    0.50000000000000    0.00000000000000             1
    0.00000000000000    0.00000000000000    0.20000000000000             2
    0.25000000000000    0.00000000000000    0.20000000000000             2
    0.50000000000000    0.00000000000000    0.20000000000000             2
   -0.25000000000000    0.00000000000000    0.20000000000000             2
    0.00000000000000    0.25000000000000    0.20000000000000             2
    0.25000000000000    0.25000000000000    0.20000000000000             2
    0.50000000000000    0.25000000000000    0.20000000000000             2
   -0.25000000000000    0.25000000000000    0.20000000000000             2
    0.00000000000000    0.50000000000000    0.20000000000000             2
    0.25000000000000    0.50000000000000    0.20000000000000             2
    0.50000000000000    0.50000000000000    0.20000000000000             2
   -0.25000000000000    0.50000000000000    0.20000000000000             2
    0.00000000000000   -0.25000000000000    0.20000000000000             2
    0.25000000000000   -0.25000000000000    0.20000000000000             2
    0.50000000000000   -0.25000000000000    0.20000000000000             2
   -0.25000000000000   -0.25000000000000    0.20000000000000             2
    0.00000000000000    0.00000000000000    0.40000000000000             2
    0.25000000000000    0.00000000000000    0.40000000000000             2
    0.50000000000000    0.00000000000000    0.40000000000000             2
   -0.25000000000000    0.00000000000000    0.40000000000000             2
    0.00000000000000    0.25000000000000    0.40000000000000             2
    0.25000000000000    0.25000000000000    0.40000000000000             2
    0.50000000000000    0.25000000000000    0.40000000000000             2
   -0.25000000000000    0.25000000000000    0.40000000000000             2
    0.00000000000000    0.50000000000000    0.40000000000000             2
    0.25000000000000    0.50000000000000    0.40000000000000             2
    0.50000000000000    0.50000000000000    0.40000000000000             2
   -0.25000000000000    0.50000000000000    0.40000000000000             2
    0.00000000000000   -0.25000000000000    0.40000000000000             2
    0.25000000000000   -0.25000000000000    0.40000000000000             2
    0.50000000000000   -0.25000000000000    0.40000000000000             2
   -0.25000000000000   -0.25000000000000    0.40000000000000             2
Tetrahedra
       240    0.00208333333333
         2         1         2         4        12
         2         2         4         5        12
         2         4         5        12        16
         2         1         4        11        12
         2         4        11        12        15
         2         4        12        15        16
         2         2         3         5        13
         2         3         5         6        13
         2         5         6        13        17
         2         2         5        12        13
         2         5        12        13        16
         2         5        13        16        17
         2         2         3         6        14
         2         2         6         7        14
         2         6         7        14        18
         2         3         6        13        14
         2         6        13        14        17
         2         6        14        17        18
         2         1         2         7        11
         2         1         4         7        11
         2         4         7        11        15
         2         2         7        11        14
         2         7        11        14        18
         2         7        11        15        18
         2         4         5         8        16
         2         5         8         9        16
         2         8         9        16        20
         2         4         8        15        16
         2         8        15        16        19
         2         8        16        19        20
         2         5         6         9        17
         2         6         9        10        17
         2         9        10        17        21
         2         5         9        16        17
         2         9        16        17        20
         2         9        17        20        21
         2         6         7        10        18
         2         7         9        10        18
         2         9        10        18        22
         2         6        10        17        18
         2        10        17        18        21
         2        10        18        21        22
         2         4         7         9        15
         2         4         8         9        15
         2         8         9        15        19
         2         7         9        15        18
         2         9        15        18        22
         2         9        15        19        22
         2         4         8         9        20
         2         4         7         9        20
         2         4         7        20        24
         2         4         8        19        20
         2         4        19        20        23
         2         4        20        23        24
         2         7         9        10        21
         2         6         7        10        21
         2         6         7        21        25
         2         7         9        20        21
         2         7        20        21        24
         2         7        21        24        25
         2         6         9        10        22
         2         5         6         9        22
         2         5         6        22        26
         2         6        10        21        22
         2         6        21        22        25
         2         6        22        25        26
         2         5         8         9        19
         2         4         5         8        19
         2         4         5        19        23
         2         5         9        19        22
         2         5        19        22        26
         2         5        19        23        26
         2         1         4         7        24
         2         1         2         7        24
         2         1         2        12        24
         2         1         4        23        24
         2         1        11        23        24
         2         1        11        12        24
         2         2         6         7        25
         2         2         3         6        25
         2         2         3        13        25
         2         2         7        24        25
         2         2        12        24        25
         2         2        12        13        25
         2         3         5         6        26
         2         2         3         5        26
         2         2         3        14        26
         2         3         6        25        26
         2         3        13        25        26
         2         3        13        14        26
         2         2         4         5        23
         2         1         2         4        23
         2         1         2        11        23
         2         2         5        23        26
         2         2        14        23        26
         2         2        11        14        23
         2        11        12        15        28
         2        12        15        16        28
         2        15        16        28        32
         2        11        15        27        28
         2        15        27        28        31
         2        15        28        31        32
         2        12        13        16        29
         2        13        16        17        29
         2        16        17        29        33
         2        12        16        28        29
         2        16        28        29        32
         2        16        29        32        33
         2        13        14        17        30
         2        14        17        18        30
         2        17        18        30        34
         2        13        17        29        30
         2        17        29        30        33
         2        17        30        33        34
         2        11        14        18        27
         2        11        15        18        27
         2        15        18        27        31
         2        14        18        27        30
         2        18        27        30        34
         2        18        27        31        34
         2        15        16        19        32
         2        16        19        20        32
         2        19        20        32        36
         2        15        19        31        32
         2        19        31        32        35
         2        19        32        35        36
         2        16        17        20        33
         2        17        20        21        33
         2        20        21        33        37
         2        16        20        32        33
         2        20        32        33        36
         2        20        33        36        37
         2        17        18        21        34
         2        18        21        22        34
         2        21        22        34        38
         2        17        21        33        34
         2        21        33        34        37
         2        21        34        37        38
         2        15        18        22        31
         2        15        19        22        31
         2        19        22        31        35
         2        18        22        31        34
         2        22        31        34        38
         2        22        31        35        38
         2        19        20        23        36
         2        20        23        24        36
         2        23        24        36        40
         2        19        23        35        36
         2        23        35        36        39
         2        23        36        39        40
         2        20        21        24        37
         2        21        24        25        37
         2        24        25        37        41
         2        20        24        36        37
         2        24        36        37        40
         2        24        37        40        41
         2        21        22        25        38
         2        22        25        26        38
         2        25        26        38        42
         2        21        25        37        38
         2        25        37        38        41
         2        25        38        41        42
         2        19        22        26        35
         2        19        23        26        35
         2        23        26        35        39
         2        22        26        35        38
         2        26        35        38        42
         2        26        35        39        42
         2        11        23        24        40
         2        11        12        24        40
         2        11        12        28        40
         2        11        23        39        40
         2        11        27        39        40
         2        11        27        28        40
         2        12        24        25        41
         2        12        13        25        41
         2        12        13        29        41
         2        12        24        40        41
         2        12        28        40        41
         2        12        28        29        41
         2        13        25        26        42
         2        13        14        26        42
         2        13        14        30        42
         2        13        25        41        42
         2        13        29        41        42
         2        13        29        30        42
         2        14        23        26        39
         2        11        14        23        39
         2        11        14        27        39
         2        14        26        39        42
         2        14        30        39        42
         2        14        27        30        39
         2        27        28        30        31
         2        28        30        31        32
         2        30        31        32        42
         2        27        27        30        31
         2        27        30        31        39
         2        30        31        39        42
         2        28        29        29        32
         2        29        29        32        33
         2        29        32        33        41
         2        28        29        30        32
         2        29        30        32        42
         2        29        32        41        42
         2        28        29        30        33
         2        28        30        33        34
         2        28        33        34        40
         2        28        29        29        33
         2        28        29        33        41
         2        28        33        40        41
         2        27        27        30        34
         2        27        27        31        34
         2        27        31        34        39
         2        27        28        30        34
         2        27        28        34        40
         2        27        34        39        40
         2        31        32        35        42
         2        32        35        36        42
         2        35        36        38        42
         2        31        35        39        42
         2        35        35        39        42
         2        35        35        38        42
         2        32        33        36        41
         2        33        36        37        41
         2        36        37        37        41
         2        32        36        41        42
         2        36        38        41        42
         2        36        37        38        41
         2        33        34        37        40
         2        34        37        38        40
         2        36        37        38        40
         2        33        37        40        41
         2        37        37        40        41
         2        36        37        37        40
         2        31        34        38        39
         2        31        35        38        39
         2        35        35        38        39
         2        34        38        39        40
         2        36        38        39        40
         2        35        36        38        39
