Automatically generated mesh
      53
Reciprocal lattice
    0.00000000000000    0.00000000000000    0.00000000000000             1
    0.14285714285714    0.00000000000000    0.00000000000000             2
    0.28571428571429    0.00000000000000    0.00000000000000             2
    0.42857142857143    0.00000000000000    0.00000000000000             2
    0.00000000000000    0.20000000000000    0.00000000000000             2
    0.14285714285714    0.20000000000000    0.00000000000000             2
    0.28571428571429    0.20000000000000    0.00000000000000             2
    0.42857142857143    0.20000000000000    0.00000000000000             2
   -0.42857142857143    0.20000000000000    0.00000000000000             2
   -0.28571428571429    0.20000000000000    0.00000000000000             2
   -0.14285714285714    0.20000000000000    0.00000000000000             2
    0.00000000000000    0.40000000000000    0.00000000000000             2
    0.14285714285714    0.40000000000000    0.00000000000000             2
    0.28571428571429    0.40000000000000    0.00000000000000             2
    0.42857142857143    0.40000000000000    0.00000000000000             2
   -0.42857142857143    0.40000000000000    0.00000000000000             2
   -0.28571428571429    0.40000000000000    0.00000000000000             2
   -0.14285714285714    0.40000000000000    0.00000000000000             2
    0.00000000000000    0.00000000000000    0.33333333333333             2
    0.14285714285714    0.00000000000000    0.33333333333333             2
    0.28571428571429    0.00000000000000    0.33333333333333             2
    0.42857142857143    0.00000000000000    0.33333333333333             2
   -0.42857142857143    0.00000000000000    0.33333333333333             2
   -0.28571428571429    0.00000000000000    0.33333333333333             2
   -0.14285714285714    0.00000000000000    0.33333333333333             2
    0.00000000000000    0.20000000000000    0.33333333333333             2
    0.14285714285714    0.20000000000000    0.33333333333333             2
    0.28571428571429    0.20000000000000    0.33333333333333             2
    0.42857142857143    0.20000000000000    0.33333333333333             2
   -0.42857142857143    0.20000000000000    0.33333333333333             2
   -0.28571428571429    0.20000000000000    0.33333333333333             2
   -0.14285714285714    0.20000000000000    0.33333333333333             2
    0.00000000000000    0.40000000000000    0.33333333333333             2
    0.14285714285714    0.40000000000000    0.33333333333333             2
    0.28571428571429    0.40000000000000    0.33333333333333             2
    0.42857142857143    0.40000000000000    0.33333333333333             2
   -0.42857142857143    0.40000000000000    0.33333333333333             2
   -0.28571428571429    0.40000000000000    0.33333333333333             2
   -0.14285714285714    0.40000000000000    0.33333333333333             2
    0.00000000000000   -0.40000000000000    0.33333333333333             2
    0.14285714285714   -0.40000000000000    0.33333333333333             2
    0.28571428571429   -0.40000000000000    0.33333333333333             2
    0.42857142857143   -0.40000000000000    0.33333333333333             2
   -0.42857142857143   -0.40000000000000    0.33333333333333             2
   -0.28571428571429   -0.40000000000000    0.33333333333333             2
   -0.14285714285714   -0.40000000000000    0.33333333333333             2
    0.00000000000000   -0.20000000000000    0.33333333333333             2
    0.14285714285714   -0.20000000000000    0.33333333333333             2
    0.28571428571429   -0.20000000000000    0.33333333333333             2
    0.42857142857143   -0.20000000000000    0.33333333333333             2
   -0.42857142857143   -0.20000000000000    0.33333333333333             2
   -0.28571428571429   -0.20000000000000    0.33333333333333             2
   -0.14285714285714   -0.20000000000000    0.33333333333333             2
Tetrahedra
       312    0.00158730158730
         2         1         5         6        27
         2         1         2         6        27
         2         1         2        20        27
         2         1         5        26        27
         2         1        19        26        27
         2         1        19        20        27
         2         2         6         7        28
         2         2         3         7        28
         2         2         3        21        28
         2         2         6        27        28
         2         2        20        27        28
         2         2        20        21        28
         2         3         7         8        29
         2         3         4         8        29
         2         3         4        22        29
         2         3         7        28        29
         2         3        21        28        29
         2         3        21        22        29
         2         4         8         9        30
         2         4         4         9        30
         2         4         4        23        30
         2         4         8        29        30
         2         4        22        29        30
         2         4        22        23        30
         2         4         9        10        31
         2         3         4        10        31
         2         3         4        24        31
         2         4         9        30        31
         2         4        23        30        31
         2         4        23        24        31
         2         3        10        11        32
         2         2         3        11        32
         2         2         3        25        32
         2         3        10        31        32
         2         3        24        31        32
         2         3        24        25        32
         2         2         5        11        26
         2         1         2         5        26
         2         1         2        19        26
         2         2        11        26        32
         2         2        25        26        32
         2         2        19        25        26
         2         5        12        13        34
         2         5         6        13        34
         2         5         6        27        34
         2         5        12        33        34
         2         5        26        33        34
         2         5        26        27        34
         2         6        13        14        35
         2         6         7        14        35
         2         6         7        28        35
         2         6        13        34        35
         2         6        27        34        35
         2         6        27        28        35
         2         7        14        15        36
         2         7         8        15        36
         2         7         8        29        36
         2         7        14        35        36
         2         7        28        35        36
         2         7        28        29        36
         2         8        15        16        37
         2         8         9        16        37
         2         8         9        30        37
         2         8        15        36        37
         2         8        29        36        37
         2         8        29        30        37
         2         9        16        17        38
         2         9        10        17        38
         2         9        10        31        38
         2         9        16        37        38
         2         9        30        37        38
         2         9        30        31        38
         2        10        17        18        39
         2        10        11        18        39
         2        10        11        32        39
         2        10        17        38        39
         2        10        31        38        39
         2        10        31        32        39
         2        11        12        18        33
         2         5        11        12        33
         2         5        11        26        33
         2        11        18        33        39
         2        11        32        33        39
         2        11        26        32        33
         2        12        12        18        41
         2        12        13        18        41
         2        12        13        34        41
         2        12        12        40        41
         2        12        33        40        41
         2        12        33        34        41
         2        13        17        18        42
         2        13        14        17        42
         2        13        14        35        42
         2        13        18        41        42
         2        13        34        41        42
         2        13        34        35        42
         2        14        16        17        43
         2        14        15        16        43
         2        14        15        36        43
         2        14        17        42        43
         2        14        35        42        43
         2        14        35        36        43
         4        15        15        16        44
         2        15        16        37        44
         2        15        16        43        44
         2        15        36        43        44
         2        15        36        37        44
         2        14        15        16        45
         2        14        16        17        45
         2        16        17        38        45
         2        15        16        44        45
         2        16        37        44        45
         2        16        37        38        45
         2        13        14        17        46
         2        13        17        18        46
         2        17        18        39        46
         2        14        17        45        46
         2        17        38        45        46
         2        17        38        39        46
         2        12        13        18        40
         2        12        12        18        40
         2        12        18        33        40
         2        13        18        40        46
         2        18        39        40        46
         2        18        33        39        40
         2         5        11        12        48
         2        11        12        18        48
         2        12        18        41        48
         2         5        12        47        48
         2        12        40        47        48
         2        12        40        41        48
         2        10        11        18        49
         2        10        17        18        49
         2        17        18        42        49
         2        11        18        48        49
         2        18        41        48        49
         2        18        41        42        49
         2         9        10        17        50
         2         9        16        17        50
         2        16        17        43        50
         2        10        17        49        50
         2        17        42        49        50
         2        17        42        43        50
         2         8         9        16        51
         2         8        15        16        51
         2        15        16        44        51
         2         9        16        50        51
         2        16        43        50        51
         2        16        43        44        51
         2         7         8        15        52
         2         7        14        15        52
         2        14        15        45        52
         2         8        15        51        52
         2        15        44        51        52
         2        15        44        45        52
         2         6         7        14        53
         2         6        13        14        53
         2        13        14        46        53
         2         7        14        52        53
         2        14        45        52        53
         2        14        45        46        53
         2         5         6        13        47
         2         5        12        13        47
         2        12        13        40        47
         2         6        13        47        53
         2        13        46        47        53
         2        13        40        46        47
         2         1         2         5        20
         2         2         5        11        20
         2         5        11        20        48
         2         1         5        19        20
         2         5        19        20        47
         2         5        20        47        48
         2         2         3        11        21
         2         3        10        11        21
         2        10        11        21        49
         2         2        11        20        21
         2        11        20        21        48
         2        11        21        48        49
         2         3         4        10        22
         2         4         9        10        22
         2         9        10        22        50
         2         3        10        21        22
         2        10        21        22        49
         2        10        22        49        50
         2         4         4         9        23
         2         4         8         9        23
         2         8         9        23        51
         2         4         9        22        23
         2         9        22        23        50
         2         9        23        50        51
         2         3         4         8        24
         2         3         7         8        24
         2         7         8        24        52
         2         4         8        23        24
         2         8        23        24        51
         2         8        24        51        52
         2         2         3         7        25
         2         2         6         7        25
         2         6         7        25        53
         2         3         7        24        25
         2         7        24        25        52
         2         7        25        52        53
         2         1         2         6        19
         2         1         5         6        19
         2         5         6        19        47
         2         2         6        19        25
         2         6        19        25        53
         2         6        19        47        53
         2        19        26        27        53
         2        19        20        27        53
         2        19        20        25        53
         2        19        26        47        53
         2        19        19        47        53
         2        19        19        25        53
         2        20        27        28        52
         2        20        21        28        52
         2        20        21        24        52
         2        20        27        52        53
         2        20        25        52        53
         2        20        24        25        52
         2        21        28        29        51
         2        21        22        29        51
         2        21        22        23        51
         2        21        28        51        52
         2        21        24        51        52
         2        21        23        24        51
         2        22        29        30        50
         2        22        23        30        50
         4        22        22        23        50
         2        22        29        50        51
         2        22        23        50        51
         2        23        30        31        49
         2        23        24        31        49
         2        21        23        24        49
         2        23        30        49        50
         2        22        23        49        50
         2        21        22        23        49
         2        24        31        32        48
         2        24        25        32        48
         2        20        24        25        48
         2        24        31        48        49
         2        21        24        48        49
         2        20        21        24        48
         2        25        26        32        47
         2        19        25        26        47
         2        19        19        25        47
         2        25        32        47        48
         2        20        25        47        48
         2        19        20        25        47
         2        26        33        34        46
         2        26        27        34        46
         2        26        27        46        53
         2        26        33        40        46
         2        26        40        46        47
         2        26        46        47        53
         2        27        34        35        45
         2        27        28        35        45
         2        27        28        45        52
         2        27        34        45        46
         2        27        45        46        53
         2        27        45        52        53
         2        28        35        36        44
         2        28        29        36        44
         2        28        29        44        51
         2        28        35        44        45
         2        28        44        45        52
         2        28        44        51        52
         2        29        36        37        43
         2        29        30        37        43
         2        29        30        43        50
         2        29        36        43        44
         2        29        43        44        51
         2        29        43        50        51
         2        30        37        38        42
         2        30        31        38        42
         2        30        31        42        49
         2        30        37        42        43
         2        30        42        43        50
         2        30        42        49        50
         2        31        38        39        41
         2        31        32        39        41
         2        31        32        41        48
         2        31        38        41        42
         2        31        41        42        49
         2        31        41        48        49
         2        32        33        39        40
         2        26        32        33        40
         2        26        32        40        47
         2        32        39        40        41
         2        32        40        41        48
         2        32        40        47        48
         2        33        39        40        41
         2        33        34        39        41
         2        33        34        39        46
         4        33        33        39        40
         2        33        39        40        46
         2        34        38        41        42
         2        34        35        38        42
         2        34        35        38        45
         2        34        38        39        41
         2        34        38        39        46
         2        34        38        45        46
         2        35        37        42        43
         2        35        36        37        43
         2        35        36        37        44
         2        35        37        38        42
         2        35        37        38        45
         2        35        37        44        45
         2        36        36        43        44
         2        36        36        37        44
         2        36        36        37        43
