Automatically generated mesh
     463
Reciprocal lattice
    0.00000000000000    0.00000000000000    0.00000000000000             1
    0.08333333333333    0.00000000000000    0.00000000000000             2
    0.16666666666667    0.00000000000000    0.00000000000000             2
    0.25000000000000    0.00000000000000    0.00000000000000             2
    0.33333333333333    0.00000000000000    0.00000000000000             2
    0.41666666666667    0.00000000000000    0.00000000000000             2
    0.50000000000000    0.00000000000000    0.00000000000000             1
    0.00000000000000    0.09090909090909    0.00000000000000             2
    0.08333333333333    0.09090909090909    0.00000000000000             2
    0.16666666666667    0.09090909090909    0.00000000000000             2
    0.25000000000000    0.09090909090909    0.00000000000000             2
    0.33333333333333    0.09090909090909    0.00000000000000             2
    0.41666666666667    0.09090909090909    0.00000000000000             2
    0.50000000000000    0.09090909090909    0.00000000000000             2
   -0.41666666666667    0.09090909090909    0.00000000000000             2
   -0.33333333333333    0.09090909090909    0.00000000000000             2
   -0.25000000000000    0.09090909090909    0.00000000000000             2
   -0.16666666666667    0.09090909090909    0.00000000000000             2
   -0.08333333333333    0.09090909090909    0.00000000000000             2
    0.00000000000000    0.18181818181818    0.00000000000000             2
    0.08333333333333    0.18181818181818    0.00000000000000             2
    0.16666666666667    0.18181818181818    0.00000000000000             2
    0.25000000000000    0.18181818181818    0.00000000000000             2
    0.33333333333333    0.18181818181818    0.00000000000000             2
    0.41666666666667    0.18181818181818    0.00000000000000             2
    0.50000000000000    0.18181818181818    0.00000000000000             2
   -0.41666666666667    0.18181818181818    0.00000000000000             2
   -0.33333333333333    0.18181818181818    0.00000000000000             2
   -0.25000000000000    0.18181818181818    0.00000000000000             2
   -0.16666666666667    0.18181818181818    0.00000000000000             2
   -0.08333333333333    0.18181818181818    0.00000000000000             2
    0.00000000000000    0.27272727272727    0.00000000000000             2
    0.08333333333333    0.27272727272727    0.00000000000000             2
    0.16666666666667    0.27272727272727    0.00000000000000             2
    0.25000000000000    0.27272727272727    0.00000000000000             2
    0.33333333333333    0.27272727272727    0.00000000000000             2
    0.41666666666667    0.27272727272727    0.00000000000000             2
    0.50000000000000    0.27272727272727    0.00000000000000             2
   -0.41666666666667    0.27272727272727    0.00000000000000             2
   -0.33333333333333    0.27272727272727    0.00000000000000             2
   -0.25000000000000    0.27272727272727    0.00000000000000             2
   -0.16666666666667    0.27272727272727    0.00000000000000             2
   -0.08333333333333    0.27272727272727    0.00000000000000             2
    0.00000000000000    0.36363636363636    0.00000000000000             2
    0.08333333333333    0.36363636363636    0.00000000000000             2
    0.16666666666667    0.36363636363636    0.00000000000000             2
    0.25000000000000    0.36363636363636    0.00000000000000             2
    0.33333333333333    0.36363636363636    0.00000000000000             2
    0.41666666666667    0.36363636363636    0.00000000000000             2
    0.50000000000000    0.36363636363636    0.00000000000000             2
   -0.41666666666667    0.36363636363636    0.00000000000000             2
   -0.33333333333333    0.36363636363636    0.00000000000000             2
   -0.25000000000000    0.36363636363636    0.00000000000000             2
   -0.16666666666667    0.36363636363636    0.00000000000000             2
   -0.08333333333333    0.36363636363636    0.00000000000000             2
    0.00000000000000    0.45454545454546    0.00000000000000             2
    0.08333333333333    0.45454545454546    0.00000000000000             2
    0.16666666666667    0.45454545454546    0.00000000000000             2
    0.25000000000000    0.45454545454546    0.00000000000000             2
    0.33333333333333    0.45454545454546    0.00000000000000             2
    0.41666666666667    0.45454545454546    0.00000000000000             2
    0.50000000000000    0.45454545454545    0.00000000000000             2
   -0.41666666666667    0.45454545454546    0.00000000000000             2
   -0.33333333333333    0.45454545454546    0.00000000000000             2
   -0.25000000000000    0.45454545454546    0.00000000000000             2
   -0.16666666666667    0.45454545454546    0.00000000000000             2
   -0.08333333333333    0.45454545454546    0.00000000000000             2
    0.00000000000000    0.00000000000000    0.14285714285714             2
    0.08333333333333    0.00000000000000    0.14285714285714             2
    0.16666666666667    0.00000000000000    0.14285714285714             2
    0.25000000000000    0.00000000000000    0.14285714285714             2
    0.33333333333333    0.00000000000000    0.14285714285714             2
    0.41666666666667    0.00000000000000    0.14285714285714             2
    0.50000000000000    0.00000000000000    0.14285714285714             2
   -0.41666666666667    0.00000000000000    0.14285714285714             2
   -0.33333333333333    0.00000000000000    0.14285714285714             2
   -0.25000000000000    0.00000000000000    0.14285714285714             2
   -0.16666666666667    0.00000000000000    0.14285714285714             2
   -0.08333333333333    0.00000000000000    0.14285714285714             2
    0.00000000000000    0.09090909090909    0.14285714285714             2
    0.08333333333333    0.09090909090909    0.14285714285714             2
    0.16666666666667    0.09090909090909    0.14285714285714             2
    0.25000000000000    0.09090909090909    0.14285714285714             2
    0.33333333333333    0.09090909090909    0.14285714285714             2
    0.41666666666667    0.09090909090909    0.14285714285714             2
    0.50000000000000    0.09090909090909    0.14285714285714             2
   -0.41666666666667    0.09090909090909    0.14285714285714             2
   -0.33333333333333    0.09090909090909    0.14285714285714             2
   -0.25000000000000    0.09090909090909    0.14285714285714             2
   -0.16666666666667    0.09090909090909    0.14285714285714             2
   -0.08333333333333    0.09090909090909    0.14285714285714             2
    0.00000000000000    0.18181818181818    0.14285714285714             2
    0.08333333333333    0.18181818181818    0.14285714285714             2
    0.16666666666667    0.18181818181818    0.14285714285714             2
    0.25000000000000    0.18181818181818    0.14285714285714             2
    0.33333333333333    0.18181818181818    0.14285714285714             2
    0.41666666666667    0.18181818181818    0.14285714285714             2
    0.50000000000000    0.18181818181818    0.14285714285714             2
   -0.41666666666667    0.18181818181818    0.14285714285714             2
   -0.33333333333333    0.18181818181818    0.14285714285714             2
   -0.25000000000000    0.18181818181818    0.14285714285714             2
   -0.16666666666667    0.18181818181818    0.14285714285714             2
   -0.08333333333333    0.18181818181818    0.14285714285714             2
    0.00000000000000    0.27272727272727    0.14285714285714             2
    0.08333333333333    0.27272727272727    0.14285714285714             2
    0.16666666666667    0.27272727272727    0.14285714285714             2
    0.25000000000000    0.27272727272727    0.14285714285714             2
    0.33333333333333    0.27272727272727    0.14285714285714             2
    0.41666666666667    0.27272727272727    0.14285714285714             2
    0.50000000000000    0.27272727272727    0.14285714285714             2
   -0.41666666666667    0.27272727272727    0.14285714285714             2
   -0.33333333333333    0.27272727272727    0.14285714285714             2
   -0.25000000000000    0.27272727272727    0.14285714285714             2
   -0.16666666666667    0.27272727272727    0.14285714285714             2
   -0.08333333333333    0.27272727272727    0.14285714285714             2
    0.00000000000000    0.36363636363636    0.14285714285714             2
    0.08333333333333    0.36363636363636    0.14285714285714             2
    0.16666666666667    0.36363636363636    0.14285714285714             2
    0.25000000000000    0.36363636363636    0.14285714285714             2
    0.33333333333333    0.36363636363636    0.14285714285714             2
    0.41666666666667    0.36363636363636    0.14285714285714             2
    0.50000000000000    0.36363636363636    0.14285714285714             2
   -0.41666666666667    0.36363636363636    0.14285714285714             2
   -0.33333333333333    0.36363636363636    0.14285714285714             2
   -0.25000000000000    0.36363636363636    0.14285714285714             2
   -0.16666666666667    0.36363636363636    0.14285714285714             2
   -0.08333333333333    0.36363636363636    0.14285714285714             2
    0.00000000000000    0.45454545454546    0.14285714285714             2
    0.08333333333333    0.45454545454546    0.14285714285714             2
    0.16666666666667    0.45454545454546    0.14285714285714             2
    0.25000000000000    0.45454545454546    0.14285714285714             2
    0.33333333333333    0.45454545454546    0.14285714285714             2
    0.41666666666667    0.45454545454546    0.14285714285714             2
    0.50000000000000    0.45454545454546    0.14285714285714             2
   -0.41666666666667    0.45454545454546    0.14285714285714             2
   -0.33333333333333    0.45454545454546    0.14285714285714             2
   -0.25000000000000    0.45454545454546    0.14285714285714             2
   -0.16666666666667    0.45454545454546    0.14285714285714             2
   -0.08333333333333    0.45454545454546    0.14285714285714             2
    0.00000000000000   -0.45454545454545    0.14285714285714             2
    0.08333333333333   -0.45454545454545    0.14285714285714             2
    0.16666666666667   -0.45454545454545    0.14285714285714             2
    0.25000000000000   -0.45454545454545    0.14285714285714             2
    0.33333333333333   -0.45454545454545    0.14285714285714             2
    0.41666666666667   -0.45454545454545    0.14285714285714             2
    0.50000000000000   -0.45454545454545    0.14285714285714             2
   -0.41666666666667   -0.45454545454545    0.14285714285714             2
   -0.33333333333333   -0.45454545454545    0.14285714285714             2
   -0.25000000000000   -0.45454545454545    0.14285714285714             2
   -0.16666666666667   -0.45454545454545    0.14285714285714             2
   -0.08333333333333   -0.45454545454545    0.14285714285714             2
    0.00000000000000   -0.36363636363636    0.14285714285714             2
    0.08333333333333   -0.36363636363636    0.14285714285714             2
    0.16666666666667   -0.36363636363636    0.14285714285714             2
    0.25000000000000   -0.36363636363636    0.14285714285714             2
    0.33333333333333   -0.36363636363636    0.14285714285714             2
    0.41666666666667   -0.36363636363636    0.14285714285714             2
    0.50000000000000   -0.36363636363636    0.14285714285714             2
   -0.41666666666667   -0.36363636363636    0.14285714285714             2
   -0.33333333333333   -0.36363636363636    0.14285714285714             2
   -0.25000000000000   -0.36363636363636    0.14285714285714             2
   -0.16666666666667   -0.36363636363636    0.14285714285714             2
   -0.08333333333333   -0.36363636363636    0.14285714285714             2
    0.00000000000000   -0.27272727272727    0.14285714285714             2
    0.08333333333333   -0.27272727272727    0.14285714285714             2
    0.16666666666667   -0.27272727272727    0.14285714285714             2
    0.25000000000000   -0.27272727272727    0.14285714285714             2
    0.33333333333333   -0.27272727272727    0.14285714285714             2
    0.41666666666667   -0.27272727272727    0.14285714285714             2
    0.50000000000000   -0.27272727272727    0.14285714285714             2
   -0.41666666666667   -0.27272727272727    0.14285714285714             2
   -0.33333333333333   -0.27272727272727    0.14285714285714             2
   -0.25000000000000   -0.27272727272727    0.14285714285714             2
   -0.16666666666667   -0.27272727272727    0.14285714285714             2
   -0.08333333333333   -0.27272727272727    0.14285714285714             2
    0.00000000000000   -0.18181818181818    0.14285714285714             2
    0.08333333333333   -0.18181818181818    0.14285714285714             2
    0.16666666666667   -0.18181818181818    0.14285714285714             2
    0.25000000000000   -0.18181818181818    0.14285714285714             2
    0.33333333333333   -0.18181818181818    0.14285714285714             2
    0.41666666666667   -0.18181818181818    0.14285714285714             2
    0.50000000000000   -0.18181818181818    0.14285714285714             2
   -0.41666666666667   -0.18181818181818    0.14285714285714             2
   -0.33333333333333   -0.18181818181818    0.14285714285714             2
   -0.25000000000000   -0.18181818181818    0.14285714285714             2
   -0.16666666666667   -0.18181818181818    0.14285714285714             2
   -0.08333333333333   -0.18181818181818    0.14285714285714             2
    0.00000000000000   -0.09090909090909    0.14285714285714             2
    0.08333333333333   -0.09090909090909    0.14285714285714             2
    0.16666666666667   -0.09090909090909    0.14285714285714             2
    0.25000000000000   -0.09090909090909    0.14285714285714             2
    0.33333333333333   -0.09090909090909    0.14285714285714             2
    0.41666666666667   -0.09090909090909    0.14285714285714             2
    0.50000000000000   -0.09090909090909    0.14285714285714             2
   -0.41666666666667   -0.09090909090909    0.14285714285714             2
   -0.33333333333333   -0.09090909090909    0.14285714285714             2
   -0.25000000000000   -0.09090909090909    0.14285714285714             2
   -0.16666666666667   -0.09090909090909    0.14285714285714             2
   -0.08333333333333   -0.09090909090909    0.14285714285714             2
    0.00000000000000    0.00000000000000    0.28571428571429             2
    0.08333333333333    0.00000000000000    0.28571428571429             2
    0.16666666666667    0.00000000000000    0.28571428571429             2
    0.25000000000000    0.00000000000000    0.28571428571429             2
    0.33333333333333    0.00000000000000    0.28571428571429             2
    0.41666666666667    0.00000000000000    0.28571428571429             2
    0.50000000000000    0.00000000000000    0.28571428571429             2
   -0.41666666666667    0.00000000000000    0.28571428571429             2
   -0.33333333333333    0.00000000000000    0.28571428571429             2
   -0.25000000000000    0.00000000000000    0.28571428571429             2
   -0.16666666666667    0.00000000000000    0.28571428571429             2
   -0.08333333333333    0.00000000000000    0.28571428571429             2
    0.00000000000000    0.09090909090909    0.28571428571429             2
    0.08333333333333    0.09090909090909    0.28571428571429             2
    0.16666666666667    0.09090909090909    0.28571428571429             2
    0.25000000000000    0.09090909090909    0.28571428571429             2
    0.33333333333333    0.09090909090909    0.28571428571429             2
    0.41666666666667    0.09090909090909    0.28571428571429             2
    0.50000000000000    0.09090909090909    0.28571428571429             2
   -0.41666666666667    0.09090909090909    0.28571428571429             2
   -0.33333333333333    0.09090909090909    0.28571428571429             2
   -0.25000000000000    0.09090909090909    0.28571428571429             2
   -0.16666666666667    0.09090909090909    0.28571428571429             2
   -0.08333333333333    0.09090909090909    0.28571428571429             2
    0.00000000000000    0.18181818181818    0.28571428571429             2
    0.08333333333333    0.18181818181818    0.28571428571429             2
    0.16666666666667    0.18181818181818    0.28571428571429             2
    0.25000000000000    0.18181818181818    0.28571428571429             2
    0.33333333333333    0.18181818181818    0.28571428571429             2
    0.41666666666667    0.18181818181818    0.28571428571429             2
    0.50000000000000    0.18181818181818    0.28571428571429             2
   -0.41666666666667    0.18181818181818    0.28571428571429             2
   -0.33333333333333    0.18181818181818    0.28571428571429             2
   -0.25000000000000    0.18181818181818    0.28571428571429             2
   -0.16666666666667    0.18181818181818    0.28571428571429             2
   -0.08333333333333    0.18181818181818    0.28571428571429             2
    0.00000000000000    0.27272727272727    0.28571428571429             2
    0.08333333333333    0.27272727272727    0.28571428571429             2
    0.16666666666667    0.27272727272727    0.28571428571429             2
    0.25000000000000    0.27272727272727    0.28571428571429             2
    0.33333333333333    0.27272727272727    0.28571428571429             2
    0.41666666666667    0.27272727272727    0.28571428571429             2
    0.50000000000000    0.27272727272727    0.28571428571429             2
   -0.41666666666667    0.27272727272727    0.28571428571429             2
   -0.33333333333333    0.27272727272727    0.28571428571429             2
   -0.25000000000000    0.27272727272727    0.28571428571429             2
   -0.16666666666667    0.27272727272727    0.28571428571429             2
   -0.08333333333333    0.27272727272727    0.28571428571429             2
    0.00000000000000    0.36363636363636    0.28571428571429             2
    0.08333333333333    0.36363636363636    0.28571428571429             2
    0.16666666666667    0.36363636363636    0.28571428571429             2
    0.25000000000000    0.36363636363636    0.28571428571429             2
    0.33333333333333    0.36363636363636    0.28571428571429             2
    0.41666666666667    0.36363636363636    0.28571428571429             2
    0.50000000000000    0.36363636363636    0.28571428571429             2
   -0.41666666666667    0.36363636363636    0.28571428571429             2
   -0.33333333333333    0.36363636363636    0.28571428571429             2
   -0.25000000000000    0.36363636363636    0.28571428571429             2
   -0.16666666666667    0.36363636363636    0.28571428571429             2
   -0.08333333333333    0.36363636363636    0.28571428571429             2
    0.00000000000000    0.45454545454546    0.28571428571429             2
    0.08333333333333    0.45454545454546    0.28571428571429             2
    0.16666666666667    0.45454545454546    0.28571428571429             2
    0.25000000000000    0.45454545454546    0.28571428571429             2
    0.33333333333333    0.45454545454546    0.28571428571429             2
    0.41666666666667    0.45454545454546    0.28571428571429             2
    0.50000000000000    0.45454545454546    0.28571428571429             2
   -0.41666666666667    0.45454545454545    0.28571428571429             2
   -0.33333333333333    0.45454545454546    0.28571428571429             2
   -0.25000000000000    0.45454545454546    0.28571428571429             2
   -0.16666666666667    0.45454545454545    0.28571428571429             2
   -0.08333333333333    0.45454545454545    0.28571428571429             2
    0.00000000000000   -0.45454545454545    0.28571428571429             2
    0.08333333333333   -0.45454545454545    0.28571428571429             2
    0.16666666666667   -0.45454545454545    0.28571428571429             2
    0.25000000000000   -0.45454545454545    0.28571428571429             2
    0.33333333333333   -0.45454545454545    0.28571428571429             2
    0.41666666666667   -0.45454545454545    0.28571428571429             2
    0.50000000000000   -0.45454545454545    0.28571428571429             2
   -0.41666666666667   -0.45454545454545    0.28571428571429             2
   -0.33333333333333   -0.45454545454545    0.28571428571429             2
   -0.25000000000000   -0.45454545454545    0.28571428571429             2
   -0.16666666666667   -0.45454545454545    0.28571428571429             2
   -0.08333333333333   -0.45454545454545    0.28571428571429             2
    0.00000000000000   -0.36363636363636    0.28571428571429             2
    0.08333333333333   -0.36363636363636    0.28571428571429             2
    0.16666666666667   -0.36363636363636    0.28571428571429             2
    0.25000000000000   -0.36363636363636    0.28571428571429             2
    0.33333333333333   -0.36363636363636    0.28571428571429             2
    0.41666666666667   -0.36363636363636    0.28571428571429             2
    0.50000000000000   -0.36363636363636    0.28571428571429             2
   -0.41666666666667   -0.36363636363636    0.28571428571429             2
   -0.33333333333333   -0.36363636363636    0.28571428571429             2
   -0.25000000000000   -0.36363636363636    0.28571428571429             2
   -0.16666666666667   -0.36363636363636    0.28571428571429             2
   -0.08333333333333   -0.36363636363636    0.28571428571429             2
    0.00000000000000   -0.27272727272727    0.28571428571429             2
    0.08333333333333   -0.27272727272727    0.28571428571429             2
    0.16666666666667   -0.27272727272727    0.28571428571429             2
    0.25000000000000   -0.27272727272727    0.28571428571429             2
    0.33333333333333   -0.27272727272727    0.28571428571429             2
    0.41666666666667   -0.27272727272727    0.28571428571429             2
    0.50000000000000   -0.27272727272727    0.28571428571429             2
   -0.41666666666667   -0.27272727272727    0.28571428571429             2
   -0.33333333333333   -0.27272727272727    0.28571428571429             2
   -0.25000000000000   -0.27272727272727    0.28571428571429             2
   -0.16666666666667   -0.27272727272727    0.28571428571429             2
   -0.08333333333333   -0.27272727272727    0.28571428571429             2
    0.00000000000000   -0.18181818181818    0.28571428571429             2
    0.08333333333333   -0.18181818181818    0.28571428571429             2
    0.16666666666667   -0.18181818181818    0.28571428571429             2
    0.25000000000000   -0.18181818181818    0.28571428571429             2
    0.33333333333333   -0.18181818181818    0.28571428571429             2
    0.41666666666667   -0.18181818181818    0.28571428571429             2
    0.50000000000000   -0.18181818181818    0.28571428571429             2
   -0.41666666666667   -0.18181818181818    0.28571428571429             2
   -0.33333333333333   -0.18181818181818    0.28571428571429             2
   -0.25000000000000   -0.18181818181818    0.28571428571429             2
   -0.16666666666667   -0.18181818181818    0.28571428571429             2
   -0.08333333333333   -0.18181818181818    0.28571428571429             2
    0.00000000000000   -0.09090909090909    0.28571428571429             2
    0.08333333333333   -0.09090909090909    0.28571428571429             2
    0.16666666666667   -0.09090909090909    0.28571428571429             2
    0.25000000000000   -0.09090909090909    0.28571428571429             2
    0.33333333333333   -0.09090909090909    0.28571428571429             2
    0.41666666666667   -0.09090909090909    0.28571428571429             2
    0.50000000000000   -0.09090909090909    0.28571428571429             2
   -0.41666666666667   -0.09090909090909    0.28571428571429             2
   -0.33333333333333   -0.09090909090909    0.28571428571429             2
   -0.25000000000000   -0.09090909090909    0.28571428571429             2
   -0.16666666666667   -0.09090909090909    0.28571428571429             2
   -0.08333333333333   -0.09090909090909    0.28571428571429             2
    0.00000000000000    0.00000000000000    0.42857142857143             2
    0.08333333333333    0.00000000000000    0.42857142857143             2
    0.16666666666667    0.00000000000000    0.42857142857143             2
    0.25000000000000    0.00000000000000    0.42857142857143             2
    0.33333333333333    0.00000000000000    0.42857142857143             2
    0.41666666666667    0.00000000000000    0.42857142857143             2
    0.50000000000000    0.00000000000000    0.42857142857143             2
   -0.41666666666667    0.00000000000000    0.42857142857143             2
   -0.33333333333333    0.00000000000000    0.42857142857143             2
   -0.25000000000000    0.00000000000000    0.42857142857143             2
   -0.16666666666667    0.00000000000000    0.42857142857143             2
   -0.08333333333333    0.00000000000000    0.42857142857143             2
    0.00000000000000    0.09090909090909    0.42857142857143             2
    0.08333333333333    0.09090909090909    0.42857142857143             2
    0.16666666666667    0.09090909090909    0.42857142857143             2
    0.25000000000000    0.09090909090909    0.42857142857143             2
    0.33333333333333    0.09090909090909    0.42857142857143             2
    0.41666666666667    0.09090909090909    0.42857142857143             2
    0.50000000000000    0.09090909090909    0.42857142857143             2
   -0.41666666666667    0.09090909090909    0.42857142857143             2
   -0.33333333333333    0.09090909090909    0.42857142857143             2
   -0.25000000000000    0.09090909090909    0.42857142857143             2
   -0.16666666666667    0.09090909090909    0.42857142857143             2
   -0.08333333333333    0.09090909090909    0.42857142857143             2
    0.00000000000000    0.18181818181818    0.42857142857143             2
    0.08333333333333    0.18181818181818    0.42857142857143             2
    0.16666666666667    0.18181818181818    0.42857142857143             2
    0.25000000000000    0.18181818181818    0.42857142857143             2
    0.33333333333333    0.18181818181818    0.42857142857143             2
    0.41666666666667    0.18181818181818    0.42857142857143             2
    0.50000000000000    0.18181818181818    0.42857142857143             2
   -0.41666666666667    0.18181818181818    0.42857142857143             2
   -0.33333333333333    0.18181818181818    0.42857142857143             2
   -0.25000000000000    0.18181818181818    0.42857142857143             2
   -0.16666666666667    0.18181818181818    0.42857142857143             2
   -0.08333333333333    0.18181818181818    0.42857142857143             2
    0.00000000000000    0.27272727272727    0.42857142857143             2
    0.08333333333333    0.27272727272727    0.42857142857143             2
    0.16666666666667    0.27272727272727    0.42857142857143             2
    0.25000000000000    0.27272727272727    0.42857142857143             2
    0.33333333333333    0.27272727272727    0.42857142857143             2
    0.41666666666667    0.27272727272727    0.42857142857143             2
    0.50000000000000    0.27272727272727    0.42857142857143             2
   -0.41666666666667    0.27272727272727    0.42857142857143             2
   -0.33333333333333    0.27272727272727    0.42857142857143             2
   -0.25000000000000    0.27272727272727    0.42857142857143             2
   -0.16666666666667    0.27272727272727    0.42857142857143             2
   -0.08333333333333    0.27272727272727    0.42857142857143             2
    0.00000000000000    0.36363636363636    0.42857142857143             2
    0.08333333333333    0.36363636363636    0.42857142857143             2
    0.16666666666667    0.36363636363636    0.42857142857143             2
    0.25000000000000    0.36363636363636    0.42857142857143             2
    0.33333333333333    0.36363636363636    0.42857142857143             2
    0.41666666666667    0.36363636363636    0.42857142857143             2
    0.50000000000000    0.36363636363636    0.42857142857143             2
   -0.41666666666667    0.36363636363636    0.42857142857143             2
   -0.33333333333333    0.36363636363636    0.42857142857143             2
   -0.25000000000000    0.36363636363636    0.42857142857143             2
   -0.16666666666667    0.36363636363636    0.42857142857143             2
   -0.08333333333333    0.36363636363636    0.42857142857143             2
    0.00000000000000    0.45454545454546    0.42857142857143             2
    0.08333333333333    0.45454545454546    0.42857142857143             2
    0.16666666666667    0.45454545454546    0.42857142857143             2
    0.25000000000000    0.45454545454546    0.42857142857143             2
    0.33333333333333    0.45454545454546    0.42857142857143             2
    0.41666666666667    0.45454545454546    0.42857142857143             2
    0.50000000000000    0.45454545454546    0.42857142857143             2
   -0.41666666666667    0.45454545454546    0.42857142857143             2
   -0.33333333333333    0.45454545454546    0.42857142857143             2
   -0.25000000000000    0.45454545454546    0.42857142857143             2
   -0.16666666666667    0.45454545454545    0.42857142857143             2
   -0.08333333333333    0.45454545454546    0.42857142857143             2
    0.00000000000000   -0.45454545454545    0.42857142857143             2
    0.08333333333333   -0.45454545454545    0.42857142857143             2
    0.16666666666667   -0.45454545454545    0.42857142857143             2
    0.25000000000000   -0.45454545454545    0.42857142857143             2
    0.33333333333333   -0.45454545454545    0.42857142857143             2
    0.41666666666667   -0.45454545454545    0.42857142857143             2
    0.50000000000000   -0.45454545454545    0.42857142857143             2
   -0.41666666666667   -0.45454545454545    0.42857142857143             2
   -0.33333333333333   -0.45454545454545    0.42857142857143             2
   -0.25000000000000   -0.45454545454545    0.42857142857143             2
   -0.16666666666667   -0.45454545454545    0.42857142857143             2
   -0.08333333333333   -0.45454545454545    0.42857142857143             2
    0.00000000000000   -0.36363636363636    0.42857142857143             2
    0.08333333333333   -0.36363636363636    0.42857142857143             2
    0.16666666666667   -0.36363636363636    0.42857142857143             2
    0.25000000000000   -0.36363636363636    0.42857142857143             2
    0.33333333333333   -0.36363636363636    0.42857142857143             2
    0.41666666666667   -0.36363636363636    0.42857142857143             2
    0.50000000000000   -0.36363636363636    0.42857142857143             2
   -0.41666666666667   -0.36363636363636    0.42857142857143             2
   -0.33333333333333   -0.36363636363636    0.42857142857143             2
   -0.25000000000000   -0.36363636363636    0.42857142857143             2
   -0.16666666666667   -0.36363636363636    0.42857142857143             2
   -0.08333333333333   -0.36363636363636    0.42857142857143             2
    0.00000000000000   -0.27272727272727    0.42857142857143             2
    0.08333333333333   -0.27272727272727    0.42857142857143             2
    0.16666666666667   -0.27272727272727    0.42857142857143             2
    0.25000000000000   -0.27272727272727    0.42857142857143             2
    0.33333333333333   -0.27272727272727    0.42857142857143             2
    0.41666666666667   -0.27272727272727    0.42857142857143             2
    0.50000000000000   -0.27272727272727    0.42857142857143             2
   -0.41666666666667   -0.27272727272727    0.42857142857143             2
   -0.33333333333333   -0.27272727272727    0.42857142857143             2
   -0.25000000000000   -0.27272727272727    0.42857142857143             2
   -0.16666666666667   -0.27272727272727    0.42857142857143             2
   -0.08333333333333   -0.27272727272727    0.42857142857143             2
    0.00000000000000   -0.18181818181818    0.42857142857143             2
    0.08333333333333   -0.18181818181818    0.42857142857143             2
    0.16666666666667   -0.18181818181818    0.42857142857143             2
    0.25000000000000   -0.18181818181818    0.42857142857143             2
    0.33333333333333   -0.18181818181818    0.42857142857143             2
    0.41666666666667   -0.18181818181818    0.42857142857143             2
    0.50000000000000   -0.18181818181818    0.42857142857143             2
   -0.41666666666667   -0.18181818181818    0.42857142857143             2
   -0.33333333333333   -0.18181818181818    0.42857142857143             2
   -0.25000000000000   -0.18181818181818    0.42857142857143             2
   -0.16666666666667   -0.18181818181818    0.42857142857143             2
   -0.08333333333333   -0.18181818181818    0.42857142857143             2
    0.00000000000000   -0.09090909090909    0.42857142857143             2
    0.08333333333333   -0.09090909090909    0.42857142857143             2
    0.16666666666667   -0.09090909090909    0.42857142857143             2
    0.25000000000000   -0.09090909090909    0.42857142857143             2
    0.33333333333333   -0.09090909090909    0.42857142857143             2
    0.41666666666667   -0.09090909090909    0.42857142857143             2
    0.50000000000000   -0.09090909090909    0.42857142857143             2
   -0.41666666666667   -0.09090909090909    0.42857142857143             2
   -0.33333333333333   -0.09090909090909    0.42857142857143             2
   -0.25000000000000   -0.09090909090909    0.42857142857143             2
   -0.16666666666667   -0.09090909090909    0.42857142857143             2
   -0.08333333333333   -0.09090909090909    0.42857142857143             2
