Automatically generated mesh
      51
Reciprocal lattice
    0.00000000000000    0.00000000000000    0.00000000000000             1
    0.25000000000000    0.00000000000000    0.00000000000000             2
    0.50000000000000    0.00000000000000    0.00000000000000             1
    0.00000000000000    0.20000000000000    0.00000000000000             2
    0.25000000000000    0.20000000000000    0.00000000000000             2
    0.50000000000000    0.20000000000000    0.00000000000000             2
   -0.25000000000000    0.20000000000000    0.00000000000000             2
    0.00000000000000    0.40000000000000    0.00000000000000             2
    0.25000000000000    0.40000000000000    0.00000000000000             2
    0.50000000000000    0.40000000000000    0.00000000000000             2
   -0.25000000000000    0.40000000000000    0.00000000000000             2
    0.00000000000000    0.00000000000000    0.20000000000000             2
    0.25000000000000    0.00000000000000    0.20000000000000             2
    0.50000000000000    0.00000000000000    0.20000000000000             2
   -0.25000000000000    0.00000000000000    0.20000000000000             2
    0.00000000000000    0.20000000000000    0.20000000000000             2
    0.25000000000000    0.20000000000000    0.20000000000000             2
    0.50000000000000    0.20000000000000    0.20000000000000             2
   -0.25000000000000    0.20000000000000    0.20000000000000             2
    0.00000000000000    0.40000000000000    0.20000000000000             2
    0.25000000000000    0.40000000000000    0.20000000000000             2
    0.50000000000000    0.40000000000000    0.20000000000000             2
   -0.25000000000000    0.40000000000000    0.20000000000000             2
    0.00000000000000   -0.40000000000000    0.20000000000000             2
    0.25000000000000   -0.40000000000000    0.20000000000000             2
    0.50000000000000   -0.40000000000000    0.20000000000000             2
   -0.25000000000000   -0.40000000000000    0.20000000000000             2
    0.00000000000000   -0.20000000000000    0.20000000000000             2
    0.25000000000000   -0.20000000000000    0.20000000000000             2
    0.50000000000000   -0.20000000000000    0.20000000000000             2
   -0.25000000000000   -0.20000000000000    0.20000000000000             2
    0.00000000000000    0.00000000000000    0.40000000000000             2
    0.25000000000000    0.00000000000000    0.40000000000000             2
    0.50000000000000    0.00000000000000    0.40000000000000             2
   -0.25000000000000    0.00000000000000    0.40000000000000             2
    0.00000000000000    0.20000000000000    0.40000000000000             2
    0.25000000000000    0.20000000000000    0.40000000000000             2
    0.50000000000000    0.20000000000000    0.40000000000000             2
   -0.25000000000000    0.20000000000000    0.40000000000000             2
    0.00000000000000    0.40000000000000    0.40000000000000             2
    0.25000000000000    0.40000000000000    0.40000000000000             2
    0.50000000000000    0.40000000000000    0.40000000000000             2
   -0.25000000000000    0.40000000000000    0.40000000000000             2
    0.00000000000000   -0.40000000000000    0.40000000000000             2
    0.25000000000000   -0.40000000000000    0.40000000000000             2
    0.50000000000000   -0.40000000000000    0.40000000000000             2
   -0.25000000000000   -0.40000000000000    0.40000000000000             2
    0.00000000000000   -0.20000000000000    0.40000000000000             2
    0.25000000000000   -0.20000000000000    0.40000000000000             2
    0.50000000000000   -0.20000000000000    0.40000000000000             2
   -0.25000000000000   -0.20000000000000    0.40000000000000             2
Tetrahedra
       298    0.00166666666667
         2         1         4         5        17
         2         1         2         5        17
         2         1         2        13        17
         2         1         4        16        17
         2         1        12        16        17
         2         1        12        13        17
         2         2         5         6        18
         2         2         3         6        18
         2         2         3        14        18
         2         2         5        17        18
         2         2        13        17        18
         2         2        13        14        18
         2         3         6         7        19
         2         2         3         7        19
         2         2         3        15        19
         2         3         6        18        19
         2         3        14        18        19
         2         3        14        15        19
         2         2         4         7        16
         2         1         2         4        16
         2         1         2        12        16
         2         2         7        16        19
         2         2        15        16        19
         2         2        12        15        16
         2         4         8         9        21
         2         4         5         9        21
         2         4         5        17        21
         2         4         8        20        21
         2         4        16        20        21
         2         4        16        17        21
         2         5         9        10        22
         2         5         6        10        22
         2         5         6        18        22
         2         5         9        21        22
         2         5        17        21        22
         2         5        17        18        22
         2         6        10        11        23
         2         6         7        11        23
         2         6         7        19        23
         2         6        10        22        23
         2         6        18        22        23
         2         6        18        19        23
         2         7         8        11        20
         2         4         7         8        20
         2         4         7        16        20
         2         7        11        20        23
         2         7        19        20        23
         2         7        16        19        20
         2         8         8        11        25
         2         8         9        11        25
         2         8         9        21        25
         2         8         8        24        25
         2         8        20        24        25
         2         8        20        21        25
         2         9        10        11        26
         2         9        10        10        26
         2         9        10        22        26
         2         9        11        25        26
         2         9        21        25        26
         2         9        21        22        26
         2         9        10        10        27
         2         9        10        11        27
         2        10        11        23        27
         2        10        10        26        27
         2        10        22        26        27
         2        10        22        23        27
         2         8         9        11        24
         2         8         8        11        24
         2         8        11        20        24
         2         9        11        24        27
         2        11        23        24        27
         2        11        20        23        24
         2         4         7         8        29
         2         7         8        11        29
         2         8        11        25        29
         2         4         8        28        29
         2         8        24        28        29
         2         8        24        25        29
         2         6         7        11        30
         2         6        10        11        30
         2        10        11        26        30
         2         7        11        29        30
         2        11        25        29        30
         2        11        25        26        30
         2         5         6        10        31
         2         5         9        10        31
         2         9        10        27        31
         2         6        10        30        31
         2        10        26        30        31
         2        10        26        27        31
         2         4         5         9        28
         2         4         8         9        28
         2         8         9        24        28
         2         5         9        28        31
         2         9        27        28        31
         2         9        24        27        28
         2         1         2         4        13
         2         2         4         7        13
         2         4         7        13        29
         2         1         4        12        13
         2         4        12        13        28
         2         4        13        28        29
         2         2         3         7        14
         2         3         6         7        14
         2         6         7        14        30
         2         2         7        13        14
         2         7        13        14        29
         2         7        14        29        30
         2         2         3         6        15
         2         2         5         6        15
         2         5         6        15        31
         2         3         6        14        15
         2         6        14        15        30
         2         6        15        30        31
         2         1         2         5        12
         2         1         4         5        12
         2         4         5        12        28
         2         2         5        12        15
         2         5        12        15        31
         2         5        12        28        31
         2        12        16        17        37
         2        12        13        17        37
         2        12        13        33        37
         2        12        16        36        37
         2        12        32        36        37
         2        12        32        33        37
         2        13        17        18        38
         2        13        14        18        38
         2        13        14        34        38
         2        13        17        37        38
         2        13        33        37        38
         2        13        33        34        38
         2        14        18        19        39
         2        14        15        19        39
         2        14        15        35        39
         2        14        18        38        39
         2        14        34        38        39
         2        14        34        35        39
         2        15        16        19        36
         2        12        15        16        36
         2        12        15        32        36
         2        15        19        36        39
         2        15        35        36        39
         2        15        32        35        36
         2        16        20        21        41
         2        16        17        21        41
         2        16        17        37        41
         2        16        20        40        41
         2        16        36        40        41
         2        16        36        37        41
         2        17        21        22        42
         2        17        18        22        42
         2        17        18        38        42
         2        17        21        41        42
         2        17        37        41        42
         2        17        37        38        42
         2        18        22        23        43
         2        18        19        23        43
         2        18        19        39        43
         2        18        22        42        43
         2        18        38        42        43
         2        18        38        39        43
         2        19        20        23        40
         2        16        19        20        40
         2        16        19        36        40
         2        19        23        40        43
         2        19        39        40        43
         2        19        36        39        40
         2        20        24        25        45
         2        20        21        25        45
         2        20        21        41        45
         2        20        24        44        45
         2        20        40        44        45
         2        20        40        41        45
         2        21        25        26        46
         2        21        22        26        46
         2        21        22        42        46
         2        21        25        45        46
         2        21        41        45        46
         2        21        41        42        46
         2        22        26        27        47
         2        22        23        27        47
         2        22        23        43        47
         2        22        26        46        47
         2        22        42        46        47
         2        22        42        43        47
         2        23        24        27        44
         2        20        23        24        44
         2        20        23        40        44
         2        23        27        44        47
         2        23        43        44        47
         2        23        40        43        44
         2        24        28        29        49
         2        24        25        29        49
         2        24        25        45        49
         2        24        28        48        49
         2        24        44        48        49
         2        24        44        45        49
         2        25        29        30        50
         2        25        26        30        50
         2        25        26        46        50
         2        25        29        49        50
         2        25        45        49        50
         2        25        45        46        50
         2        26        30        31        51
         2        26        27        31        51
         2        26        27        47        51
         2        26        30        50        51
         2        26        46        50        51
         2        26        46        47        51
         2        27        28        31        48
         2        24        27        28        48
         2        24        27        44        48
         2        27        31        48        51
         2        27        47        48        51
         2        27        44        47        48
         2        12        13        28        33
         2        13        28        29        33
         2        28        29        33        49
         2        12        28        32        33
         2        28        32        33        48
         2        28        33        48        49
         2        13        14        29        34
         2        14        29        30        34
         2        29        30        34        50
         2        13        29        33        34
         2        29        33        34        49
         2        29        34        49        50
         2        14        15        30        35
         2        15        30        31        35
         2        30        31        35        51
         2        14        30        34        35
         2        30        34        35        50
         2        30        35        50        51
         2        12        15        31        32
         2        12        28        31        32
         2        28        31        32        48
         2        15        31        32        35
         2        31        32        35        51
         2        31        32        48        51
         2        32        36        37        51
         2        32        33        37        51
         2        32        33        35        51
         2        32        36        48        51
         2        32        32        48        51
         2        32        32        35        51
         2        33        37        38        50
         2        33        34        38        50
         2        33        34        34        50
         2        33        37        50        51
         2        33        35        50        51
         2        33        34        35        50
         2        34        38        39        49
         2        34        35        39        49
         2        33        34        35        49
         2        34        38        49        50
         2        34        34        49        50
         2        33        34        34        49
         2        35        36        39        48
         2        32        35        36        48
         2        32        32        35        48
         2        35        39        48        49
         2        33        35        48        49
         2        32        33        35        48
         2        36        40        41        47
         2        36        37        41        47
         2        36        37        47        51
         2        36        40        44        47
         2        36        44        47        48
         2        36        47        48        51
         2        37        41        42        46
         2        37        38        42        46
         2        37        38        46        50
         2        37        41        46        47
         2        37        46        47        51
         2        37        46        50        51
         2        38        42        43        45
         2        38        39        43        45
         2        38        39        45        49
         2        38        42        45        46
         2        38        45        46        50
         2        38        45        49        50
         2        39        40        43        44
         2        36        39        40        44
         2        36        39        44        48
         2        39        43        44        45
         2        39        44        45        49
         2        39        44        48        49
         2        40        43        44        45
         2        40        41        43        45
         2        40        41        43        47
         4        40        40        43        44
         2        40        43        44        47
         2        41        42        45        46
         4        41        42        42        46
         2        41        42        43        45
         2        41        42        43        47
         2        41        42        46        47
