Automatically generated mesh
      28
Reciprocal lattice
    0.00000000000000    0.00000000000000    0.00000000000000             1
    0.16666666666667    0.00000000000000    0.00000000000000             2
    0.33333333333333    0.00000000000000    0.00000000000000             2
    0.50000000000000    0.00000000000000    0.00000000000000             1
    0.00000000000000    0.33333333333333    0.00000000000000             2
    0.16666666666667    0.33333333333333    0.00000000000000             2
    0.33333333333333    0.33333333333333    0.00000000000000             2
    0.50000000000000    0.33333333333333    0.00000000000000             2
   -0.33333333333333    0.33333333333333    0.00000000000000             2
   -0.16666666666667    0.33333333333334    0.00000000000000             2
    0.00000000000000    0.00000000000000    0.33333333333333             2
    0.16666666666667    0.00000000000000    0.33333333333333             2
    0.33333333333333    0.00000000000000    0.33333333333333             2
    0.50000000000000    0.00000000000000    0.33333333333333             2
   -0.33333333333333    0.00000000000000    0.33333333333333             2
   -0.16666666666667    0.00000000000000    0.33333333333333             2
    0.00000000000000    0.33333333333333    0.33333333333333             2
    0.16666666666667    0.33333333333333    0.33333333333333             2
    0.33333333333333    0.33333333333333    0.33333333333333             2
    0.50000000000000    0.33333333333333    0.33333333333333             2
   -0.33333333333333    0.33333333333333    0.33333333333333             2
   -0.16666666666667    0.33333333333333    0.33333333333333             2
    0.00000000000000   -0.33333333333333    0.33333333333333             2
    0.16666666666667   -0.33333333333333    0.33333333333333             2
    0.33333333333333   -0.33333333333333    0.33333333333333             2
    0.50000000000000   -0.33333333333333    0.33333333333333             2
   -0.33333333333333   -0.33333333333333    0.33333333333333             2
   -0.16666666666667   -0.33333333333333    0.33333333333333             2
Tetrahedra
       160    0.00308641975309
         2         2         5         6        17
         2         1         2         5        17
         2         1         2        11        17
         2         2         6        17        18
         2         2        12        17        18
         2         2        11        12        17
         2         3         6         7        18
         2         2         3         6        18
         2         2         3        12        18
         2         3         7        18        19
         2         3        13        18        19
         2         3        12        13        18
         2         4         7         8        19
         2         3         4         7        19
         2         3         4        13        19
         2         4         8        19        20
         2         4        14        19        20
         2         4        13        14        19
         2         3         8         9        20
         2         3         4         8        20
         2         3         4        14        20
         2         3         9        20        21
         2         3        15        20        21
         2         3        14        15        20
         2         2         9        10        21
         2         2         3         9        21
         2         2         3        15        21
         2         2        10        21        22
         2         2        16        21        22
         2         2        15        16        21
         2         1         5        10        22
         2         1         2        10        22
         2         1         2        16        22
         2         1         5        17        22
         2         1        11        17        22
         2         1        11        16        22
         2         5         6        10        23
         2         5         5         6        23
         2         5         6        17        23
         2         6        10        23        24
         2         6        18        23        24
         2         6        17        18        23
         2         7         9        10        24
         2         6         7        10        24
         2         6         7        18        24
         2         7         9        24        25
         2         7        19        24        25
         2         7        18        19        24
         2         8         8         9        25
         2         7         8         9        25
         2         7         8        19        25
         2         8         8        25        26
         2         8        20        25        26
         2         8        19        20        25
         2         7         8         9        26
         2         8         8         9        26
         2         8         9        20        26
         2         7         9        26        27
         2         9        21        26        27
         2         9        20        21        26
         2         6         7        10        27
         2         7         9        10        27
         2         9        10        21        27
         2         6        10        27        28
         2        10        22        27        28
         2        10        21        22        27
         2         5         5         6        28
         2         5         6        10        28
         2         5        10        22        28
         2         5         5        23        28
         2         5        17        23        28
         2         5        17        22        28
         2         1         2        10        11
         2         1         5        10        11
         2         5        10        11        23
         2         2        10        11        12
         2        10        11        12        24
         2        10        11        23        24
         2         2         3         9        12
         2         2         9        10        12
         2         9        10        12        24
         2         3         9        12        13
         2         9        12        13        25
         2         9        12        24        25
         2         3         4         8        13
         2         3         8         9        13
         2         8         9        13        25
         2         4         8        13        14
         2         8        13        14        26
         2         8        13        25        26
         2         3         4         7        14
         2         4         7         8        14
         2         7         8        14        26
         2         3         7        14        15
         2         7        14        15        27
         2         7        14        26        27
         2         2         3         6        15
         2         3         6         7        15
         2         6         7        15        27
         2         2         6        15        16
         2         6        15        16        28
         2         6        15        27        28
         2         1         2         5        16
         2         2         5         6        16
         2         5         6        16        28
         2         1         5        11        16
         2         5        11        16        23
         2         5        16        23        28
         2        12        17        18        23
         2        11        12        17        23
         2        11        11        12        23
         2        12        18        23        28
         2        12        16        23        28
         2        11        12        16        23
         2        13        18        19        28
         2        12        13        18        28
         2        12        13        16        28
         2        13        19        27        28
         2        13        15        27        28
         2        13        15        16        28
         2        14        19        20        27
         2        13        14        19        27
         2        13        14        15        27
         2        14        20        26        27
         2        14        14        26        27
         2        14        14        15        27
         2        15        20        21        26
         2        14        15        20        26
         2        14        14        15        26
         2        15        21        25        26
         2        13        15        25        26
         2        13        14        15        26
         2        16        21        22        25
         2        15        16        21        25
         2        13        15        16        25
         2        16        22        24        25
         2        12        16        24        25
         2        12        13        16        25
         2        11        17        22        24
         2        11        16        22        24
         2        11        12        16        24
         2        11        17        23        24
         2        11        11        23        24
         2        11        11        12        24
         2        17        18        23        24
         4        17        17        18        23
         2        17        18        22        24
         2        17        18        22        28
         2        17        18        23        28
         2        19        22        24        25
         2        18        19        22        24
         2        18        19        22        28
         2        19        21        22        25
         2        19        21        22        27
         2        19        22        27        28
         2        20        21        25        26
         2        19        20        21        25
         2        19        20        21        27
         4        20        20        21        26
         2        20        21        26        27
