Automatically generated mesh
      31
Reciprocal lattice
    0.00000000000000    0.00000000000000    0.00000000000000             1
    0.33333333333333    0.00000000000000    0.00000000000000             2
    0.00000000000000    0.20000000000000    0.00000000000000             2
    0.33333333333333    0.20000000000000    0.00000000000000             2
   -0.33333333333333    0.20000000000000    0.00000000000000             2
    0.00000000000000    0.40000000000000    0.00000000000000             2
    0.33333333333333    0.40000000000000    0.00000000000000             2
   -0.33333333333333    0.40000000000000    0.00000000000000             2
    0.00000000000000    0.00000000000000    0.25000000000000             2
    0.33333333333333    0.00000000000000    0.25000000000000             2
   -0.33333333333333    0.00000000000000    0.25000000000000             2
    0.00000000000000    0.20000000000000    0.25000000000000             2
    0.33333333333333    0.20000000000000    0.25000000000000             2
   -0.33333333333333    0.20000000000000    0.25000000000000             2
    0.00000000000000    0.40000000000000    0.25000000000000             2
    0.33333333333333    0.40000000000000    0.25000000000000             2
   -0.33333333333333    0.40000000000000    0.25000000000000             2
    0.00000000000000   -0.40000000000000    0.25000000000000             2
    0.33333333333333   -0.40000000000000    0.25000000000000             2
   -0.33333333333333   -0.40000000000000    0.25000000000000             2
    0.00000000000000   -0.20000000000000    0.25000000000000             2
    0.33333333333333   -0.20000000000000    0.25000000000000             2
   -0.33333333333333   -0.20000000000000    0.25000000000000             2
    0.00000000000000    0.00000000000000    0.50000000000000             1
    0.33333333333333    0.00000000000000    0.50000000000000             2
    0.00000000000000    0.20000000000000    0.50000000000000             2
    0.33333333333333    0.20000000000000    0.50000000000000             2
   -0.33333333333333    0.20000000000000    0.50000000000000             2
    0.00000000000000    0.40000000000000    0.50000000000000             2
    0.33333333333333    0.40000000000000    0.50000000000000             2
   -0.33333333333333    0.40000000000000    0.50000000000000             2
Tetrahedra
       178    0.00277777777778
         2         2         3         4        12
         2         1         2         3        12
         2         1         2         9        12
         2         2         4        12        13
         2         2        10        12        13
         2         2         9        10        12
         2         2         4         5        13
         2         2         2         4        13
         2         2         2        10        13
         2         2         5        13        14
         2         2        11        13        14
         2         2        10        11        13
         2         1         3         5        14
         2         1         2         5        14
         2         1         2        11        14
         2         1         3        12        14
         2         1         9        12        14
         2         1         9        11        14
         2         4         6         7        15
         2         3         4         6        15
         2         3         4        12        15
         2         4         7        15        16
         2         4        13        15        16
         2         4        12        13        15
         2         5         7         8        16
         2         4         5         7        16
         2         4         5        13        16
         2         5         8        16        17
         2         5        14        16        17
         2         5        13        14        16
         2         3         6         8        17
         2         3         5         8        17
         2         3         5        14        17
         2         3         6        15        17
         2         3        12        15        17
         2         3        12        14        17
         2         6         7         8        18
         2         6         6         7        18
         2         6         7        15        18
         2         7         8        18        19
         2         7        16        18        19
         2         7        15        16        18
         4         7         8         8        19
         2         7         8        16        19
         2         7         8        19        20
         2         8        17        19        20
         2         8        16        17        19
         2         6         6         7        20
         2         6         7         8        20
         2         6         8        17        20
         2         6         6        18        20
         2         6        15        18        20
         2         6        15        17        20
         2         3         5         8        21
         2         3         6         8        21
         2         6         8        18        21
         2         5         8        21        22
         2         8        19        21        22
         2         8        18        19        21
         2         4         5         7        22
         2         5         7         8        22
         2         7         8        19        22
         2         4         7        22        23
         2         7        20        22        23
         2         7        19        20        22
         2         3         4         6        23
         2         4         6         7        23
         2         6         7        20        23
         2         3         6        21        23
         2         6        18        21        23
         2         6        18        20        23
         2         1         2         5         9
         2         1         3         5         9
         2         3         5         9        21
         2         2         5         9        10
         2         5         9        10        22
         2         5         9        21        22
         2         2         2         4        10
         2         2         4         5        10
         2         4         5        10        22
         2         2         4        10        11
         2         4        10        11        23
         2         4        10        22        23
         2         1         2         3        11
         2         2         3         4        11
         2         3         4        11        23
         2         1         3         9        11
         2         3         9        11        21
         2         3        11        21        23
         2        10        12        13        26
         2         9        10        12        26
         2         9        10        24        26
         2        10        13        26        27
         2        10        25        26        27
         2        10        24        25        26
         2        11        13        14        27
         2        10        11        13        27
         2        10        11        25        27
         2        11        14        27        28
         2        11        25        27        28
         2        11        25        25        27
         2         9        12        14        28
         2         9        11        14        28
         2         9        11        25        28
         2         9        12        26        28
         2         9        24        26        28
         2         9        24        25        28
         2        13        15        16        29
         2        12        13        15        29
         2        12        13        26        29
         2        13        16        29        30
         2        13        27        29        30
         2        13        26        27        29
         2        14        16        17        30
         2        13        14        16        30
         2        13        14        27        30
         2        14        17        30        31
         2        14        28        30        31
         2        14        27        28        30
         2        12        15        17        31
         2        12        14        17        31
         2        12        14        28        31
         2        12        15        29        31
         2        12        26        29        31
         2        12        26        28        31
         2        16        18        19        29
         2        15        16        18        29
         2        15        16        29        29
         2        16        19        29        31
         2        16        29        30        31
         2        16        29        29        30
         2        17        19        20        31
         2        16        17        19        31
         2        16        17        30        31
         2        17        20        30        31
         4        17        30        31        31
         2        15        18        20        30
         2        15        17        20        30
         2        15        17        30        31
         2        15        18        29        30
         2        15        29        29        30
         2        15        29        30        31
         2        19        21        22        26
         2        18        19        21        26
         2        18        19        26        29
         2        19        22        26        28
         2        19        26        28        31
         2        19        26        29        31
         2        20        22        23        28
         2        19        20        22        28
         2        19        20        28        31
         2        20        23        27        28
         2        20        27        28        30
         2        20        28        30        31
         2        18        21        23        27
         2        18        20        23        27
         2        18        20        27        30
         2        18        21        26        27
         2        18        26        27        29
         2        18        27        29        30
         2         9        10        22        24
         2         9        21        22        24
         2        21        22        24        26
         2        10        22        24        25
         2        22        24        25        28
         2        22        24        26        28
         2        10        11        23        25
         2        10        22        23        25
         2        22        23        25        28
         2        11        23        25        25
         2        23        25        25        27
         2        23        25        27        28
         2         9        11        21        25
         2        11        21        23        25
         2        21        23        25        27
         2         9        21        24        25
         2        21        24        25        26
         2        21        25        26        27
