Automatically generated mesh
      64
Reciprocal lattice
    0.00000000000000    0.00000000000000    0.00000000000000             1
    0.16666666666667    0.00000000000000    0.00000000000000             2
    0.33333333333333    0.00000000000000    0.00000000000000             2
    0.50000000000000    0.00000000000000    0.00000000000000             1
    0.00000000000000    0.14285714285714    0.00000000000000             2
    0.16666666666667    0.14285714285714    0.00000000000000             2
    0.33333333333333    0.14285714285714    0.00000000000000             2
    0.50000000000000    0.14285714285714    0.00000000000000             2
   -0.33333333333333    0.14285714285714    0.00000000000000             2
   -0.16666666666667    0.14285714285714    0.00000000000000             2
    0.00000000000000    0.28571428571429    0.00000000000000             2
    0.16666666666667    0.28571428571429    0.00000000000000             2
    0.33333333333333    0.28571428571429    0.00000000000000             2
    0.50000000000000    0.28571428571429    0.00000000000000             2
   -0.33333333333333    0.28571428571429    0.00000000000000             2
   -0.16666666666667    0.28571428571429    0.00000000000000             2
    0.00000000000000    0.42857142857143    0.00000000000000             2
    0.16666666666667    0.42857142857143    0.00000000000000             2
    0.33333333333333    0.42857142857143    0.00000000000000             2
    0.50000000000000    0.42857142857143    0.00000000000000             2
   -0.33333333333333    0.42857142857143    0.00000000000000             2
   -0.16666666666667    0.42857142857143    0.00000000000000             2
    0.00000000000000    0.00000000000000    0.33333333333333             2
    0.16666666666667    0.00000000000000    0.33333333333333             2
    0.33333333333333    0.00000000000000    0.33333333333333             2
    0.50000000000000    0.00000000000000    0.33333333333333             2
   -0.33333333333333    0.00000000000000    0.33333333333333             2
   -0.16666666666667    0.00000000000000    0.33333333333333             2
    0.00000000000000    0.14285714285714    0.33333333333333             2
    0.16666666666667    0.14285714285714    0.33333333333333             2
    0.33333333333333    0.14285714285714    0.33333333333333             2
    0.50000000000000    0.14285714285714    0.33333333333333             2
   -0.33333333333333    0.14285714285714    0.33333333333333             2
   -0.16666666666667    0.14285714285714    0.33333333333333             2
    0.00000000000000    0.28571428571429    0.33333333333333             2
    0.16666666666667    0.28571428571429    0.33333333333333             2
    0.33333333333333    0.28571428571429    0.33333333333333             2
    0.50000000000000    0.28571428571429    0.33333333333333             2
   -0.33333333333333    0.28571428571429    0.33333333333333             2
   -0.16666666666667    0.28571428571429    0.33333333333333             2
    0.00000000000000    0.42857142857143    0.33333333333333             2
    0.16666666666667    0.42857142857143    0.33333333333333             2
    0.33333333333333    0.42857142857143    0.33333333333333             2
    0.50000000000000    0.42857142857143    0.33333333333333             2
   -0.33333333333333    0.42857142857143    0.33333333333333             2
   -0.16666666666667    0.42857142857143    0.33333333333333             2
    0.00000000000000   -0.42857142857143    0.33333333333333             2
    0.16666666666667   -0.42857142857143    0.33333333333333             2
    0.33333333333333   -0.42857142857143    0.33333333333333             2
    0.50000000000000   -0.42857142857143    0.33333333333333             2
   -0.33333333333333   -0.42857142857143    0.33333333333333             2
   -0.16666666666667   -0.42857142857143    0.33333333333333             2
    0.00000000000000   -0.28571428571429    0.33333333333333             2
    0.16666666666667   -0.28571428571429    0.33333333333333             2
    0.33333333333333   -0.28571428571429    0.33333333333333             2
    0.50000000000000   -0.28571428571429    0.33333333333333             2
   -0.33333333333333   -0.28571428571429    0.33333333333333             2
   -0.16666666666667   -0.28571428571429    0.33333333333333             2
    0.00000000000000   -0.14285714285714    0.33333333333333             2
    0.16666666666667   -0.14285714285714    0.33333333333333             2
    0.33333333333333   -0.14285714285714    0.33333333333333             2
    0.50000000000000   -0.14285714285714    0.33333333333333             2
   -0.33333333333333   -0.14285714285714    0.33333333333333             2
   -0.16666666666667   -0.14285714285714    0.33333333333333             2
Tetrahedra
       376    0.00132275132275
         2         1         2         6        23
         2         1         5         6        23
         2         5         6        23        29
         2         2         6        23        24
         2         6        23        24        30
         2         6        23        29        30
         2         2         3         7        24
         2         2         6         7        24
         2         6         7        24        30
         2         3         7        24        25
         2         7        24        25        31
         2         7        24        30        31
         2         3         4         8        25
         2         3         7         8        25
         2         7         8        25        31
         2         4         8        25        26
         2         8        25        26        32
         2         8        25        31        32
         2         3         4         9        26
         2         4         8         9        26
         2         8         9        26        32
         2         3         9        26        27
         2         9        26        27        33
         2         9        26        32        33
         2         2         3        10        27
         2         3         9        10        27
         2         9        10        27        33
         2         2        10        27        28
         2        10        27        28        34
         2        10        27        33        34
         2         1         2         5        28
         2         2         5        10        28
         2         5        10        28        34
         2         1         5        23        28
         2         5        23        28        29
         2         5        28        29        34
         2         5         6        12        29
         2         5        11        12        29
         2        11        12        29        35
         2         6        12        29        30
         2        12        29        30        36
         2        12        29        35        36
         2         6         7        13        30
         2         6        12        13        30
         2        12        13        30        36
         2         7        13        30        31
         2        13        30        31        37
         2        13        30        36        37
         2         7         8        14        31
         2         7        13        14        31
         2        13        14        31        37
         2         8        14        31        32
         2        14        31        32        38
         2        14        31        37        38
         2         8         9        15        32
         2         8        14        15        32
         2        14        15        32        38
         2         9        15        32        33
         2        15        32        33        39
         2        15        32        38        39
         2         9        10        16        33
         2         9        15        16        33
         2        15        16        33        39
         2        10        16        33        34
         2        16        33        34        40
         2        16        33        39        40
         2         5        10        11        34
         2        10        11        16        34
         2        11        16        34        40
         2         5        11        29        34
         2        11        29        34        35
         2        11        34        35        40
         2        11        12        18        35
         2        11        17        18        35
         2        17        18        35        41
         2        12        18        35        36
         2        18        35        36        42
         2        18        35        41        42
         2        12        13        19        36
         2        12        18        19        36
         2        18        19        36        42
         2        13        19        36        37
         2        19        36        37        43
         2        19        36        42        43
         2        13        14        20        37
         2        13        19        20        37
         2        19        20        37        43
         2        14        20        37        38
         2        20        37        38        44
         2        20        37        43        44
         2        14        15        21        38
         2        14        20        21        38
         2        20        21        38        44
         2        15        21        38        39
         2        21        38        39        45
         2        21        38        44        45
         2        15        16        22        39
         2        15        21        22        39
         2        21        22        39        45
         2        16        22        39        40
         2        22        39        40        46
         2        22        39        45        46
         2        11        16        17        40
         2        16        17        22        40
         2        17        22        40        46
         2        11        17        35        40
         2        17        35        40        41
         2        17        40        41        46
         2        17        18        22        41
         2        17        17        22        41
         2        17        22        41        47
         2        18        22        41        42
         2        22        41        42        48
         2        22        41        47        48
         2        18        19        21        42
         2        18        21        22        42
         2        21        22        42        48
         2        19        21        42        43
         2        21        42        43        49
         2        21        42        48        49
         2        19        20        20        43
         2        19        20        21        43
         2        20        21        43        49
         2        20        20        43        44
         2        20        43        44        50
         2        20        43        49        50
         2        19        20        21        44
         2        19        20        20        44
         2        19        20        44        50
         2        19        21        44        45
         2        19        44        45        51
         2        19        44        50        51
         2        18        21        22        45
         2        18        19        21        45
         2        18        19        45        51
         2        18        22        45        46
         2        18        45        46        52
         2        18        45        51        52
         2        17        17        22        46
         2        17        18        22        46
         2        17        18        46        52
         2        17        17        41        46
         2        17        41        46        47
         2        17        46        47        52
         2        16        17        22        47
         2        11        16        17        47
         2        11        16        47        53
         2        16        22        47        48
         2        16        47        48        54
         2        16        47        53        54
         2        15        21        22        48
         2        15        16        22        48
         2        15        16        48        54
         2        15        21        48        49
         2        15        48        49        55
         2        15        48        54        55
         2        14        20        21        49
         2        14        15        21        49
         2        14        15        49        55
         2        14        20        49        50
         2        14        49        50        56
         2        14        49        55        56
         2        13        19        20        50
         2        13        14        20        50
         2        13        14        50        56
         2        13        19        50        51
         2        13        50        51        57
         2        13        50        56        57
         2        12        18        19        51
         2        12        13        19        51
         2        12        13        51        57
         2        12        18        51        52
         2        12        51        52        58
         2        12        51        57        58
         2        11        17        18        52
         2        11        12        18        52
         2        11        12        52        58
         2        11        17        47        52
         2        11        47        52        53
         2        11        52        53        58
         2        10        11        16        53
         2         5        10        11        53
         2         5        10        53        59
         2        10        16        53        54
         2        10        53        54        60
         2        10        53        59        60
         2         9        15        16        54
         2         9        10        16        54
         2         9        10        54        60
         2         9        15        54        55
         2         9        54        55        61
         2         9        54        60        61
         2         8        14        15        55
         2         8         9        15        55
         2         8         9        55        61
         2         8        14        55        56
         2         8        55        56        62
         2         8        55        61        62
         2         7        13        14        56
         2         7         8        14        56
         2         7         8        56        62
         2         7        13        56        57
         2         7        56        57        63
         2         7        56        62        63
         2         6        12        13        57
         2         6         7        13        57
         2         6         7        57        63
         2         6        12        57        58
         2         6        57        58        64
         2         6        57        63        64
         2         5        11        12        58
         2         5         6        12        58
         2         5         6        58        64
         2         5        11        53        58
         2         5        53        58        59
         2         5        58        59        64
         2         2         5        10        59
         2         1         2         5        59
         2         1         2        23        59
         2         2        10        59        60
         2         2        24        59        60
         2         2        23        24        59
         2         3         9        10        60
         2         2         3        10        60
         2         2         3        24        60
         2         3         9        60        61
         2         3        25        60        61
         2         3        24        25        60
         2         4         8         9        61
         2         3         4         9        61
         2         3         4        25        61
         2         4         8        61        62
         2         4        26        61        62
         2         4        25        26        61
         2         3         7         8        62
         2         3         4         8        62
         2         3         4        26        62
         2         3         7        62        63
         2         3        27        62        63
         2         3        26        27        62
         2         2         6         7        63
         2         2         3         7        63
         2         2         3        27        63
         2         2         6        63        64
         2         2        28        63        64
         2         2        27        28        63
         2         1         5         6        64
         2         1         2         6        64
         2         1         2        28        64
         2         1         5        59        64
         2         1        23        59        64
         2         1        23        28        64
         2        23        23        24        30
         2        23        23        29        30
         2        23        29        30        59
         2        23        24        28        30
         2        23        28        30        64
         2        23        30        59        64
         2        24        25        28        31
         2        24        28        30        31
         2        28        30        31        64
         2        25        27        28        31
         2        27        28        31        63
         2        28        31        63        64
         2        25        26        27        32
         2        25        27        31        32
         2        27        31        32        63
         2        26        26        27        32
         2        26        27        32        62
         2        27        32        62        63
         2        26        26        27        33
         2        26        26        32        33
         2        26        32        33        62
         2        25        26        27        33
         2        25        26        33        61
         2        26        33        61        62
         2        25        27        28        34
         2        25        27        33        34
         2        25        33        34        61
         2        24        25        28        34
         2        24        25        34        60
         2        25        34        60        61
         2        23        24        28        29
         2        24        28        29        34
         2        24        29        34        60
         2        23        23        24        29
         2        23        24        29        59
         2        24        29        59        60
         2        29        30        36        59
         2        29        35        36        59
         2        35        36        53        59
         2        30        36        59        64
         2        36        58        59        64
         2        36        53        58        59
         2        30        31        37        64
         2        30        36        37        64
         2        36        37        58        64
         2        31        37        63        64
         2        37        57        63        64
         2        37        57        58        64
         2        31        32        38        63
         2        31        37        38        63
         2        37        38        57        63
         2        32        38        62        63
         2        38        56        62        63
         2        38        56        57        63
         2        32        33        39        62
         2        32        38        39        62
         2        38        39        56        62
         2        33        39        61        62
         2        39        55        61        62
         2        39        55        56        62
         2        33        34        40        61
         2        33        39        40        61
         2        39        40        55        61
         2        34        40        60        61
         2        40        54        60        61
         2        40        54        55        61
         2        29        34        35        60
         2        34        35        40        60
         2        35        40        54        60
         2        29        35        59        60
         2        35        53        59        60
         2        35        53        54        60
         2        35        36        42        53
         2        35        41        42        53
         2        41        42        47        53
         2        36        42        53        58
         2        42        52        53        58
         2        42        47        52        53
         2        36        37        43        58
         2        36        42        43        58
         2        42        43        52        58
         2        37        43        57        58
         2        43        51        57        58
         2        43        51        52        58
         2        37        38        44        57
         2        37        43        44        57
         2        43        44        51        57
         2        38        44        56        57
         2        44        50        56        57
         2        44        50        51        57
         2        38        39        45        56
         2        38        44        45        56
         2        44        45        50        56
         2        39        45        55        56
         2        45        49        55        56
         2        45        49        50        56
         2        39        40        46        55
         2        39        45        46        55
         2        45        46        49        55
         2        40        46        54        55
         2        46        48        54        55
         2        46        48        49        55
         2        35        40        41        54
         2        40        41        46        54
         2        41        46        48        54
         2        35        41        53        54
         2        41        47        53        54
         2        41        47        48        54
         2        41        42        47        48
         4        41        47        47        48
         2        42        47        48        52
         2        46        47        48        52
         2        41        46        47        48
         2        42        43        49        52
         2        42        48        49        52
         2        46        48        49        52
         2        43        49        51        52
         2        45        49        51        52
         2        45        46        49        52
         2        43        44        50        51
         2        43        49        50        51
         2        45        49        50        51
         4        44        50        50        51
         2        44        45        50        51
