Automatically generated mesh
      43
Reciprocal lattice
    0.00000000000000    0.00000000000000    0.00000000000000             1
    0.14285714285714    0.00000000000000    0.00000000000000             2
    0.28571428571429    0.00000000000000    0.00000000000000             2
    0.42857142857143    0.00000000000000    0.00000000000000             2
    0.00000000000000    0.33333333333333    0.00000000000000             2
    0.14285714285714    0.33333333333333    0.00000000000000             2
    0.28571428571429    0.33333333333333    0.00000000000000             2
    0.42857142857143    0.33333333333333    0.00000000000000             2
   -0.42857142857143    0.33333333333333    0.00000000000000             2
   -0.28571428571429    0.33333333333333    0.00000000000000             2
   -0.14285714285714    0.33333333333333    0.00000000000000             2
    0.00000000000000    0.00000000000000    0.25000000000000             2
    0.14285714285714    0.00000000000000    0.25000000000000             2
    0.28571428571429    0.00000000000000    0.25000000000000             2
    0.42857142857143    0.00000000000000    0.25000000000000             2
   -0.42857142857143    0.00000000000000    0.25000000000000             2
   -0.28571428571429    0.00000000000000    0.25000000000000             2
   -0.14285714285714    0.00000000000000    0.25000000000000             2
    0.00000000000000    0.33333333333333    0.25000000000000             2
    0.14285714285714    0.33333333333333    0.25000000000000             2
    0.28571428571429    0.33333333333333    0.25000000000000             2
    0.42857142857143    0.33333333333333    0.25000000000000             2
   -0.42857142857143    0.33333333333333    0.25000000000000             2
   -0.28571428571429    0.33333333333333    0.25000000000000             2
   -0.14285714285714    0.33333333333333    0.25000000000000             2
    0.00000000000000   -0.33333333333333    0.25000000000000             2
    0.14285714285714   -0.33333333333333    0.25000000000000             2
    0.28571428571429   -0.33333333333333    0.25000000000000             2
    0.42857142857143   -0.33333333333333    0.25000000000000             2
   -0.42857142857143   -0.33333333333333    0.25000000000000             2
   -0.28571428571429   -0.33333333333333    0.25000000000000             2
   -0.14285714285714   -0.33333333333333    0.25000000000000             2
    0.00000000000000    0.00000000000000    0.50000000000000             1
    0.14285714285714    0.00000000000000    0.50000000000000             2
    0.28571428571429    0.00000000000000    0.50000000000000             2
    0.42857142857143    0.00000000000000    0.50000000000000             2
    0.00000000000000    0.33333333333333    0.50000000000000             2
    0.14285714285714    0.33333333333333    0.50000000000000             2
    0.28571428571429    0.33333333333333    0.50000000000000             2
    0.42857142857143    0.33333333333333    0.50000000000000             2
   -0.42857142857143    0.33333333333333    0.50000000000000             2
   -0.28571428571429    0.33333333333333    0.50000000000000             2
   -0.14285714285714    0.33333333333333    0.50000000000000             2
Tetrahedra
       250    0.00198412698413
         2         1         5         6        20
         2         1         2         6        20
         2         1         2        13        20
         2         1         5        19        20
         2         1        12        19        20
         2         1        12        13        20
         2         2         6         7        21
         2         2         3         7        21
         2         2         3        14        21
         2         2         6        20        21
         2         2        13        20        21
         2         2        13        14        21
         2         3         7         8        22
         2         3         4         8        22
         2         3         4        15        22
         2         3         7        21        22
         2         3        14        21        22
         2         3        14        15        22
         2         4         8         9        23
         2         4         4         9        23
         2         4         4        16        23
         2         4         8        22        23
         2         4        15        22        23
         2         4        15        16        23
         2         4         9        10        24
         2         3         4        10        24
         2         3         4        17        24
         2         4         9        23        24
         2         4        16        23        24
         2         4        16        17        24
         2         3        10        11        25
         2         2         3        11        25
         2         2         3        18        25
         2         3        10        24        25
         2         3        17        24        25
         2         3        17        18        25
         2         2         5        11        19
         2         1         2         5        19
         2         1         2        12        19
         2         2        11        19        25
         2         2        18        19        25
         2         2        12        18        19
         2         5         5        11        27
         2         5         6        11        27
         2         5         6        20        27
         2         5         5        26        27
         2         5        19        26        27
         2         5        19        20        27
         2         6        10        11        28
         2         6         7        10        28
         2         6         7        21        28
         2         6        11        27        28
         2         6        20        27        28
         2         6        20        21        28
         2         7         9        10        29
         2         7         8         9        29
         2         7         8        22        29
         2         7        10        28        29
         2         7        21        28        29
         2         7        21        22        29
         4         8         8         9        30
         2         8         9        23        30
         2         8         9        29        30
         2         8        22        29        30
         2         8        22        23        30
         2         7         8         9        31
         2         7         9        10        31
         2         9        10        24        31
         2         8         9        30        31
         2         9        23        30        31
         2         9        23        24        31
         2         6         7        10        32
         2         6        10        11        32
         2        10        11        25        32
         2         7        10        31        32
         2        10        24        31        32
         2        10        24        25        32
         2         5         6        11        26
         2         5         5        11        26
         2         5        11        19        26
         2         6        11        26        32
         2        11        25        26        32
         2        11        19        25        26
         2         1         2         5        13
         2         2         5        11        13
         2         5        11        13        27
         2         1         5        12        13
         2         5        12        13        26
         2         5        13        26        27
         2         2         3        11        14
         2         3        10        11        14
         2        10        11        14        28
         2         2        11        13        14
         2        11        13        14        27
         2        11        14        27        28
         2         3         4        10        15
         2         4         9        10        15
         2         9        10        15        29
         2         3        10        14        15
         2        10        14        15        28
         2        10        15        28        29
         2         4         4         9        16
         2         4         8         9        16
         2         8         9        16        30
         2         4         9        15        16
         2         9        15        16        29
         2         9        16        29        30
         2         3         4         8        17
         2         3         7         8        17
         2         7         8        17        31
         2         4         8        16        17
         2         8        16        17        30
         2         8        17        30        31
         2         2         3         7        18
         2         2         6         7        18
         2         6         7        18        32
         2         3         7        17        18
         2         7        17        18        31
         2         7        18        31        32
         2         1         2         6        12
         2         1         5         6        12
         2         5         6        12        26
         2         2         6        12        18
         2         6        12        18        32
         2         6        12        26        32
         2        12        19        20        38
         2        12        13        20        38
         2        12        13        34        38
         2        12        19        37        38
         2        12        33        37        38
         2        12        33        34        38
         2        13        20        21        39
         2        13        14        21        39
         2        13        14        35        39
         2        13        20        38        39
         2        13        34        38        39
         2        13        34        35        39
         2        14        21        22        40
         2        14        15        22        40
         2        14        15        36        40
         2        14        21        39        40
         2        14        35        39        40
         2        14        35        36        40
         2        15        22        23        41
         2        15        16        23        41
         2        15        16        36        41
         2        15        22        40        41
         2        15        36        40        41
         2        15        36        36        41
         2        16        23        24        42
         2        16        17        24        42
         2        16        17        35        42
         2        16        23        41        42
         2        16        36        41        42
         2        16        35        36        42
         2        17        24        25        43
         2        17        18        25        43
         2        17        18        34        43
         2        17        24        42        43
         2        17        35        42        43
         2        17        34        35        43
         2        18        19        25        37
         2        12        18        19        37
         2        12        18        33        37
         2        18        25        37        43
         2        18        34        37        43
         2        18        33        34        37
         2        19        26        27        43
         2        19        20        27        43
         2        19        20        38        43
         2        19        26        37        43
         2        19        37        37        43
         2        19        37        38        43
         2        20        27        28        42
         2        20        21        28        42
         2        20        21        39        42
         2        20        27        42        43
         2        20        38        42        43
         2        20        38        39        42
         2        21        28        29        41
         2        21        22        29        41
         2        21        22        40        41
         2        21        28        41        42
         2        21        39        41        42
         2        21        39        40        41
         2        22        29        30        40
         2        22        23        30        40
         2        22        23        40        41
         2        22        29        40        41
         4        22        40        40        41
         2        23        30        31        39
         2        23        24        31        39
         2        23        24        39        42
         2        23        30        39        40
         2        23        39        40        41
         2        23        39        41        42
         2        24        31        32        38
         2        24        25        32        38
         2        24        25        38        43
         2        24        31        38        39
         2        24        38        39        42
         2        24        38        42        43
         2        25        26        32        37
         2        19        25        26        37
         2        19        25        37        37
         2        25        32        37        38
         2        25        37        38        43
         2        25        37        37        43
         2        12        13        26        34
         2        13        26        27        34
         2        26        27        34        43
         2        12        26        33        34
         2        26        33        34        37
         2        26        34        37        43
         2        13        14        27        35
         2        14        27        28        35
         2        27        28        35        42
         2        13        27        34        35
         2        27        34        35        43
         2        27        35        42        43
         2        14        15        28        36
         2        15        28        29        36
         2        28        29        36        41
         2        14        28        35        36
         2        28        35        36        42
         2        28        36        41        42
         2        15        16        29        36
         2        16        29        30        36
         2        29        30        36        40
         2        15        29        36        36
         2        29        36        36        41
         2        29        36        40        41
         2        16        17        30        35
         2        17        30        31        35
         2        30        31        35        39
         2        16        30        35        36
         2        30        35        36        40
         2        30        35        39        40
         2        17        18        31        34
         2        18        31        32        34
         2        31        32        34        38
         2        17        31        34        35
         2        31        34        35        39
         2        31        34        38        39
         2        12        18        32        33
         2        12        26        32        33
         2        26        32        33        37
         2        18        32        33        34
         2        32        33        34        38
         2        32        33        37        38
