Automatically generated mesh
      38
Reciprocal lattice
    0.00000000000000    0.00000000000000    0.00000000000000             1
    0.16666666666667    0.00000000000000    0.00000000000000             2
    0.33333333333333    0.00000000000000    0.00000000000000             2
    0.50000000000000    0.00000000000000    0.00000000000000             1
    0.00000000000000    0.25000000000000    0.00000000000000             2
    0.16666666666667    0.25000000000000    0.00000000000000             2
    0.33333333333333    0.25000000000000    0.00000000000000             2
    0.50000000000000    0.25000000000000    0.00000000000000             2
   -0.33333333333333    0.25000000000000    0.00000000000000             2
   -0.16666666666667    0.25000000000000    0.00000000000000             2
    0.00000000000000    0.50000000000000    0.00000000000000             1
    0.16666666666667    0.50000000000000    0.00000000000000             2
    0.33333333333333    0.50000000000000    0.00000000000000             2
    0.50000000000000    0.50000000000000    0.00000000000000             1
    0.00000000000000    0.00000000000000    0.33333333333333             2
    0.16666666666667    0.00000000000000    0.33333333333333             2
    0.33333333333333    0.00000000000000    0.33333333333333             2
    0.50000000000000    0.00000000000000    0.33333333333333             2
   -0.33333333333333    0.00000000000000    0.33333333333333             2
   -0.16666666666667    0.00000000000000    0.33333333333333             2
    0.00000000000000    0.25000000000000    0.33333333333333             2
    0.16666666666667    0.25000000000000    0.33333333333333             2
    0.33333333333333    0.25000000000000    0.33333333333333             2
    0.50000000000000    0.25000000000000    0.33333333333333             2
   -0.33333333333333    0.25000000000000    0.33333333333333             2
   -0.16666666666667    0.25000000000000    0.33333333333333             2
    0.00000000000000    0.50000000000000    0.33333333333333             2
    0.16666666666667    0.50000000000000    0.33333333333333             2
    0.33333333333333    0.50000000000000    0.33333333333333             2
    0.50000000000000    0.50000000000000    0.33333333333333             2
   -0.33333333333333    0.50000000000000    0.33333333333333             2
   -0.16666666666667    0.50000000000000    0.33333333333333             2
    0.00000000000000   -0.25000000000000    0.33333333333333             2
    0.16666666666667   -0.25000000000000    0.33333333333333             2
    0.33333333333333   -0.25000000000000    0.33333333333333             2
    0.50000000000000   -0.25000000000000    0.33333333333333             2
   -0.33333333333333   -0.25000000000000    0.33333333333333             2
   -0.16666666666667   -0.25000000000000    0.33333333333333             2
Tetrahedra
       216    0.00231481481481
         2         2         5         6        21
         2         1         2         5        21
         2         1         2        15        21
         2         2         6        21        22
         2         2        16        21        22
         2         2        15        16        21
         2         3         6         7        22
         2         2         3         6        22
         2         2         3        16        22
         2         3         7        22        23
         2         3        17        22        23
         2         3        16        17        22
         2         4         7         8        23
         2         3         4         7        23
         2         3         4        17        23
         2         4         8        23        24
         2         4        18        23        24
         2         4        17        18        23
         2         3         8         9        24
         2         3         4         8        24
         2         3         4        18        24
         2         3         9        24        25
         2         3        19        24        25
         2         3        18        19        24
         2         2         9        10        25
         2         2         3         9        25
         2         2         3        19        25
         2         2        10        25        26
         2         2        20        25        26
         2         2        19        20        25
         2         1         5        10        26
         2         1         2        10        26
         2         1         2        20        26
         2         1         5        21        26
         2         1        15        21        26
         2         1        15        20        26
         2         6        11        12        27
         2         5         6        11        27
         2         5         6        21        27
         2         6        12        27        28
         2         6        22        27        28
         2         6        21        22        27
         2         7        12        13        28
         2         6         7        12        28
         2         6         7        22        28
         2         7        13        28        29
         2         7        23        28        29
         2         7        22        23        28
         2         8        13        14        29
         2         7         8        13        29
         2         7         8        23        29
         2         8        14        29        30
         2         8        24        29        30
         2         8        23        24        29
         2         9        13        14        30
         2         8         9        14        30
         2         8         9        24        30
         2         9        13        30        31
         2         9        25        30        31
         2         9        24        25        30
         2        10        12        13        31
         2         9        10        13        31
         2         9        10        25        31
         2        10        12        31        32
         2        10        26        31        32
         2        10        25        26        31
         2         5        11        12        32
         2         5        10        12        32
         2         5        10        26        32
         2         5        11        27        32
         2         5        21        27        32
         2         5        21        26        32
         2         5        10        12        33
         2         5        11        12        33
         2        11        12        27        33
         2        10        12        33        34
         2        12        28        33        34
         2        12        27        28        33
         2         9        10        13        34
         2        10        12        13        34
         2        12        13        28        34
         2         9        13        34        35
         2        13        29        34        35
         2        13        28        29        34
         2         8         9        14        35
         2         9        13        14        35
         2        13        14        29        35
         2         8        14        35        36
         2        14        30        35        36
         2        14        29        30        35
         2         7         8        13        36
         2         8        13        14        36
         2        13        14        30        36
         2         7        13        36        37
         2        13        31        36        37
         2        13        30        31        36
         2         6         7        12        37
         2         7        12        13        37
         2        12        13        31        37
         2         6        12        37        38
         2        12        32        37        38
         2        12        31        32        37
         2         5         6        11        38
         2         6        11        12        38
         2        11        12        32        38
         2         5        11        33        38
         2        11        27        33        38
         2        11        27        32        38
         2         1         2        10        15
         2         1         5        10        15
         2         5        10        15        33
         2         2        10        15        16
         2        10        15        16        34
         2        10        15        33        34
         2         2         3         9        16
         2         2         9        10        16
         2         9        10        16        34
         2         3         9        16        17
         2         9        16        17        35
         2         9        16        34        35
         2         3         4         8        17
         2         3         8         9        17
         2         8         9        17        35
         2         4         8        17        18
         2         8        17        18        36
         2         8        17        35        36
         2         3         4         7        18
         2         4         7         8        18
         2         7         8        18        36
         2         3         7        18        19
         2         7        18        19        37
         2         7        18        36        37
         2         2         3         6        19
         2         3         6         7        19
         2         6         7        19        37
         2         2         6        19        20
         2         6        19        20        38
         2         6        19        37        38
         2         1         2         5        20
         2         2         5         6        20
         2         5         6        20        38
         2         1         5        15        20
         2         5        15        20        33
         2         5        20        33        38
         2        16        21        22        33
         2        15        16        21        33
         2        15        15        16        33
         2        16        22        33        38
         2        16        20        33        38
         2        15        16        20        33
         2        17        22        23        38
         2        16        17        22        38
         2        16        17        20        38
         2        17        23        37        38
         2        17        19        37        38
         2        17        19        20        38
         2        18        23        24        37
         2        17        18        23        37
         2        17        18        19        37
         2        18        24        36        37
         2        18        18        36        37
         2        18        18        19        37
         2        19        24        25        36
         2        18        19        24        36
         2        18        18        19        36
         2        19        25        35        36
         2        17        19        35        36
         2        17        18        19        36
         2        20        25        26        35
         2        19        20        25        35
         2        17        19        20        35
         2        20        26        34        35
         2        16        20        34        35
         2        16        17        20        35
         2        15        21        26        34
         2        15        20        26        34
         2        15        16        20        34
         2        15        21        33        34
         2        15        15        33        34
         2        15        15        16        34
         2        22        27        27        28
         2        21        22        27        27
         2        21        22        27        33
         2        22        27        28        32
         2        22        27        32        38
         2        22        27        33        38
         2        23        28        29        32
         2        22        23        28        32
         2        22        23        32        38
         2        23        29        31        32
         2        23        31        32        37
         2        23        32        37        38
         2        24        29        30        31
         2        23        24        29        31
         2        23        24        31        37
         2        24        30        30        31
         2        24        30        31        36
         2        24        31        36        37
         2        25        30        30        31
         2        24        25        30        30
         2        24        25        30        36
         2        25        29        30        31
         2        25        29        30        35
         2        25        30        35        36
         2        26        29        31        32
         2        25        26        29        31
         2        25        26        29        35
         2        26        28        29        32
         2        26        28        29        34
         2        26        29        34        35
         2        21        27        28        32
         2        21        26        28        32
         2        21        26        28        34
         2        21        27        27        28
         2        21        27        28        33
         2        21        28        33        34
