Automatically generated mesh
     365
Reciprocal lattice
    0.00000000000000    0.00000000000000    0.00000000000000             1
    0.12500000000000    0.00000000000000    0.00000000000000             2
    0.25000000000000    0.00000000000000    0.00000000000000             2
    0.37500000000000    0.00000000000000    0.00000000000000             2
    0.50000000000000    0.00000000000000    0.00000000000000             1
    0.00000000000000    0.14285714285714    0.00000000000000             2
    0.12500000000000    0.14285714285714    0.00000000000000             2
    0.25000000000000    0.14285714285714    0.00000000000000             2
    0.37500000000000    0.14285714285714    0.00000000000000             2
    0.50000000000000    0.14285714285714    0.00000000000000             2
   -0.37500000000000    0.14285714285714    0.00000000000000             2
   -0.25000000000000    0.14285714285714    0.00000000000000             2
   -0.12500000000000    0.14285714285714    0.00000000000000             2
    0.00000000000000    0.28571428571429    0.00000000000000             2
    0.12500000000000    0.28571428571429    0.00000000000000             2
    0.25000000000000    0.28571428571429    0.00000000000000             2
    0.37500000000000    0.28571428571429    0.00000000000000             2
    0.50000000000000    0.28571428571429    0.00000000000000             2
   -0.37500000000000    0.28571428571429    0.00000000000000             2
   -0.25000000000000    0.28571428571429    0.00000000000000             2
   -0.12500000000000    0.28571428571429    0.00000000000000             2
    0.00000000000000    0.42857142857143    0.00000000000000             2
    0.12500000000000    0.42857142857143    0.00000000000000             2
    0.25000000000000    0.42857142857143    0.00000000000000             2
    0.37500000000000    0.42857142857143    0.00000000000000             2
    0.50000000000000    0.42857142857143    0.00000000000000             2
   -0.37500000000000    0.42857142857143    0.00000000000000             2
   -0.25000000000000    0.42857142857143    0.00000000000000             2
   -0.12500000000000    0.42857142857143    0.00000000000000             2
    0.00000000000000    0.00000000000000    0.07692307692308             2
    0.12500000000000    0.00000000000000    0.07692307692308             2
    0.25000000000000    0.00000000000000    0.07692307692308             2
    0.37500000000000    0.00000000000000    0.07692307692308             2
    0.50000000000000    0.00000000000000    0.07692307692308             2
   -0.37500000000000    0.00000000000000    0.07692307692308             2
   -0.25000000000000    0.00000000000000    0.07692307692308             2
   -0.12500000000000    0.00000000000000    0.07692307692308             2
    0.00000000000000    0.14285714285714    0.07692307692308             2
    0.12500000000000    0.14285714285714    0.07692307692308             2
    0.25000000000000    0.14285714285714    0.07692307692308             2
    0.37500000000000    0.14285714285714    0.07692307692308             2
    0.50000000000000    0.14285714285714    0.07692307692308             2
   -0.37500000000000    0.14285714285714    0.07692307692308             2
   -0.25000000000000    0.14285714285714    0.07692307692308             2
   -0.12500000000000    0.14285714285714    0.07692307692308             2
    0.00000000000000    0.28571428571429    0.07692307692308             2
    0.12500000000000    0.28571428571429    0.07692307692308             2
    0.25000000000000    0.28571428571429    0.07692307692308             2
    0.37500000000000    0.28571428571429    0.07692307692308             2
    0.50000000000000    0.28571428571429    0.07692307692308             2
   -0.37500000000000    0.28571428571429    0.07692307692308             2
   -0.25000000000000    0.28571428571429    0.07692307692308             2
   -0.12500000000000    0.28571428571429    0.07692307692308             2
    0.00000000000000    0.42857142857143    0.07692307692308             2
    0.12500000000000    0.42857142857143    0.07692307692308             2
    0.25000000000000    0.42857142857143    0.07692307692308             2
    0.37500000000000    0.42857142857143    0.07692307692308             2
    0.50000000000000    0.42857142857143    0.07692307692308             2
   -0.37500000000000    0.42857142857143    0.07692307692308             2
   -0.25000000000000    0.42857142857143    0.07692307692308             2
   -0.12500000000000    0.42857142857143    0.07692307692308             2
    0.00000000000000   -0.42857142857143    0.07692307692308             2
    0.12500000000000   -0.42857142857143    0.07692307692308             2
    0.25000000000000   -0.42857142857143    0.07692307692308             2
    0.37500000000000   -0.42857142857143    0.07692307692308             2
    0.50000000000000   -0.42857142857143    0.07692307692308             2
   -0.37500000000000   -0.42857142857143    0.07692307692308             2
   -0.25000000000000   -0.42857142857143    0.07692307692308             2
   -0.12500000000000   -0.42857142857143    0.07692307692308             2
    0.00000000000000   -0.28571428571429    0.07692307692308             2
    0.12500000000000   -0.28571428571429    0.07692307692308             2
    0.25000000000000   -0.28571428571429    0.07692307692308             2
    0.37500000000000   -0.28571428571429    0.07692307692308             2
    0.50000000000000   -0.28571428571429    0.07692307692308             2
   -0.37500000000000   -0.28571428571429    0.07692307692308             2
   -0.25000000000000   -0.28571428571429    0.07692307692308             2
   -0.12500000000000   -0.28571428571429    0.07692307692308             2
    0.00000000000000   -0.14285714285714    0.07692307692308             2
    0.12500000000000   -0.14285714285714    0.07692307692308             2
    0.25000000000000   -0.14285714285714    0.07692307692308             2
    0.37500000000000   -0.14285714285714    0.07692307692308             2
    0.50000000000000   -0.14285714285714    0.07692307692308             2
   -0.37500000000000   -0.14285714285714    0.07692307692308             2
   -0.25000000000000   -0.14285714285714    0.07692307692308             2
   -0.12500000000000   -0.14285714285714    0.07692307692308             2
    0.00000000000000    0.00000000000000    0.15384615384615             2
    0.12500000000000    0.00000000000000    0.15384615384615             2
    0.25000000000000    0.00000000000000    0.15384615384615             2
    0.37500000000000    0.00000000000000    0.15384615384615             2
    0.50000000000000    0.00000000000000    0.15384615384615             2
   -0.37500000000000    0.00000000000000    0.15384615384615             2
   -0.25000000000000    0.00000000000000    0.15384615384615             2
   -0.12500000000000    0.00000000000000    0.15384615384615             2
    0.00000000000000    0.14285714285714    0.15384615384615             2
    0.12500000000000    0.14285714285714    0.15384615384615             2
    0.25000000000000    0.14285714285714    0.15384615384615             2
    0.37500000000000    0.14285714285714    0.15384615384615             2
    0.50000000000000    0.14285714285714    0.15384615384615             2
   -0.37500000000000    0.14285714285714    0.15384615384615             2
   -0.25000000000000    0.14285714285714    0.15384615384615             2
   -0.12500000000000    0.14285714285714    0.15384615384615             2
    0.00000000000000    0.28571428571429    0.15384615384615             2
    0.12500000000000    0.28571428571429    0.15384615384615             2
    0.25000000000000    0.28571428571429    0.15384615384615             2
    0.37500000000000    0.28571428571429    0.15384615384615             2
    0.50000000000000    0.28571428571429    0.15384615384615             2
   -0.37500000000000    0.28571428571429    0.15384615384615             2
   -0.25000000000000    0.28571428571429    0.15384615384615             2
   -0.12500000000000    0.28571428571429    0.15384615384615             2
    0.00000000000000    0.42857142857143    0.15384615384615             2
    0.12500000000000    0.42857142857143    0.15384615384615             2
    0.25000000000000    0.42857142857143    0.15384615384615             2
    0.37500000000000    0.42857142857143    0.15384615384615             2
    0.50000000000000    0.42857142857143    0.15384615384615             2
   -0.37500000000000    0.42857142857143    0.15384615384615             2
   -0.25000000000000    0.42857142857143    0.15384615384615             2
   -0.12500000000000    0.42857142857143    0.15384615384615             2
    0.00000000000000   -0.42857142857143    0.15384615384615             2
    0.12500000000000   -0.42857142857143    0.15384615384615             2
    0.25000000000000   -0.42857142857143    0.15384615384615             2
    0.37500000000000   -0.42857142857143    0.15384615384615             2
    0.50000000000000   -0.42857142857143    0.15384615384615             2
   -0.37500000000000   -0.42857142857143    0.15384615384615             2
   -0.25000000000000   -0.42857142857143    0.15384615384615             2
   -0.12500000000000   -0.42857142857143    0.15384615384615             2
    0.00000000000000   -0.28571428571429    0.15384615384615             2
    0.12500000000000   -0.28571428571429    0.15384615384615             2
    0.25000000000000   -0.28571428571429    0.15384615384615             2
    0.37500000000000   -0.28571428571429    0.15384615384615             2
    0.50000000000000   -0.28571428571429    0.15384615384615             2
   -0.37500000000000   -0.28571428571429    0.15384615384615             2
   -0.25000000000000   -0.28571428571429    0.15384615384615             2
   -0.12500000000000   -0.28571428571429    0.15384615384615             2
    0.00000000000000   -0.14285714285714    0.15384615384615             2
    0.12500000000000   -0.14285714285714    0.15384615384615             2
    0.25000000000000   -0.14285714285714    0.15384615384615             2
    0.37500000000000   -0.14285714285714    0.15384615384615             2
    0.50000000000000   -0.14285714285714    0.15384615384615             2
   -0.37500000000000   -0.14285714285714    0.15384615384615             2
   -0.25000000000000   -0.14285714285714    0.15384615384615             2
   -0.12500000000000   -0.14285714285714    0.15384615384615             2
    0.00000000000000    0.00000000000000    0.23076923076923             2
    0.12500000000000    0.00000000000000    0.23076923076923             2
    0.25000000000000    0.00000000000000    0.23076923076923             2
    0.37500000000000    0.00000000000000    0.23076923076923             2
    0.50000000000000    0.00000000000000    0.23076923076923             2
   -0.37500000000000    0.00000000000000    0.23076923076923             2
   -0.25000000000000    0.00000000000000    0.23076923076923             2
   -0.12500000000000    0.00000000000000    0.23076923076923             2
    0.00000000000000    0.14285714285714    0.23076923076923             2
    0.12500000000000    0.14285714285714    0.23076923076923             2
    0.25000000000000    0.14285714285714    0.23076923076923             2
    0.37500000000000    0.14285714285714    0.23076923076923             2
    0.50000000000000    0.14285714285714    0.23076923076923             2
   -0.37500000000000    0.14285714285714    0.23076923076923             2
   -0.25000000000000    0.14285714285714    0.23076923076923             2
   -0.12500000000000    0.14285714285714    0.23076923076923             2
    0.00000000000000    0.28571428571429    0.23076923076923             2
    0.12500000000000    0.28571428571429    0.23076923076923             2
    0.25000000000000    0.28571428571429    0.23076923076923             2
    0.37500000000000    0.28571428571429    0.23076923076923             2
    0.50000000000000    0.28571428571429    0.23076923076923             2
   -0.37500000000000    0.28571428571429    0.23076923076923             2
   -0.25000000000000    0.28571428571429    0.23076923076923             2
   -0.12500000000000    0.28571428571429    0.23076923076923             2
    0.00000000000000    0.42857142857143    0.23076923076923             2
    0.12500000000000    0.42857142857143    0.23076923076923             2
    0.25000000000000    0.42857142857143    0.23076923076923             2
    0.37500000000000    0.42857142857143    0.23076923076923             2
    0.50000000000000    0.42857142857143    0.23076923076923             2
   -0.37500000000000    0.42857142857143    0.23076923076923             2
   -0.25000000000000    0.42857142857143    0.23076923076923             2
   -0.12500000000000    0.42857142857143    0.23076923076923             2
    0.00000000000000   -0.42857142857143    0.23076923076923             2
    0.12500000000000   -0.42857142857143    0.23076923076923             2
    0.25000000000000   -0.42857142857143    0.23076923076923             2
    0.37500000000000   -0.42857142857143    0.23076923076923             2
    0.50000000000000   -0.42857142857143    0.23076923076923             2
   -0.37500000000000   -0.42857142857143    0.23076923076923             2
   -0.25000000000000   -0.42857142857143    0.23076923076923             2
   -0.12500000000000   -0.42857142857143    0.23076923076923             2
    0.00000000000000   -0.28571428571429    0.23076923076923             2
    0.12500000000000   -0.28571428571429    0.23076923076923             2
    0.25000000000000   -0.28571428571429    0.23076923076923             2
    0.37500000000000   -0.28571428571429    0.23076923076923             2
    0.50000000000000   -0.28571428571429    0.23076923076923             2
   -0.37500000000000   -0.28571428571429    0.23076923076923             2
   -0.25000000000000   -0.28571428571429    0.23076923076923             2
   -0.12500000000000   -0.28571428571429    0.23076923076923             2
    0.00000000000000   -0.14285714285714    0.23076923076923             2
    0.12500000000000   -0.14285714285714    0.23076923076923             2
    0.25000000000000   -0.14285714285714    0.23076923076923             2
    0.37500000000000   -0.14285714285714    0.23076923076923             2
    0.50000000000000   -0.14285714285714    0.23076923076923             2
   -0.37500000000000   -0.14285714285714    0.23076923076923             2
   -0.25000000000000   -0.14285714285714    0.23076923076923             2
   -0.12500000000000   -0.14285714285714    0.23076923076923             2
    0.00000000000000    0.00000000000000    0.30769230769231             2
    0.12500000000000    0.00000000000000    0.30769230769231             2
    0.25000000000000    0.00000000000000    0.30769230769231             2
    0.37500000000000    0.00000000000000    0.30769230769231             2
    0.50000000000000    0.00000000000000    0.30769230769231             2
   -0.37500000000000    0.00000000000000    0.30769230769231             2
   -0.25000000000000    0.00000000000000    0.30769230769231             2
   -0.12500000000000    0.00000000000000    0.30769230769231             2
    0.00000000000000    0.14285714285714    0.30769230769231             2
    0.12500000000000    0.14285714285714    0.30769230769231             2
    0.25000000000000    0.14285714285714    0.30769230769231             2
    0.37500000000000    0.14285714285714    0.30769230769231             2
    0.50000000000000    0.14285714285714    0.30769230769231             2
   -0.37500000000000    0.14285714285714    0.30769230769231             2
   -0.25000000000000    0.14285714285714    0.30769230769231             2
   -0.12500000000000    0.14285714285714    0.30769230769231             2
    0.00000000000000    0.28571428571429    0.30769230769231             2
    0.12500000000000    0.28571428571429    0.30769230769231             2
    0.25000000000000    0.28571428571429    0.30769230769231             2
    0.37500000000000    0.28571428571429    0.30769230769231             2
    0.50000000000000    0.28571428571429    0.30769230769231             2
   -0.37500000000000    0.28571428571429    0.30769230769231             2
   -0.25000000000000    0.28571428571429    0.30769230769231             2
   -0.12500000000000    0.28571428571429    0.30769230769231             2
    0.00000000000000    0.42857142857143    0.30769230769231             2
    0.12500000000000    0.42857142857143    0.30769230769231             2
    0.25000000000000    0.42857142857143    0.30769230769231             2
    0.37500000000000    0.42857142857143    0.30769230769231             2
    0.50000000000000    0.42857142857143    0.30769230769231             2
   -0.37500000000000    0.42857142857143    0.30769230769231             2
   -0.25000000000000    0.42857142857143    0.30769230769231             2
   -0.12500000000000    0.42857142857143    0.30769230769231             2
    0.00000000000000   -0.42857142857143    0.30769230769231             2
    0.12500000000000   -0.42857142857143    0.30769230769231             2
    0.25000000000000   -0.42857142857143    0.30769230769231             2
    0.37500000000000   -0.42857142857143    0.30769230769231             2
    0.50000000000000   -0.42857142857143    0.30769230769231             2
   -0.37500000000000   -0.42857142857143    0.30769230769231             2
   -0.25000000000000   -0.42857142857143    0.30769230769231             2
   -0.12500000000000   -0.42857142857143    0.30769230769231             2
    0.00000000000000   -0.28571428571429    0.30769230769231             2
    0.12500000000000   -0.28571428571429    0.30769230769231             2
    0.25000000000000   -0.28571428571429    0.30769230769231             2
    0.37500000000000   -0.28571428571429    0.30769230769231             2
    0.50000000000000   -0.28571428571429    0.30769230769231             2
   -0.37500000000000   -0.28571428571429    0.30769230769231             2
   -0.25000000000000   -0.28571428571429    0.30769230769231             2
   -0.12500000000000   -0.28571428571429    0.30769230769231             2
    0.00000000000000   -0.14285714285714    0.30769230769231             2
    0.12500000000000   -0.14285714285714    0.30769230769231             2
    0.25000000000000   -0.14285714285714    0.30769230769231             2
    0.37500000000000   -0.14285714285714    0.30769230769231             2
    0.50000000000000   -0.14285714285714    0.30769230769231             2
   -0.37500000000000   -0.14285714285714    0.30769230769231             2
   -0.25000000000000   -0.14285714285714    0.30769230769231             2
   -0.12500000000000   -0.14285714285714    0.30769230769231             2
    0.00000000000000    0.00000000000000    0.38461538461539             2
    0.12500000000000    0.00000000000000    0.38461538461539             2
    0.25000000000000    0.00000000000000    0.38461538461539             2
    0.37500000000000    0.00000000000000    0.38461538461539             2
    0.50000000000000    0.00000000000000    0.38461538461539             2
   -0.37500000000000    0.00000000000000    0.38461538461539             2
   -0.25000000000000    0.00000000000000    0.38461538461539             2
   -0.12500000000000    0.00000000000000    0.38461538461539             2
    0.00000000000000    0.14285714285714    0.38461538461539             2
    0.12500000000000    0.14285714285714    0.38461538461539             2
    0.25000000000000    0.14285714285714    0.38461538461539             2
    0.37500000000000    0.14285714285714    0.38461538461539             2
    0.50000000000000    0.14285714285714    0.38461538461539             2
   -0.37500000000000    0.14285714285714    0.38461538461539             2
   -0.25000000000000    0.14285714285714    0.38461538461539             2
   -0.12500000000000    0.14285714285714    0.38461538461539             2
    0.00000000000000    0.28571428571429    0.38461538461539             2
    0.12500000000000    0.28571428571429    0.38461538461539             2
    0.25000000000000    0.28571428571429    0.38461538461539             2
    0.37500000000000    0.28571428571429    0.38461538461539             2
    0.50000000000000    0.28571428571429    0.38461538461539             2
   -0.37500000000000    0.28571428571429    0.38461538461539             2
   -0.25000000000000    0.28571428571429    0.38461538461539             2
   -0.12500000000000    0.28571428571429    0.38461538461539             2
    0.00000000000000    0.42857142857143    0.38461538461539             2
    0.12500000000000    0.42857142857143    0.38461538461539             2
    0.25000000000000    0.42857142857143    0.38461538461539             2
    0.37500000000000    0.42857142857143    0.38461538461539             2
    0.50000000000000    0.42857142857143    0.38461538461539             2
   -0.37500000000000    0.42857142857143    0.38461538461539             2
   -0.25000000000000    0.42857142857143    0.38461538461539             2
   -0.12500000000000    0.42857142857143    0.38461538461539             2
    0.00000000000000   -0.42857142857143    0.38461538461539             2
    0.12500000000000   -0.42857142857143    0.38461538461539             2
    0.25000000000000   -0.42857142857143    0.38461538461539             2
    0.37500000000000   -0.42857142857143    0.38461538461539             2
    0.50000000000000   -0.42857142857143    0.38461538461539             2
   -0.37500000000000   -0.42857142857143    0.38461538461539             2
   -0.25000000000000   -0.42857142857143    0.38461538461539             2
   -0.12500000000000   -0.42857142857143    0.38461538461539             2
    0.00000000000000   -0.28571428571429    0.38461538461539             2
    0.12500000000000   -0.28571428571429    0.38461538461539             2
    0.25000000000000   -0.28571428571429    0.38461538461539             2
    0.37500000000000   -0.28571428571429    0.38461538461539             2
    0.50000000000000   -0.28571428571429    0.38461538461539             2
   -0.37500000000000   -0.28571428571429    0.38461538461539             2
   -0.25000000000000   -0.28571428571429    0.38461538461539             2
   -0.12500000000000   -0.28571428571429    0.38461538461539             2
    0.00000000000000   -0.14285714285714    0.38461538461539             2
    0.12500000000000   -0.14285714285714    0.38461538461539             2
    0.25000000000000   -0.14285714285714    0.38461538461539             2
    0.37500000000000   -0.14285714285714    0.38461538461539             2
    0.50000000000000   -0.14285714285714    0.38461538461539             2
   -0.37500000000000   -0.14285714285714    0.38461538461539             2
   -0.25000000000000   -0.14285714285714    0.38461538461539             2
   -0.12500000000000   -0.14285714285714    0.38461538461539             2
    0.00000000000000    0.00000000000000    0.46153846153846             2
    0.12500000000000    0.00000000000000    0.46153846153846             2
    0.25000000000000    0.00000000000000    0.46153846153846             2
    0.37500000000000    0.00000000000000    0.46153846153846             2
    0.50000000000000    0.00000000000000    0.46153846153846             2
   -0.37500000000000    0.00000000000000    0.46153846153846             2
   -0.25000000000000    0.00000000000000    0.46153846153846             2
   -0.12500000000000    0.00000000000000    0.46153846153846             2
    0.00000000000000    0.14285714285714    0.46153846153846             2
    0.12500000000000    0.14285714285714    0.46153846153846             2
    0.25000000000000    0.14285714285714    0.46153846153846             2
    0.37500000000000    0.14285714285714    0.46153846153846             2
    0.50000000000000    0.14285714285714    0.46153846153846             2
   -0.37500000000000    0.14285714285714    0.46153846153846             2
   -0.25000000000000    0.14285714285714    0.46153846153846             2
   -0.12500000000000    0.14285714285714    0.46153846153846             2
    0.00000000000000    0.28571428571429    0.46153846153846             2
    0.12500000000000    0.28571428571429    0.46153846153846             2
    0.25000000000000    0.28571428571429    0.46153846153846             2
    0.37500000000000    0.28571428571429    0.46153846153846             2
    0.50000000000000    0.28571428571429    0.46153846153846             2
   -0.37500000000000    0.28571428571429    0.46153846153846             2
   -0.25000000000000    0.28571428571429    0.46153846153846             2
   -0.12500000000000    0.28571428571429    0.46153846153846             2
    0.00000000000000    0.42857142857143    0.46153846153846             2
    0.12500000000000    0.42857142857143    0.46153846153846             2
    0.25000000000000    0.42857142857143    0.46153846153846             2
    0.37500000000000    0.42857142857143    0.46153846153846             2
    0.50000000000000    0.42857142857143    0.46153846153846             2
   -0.37500000000000    0.42857142857143    0.46153846153846             2
   -0.25000000000000    0.42857142857143    0.46153846153846             2
   -0.12500000000000    0.42857142857143    0.46153846153846             2
    0.00000000000000   -0.42857142857143    0.46153846153846             2
    0.12500000000000   -0.42857142857143    0.46153846153846             2
    0.25000000000000   -0.42857142857143    0.46153846153846             2
    0.37500000000000   -0.42857142857143    0.46153846153846             2
    0.50000000000000   -0.42857142857143    0.46153846153846             2
   -0.37500000000000   -0.42857142857143    0.46153846153846             2
   -0.25000000000000   -0.42857142857143    0.46153846153846             2
   -0.12500000000000   -0.42857142857143    0.46153846153846             2
    0.00000000000000   -0.28571428571429    0.46153846153846             2
    0.12500000000000   -0.28571428571429    0.46153846153846             2
    0.25000000000000   -0.28571428571429    0.46153846153846             2
    0.37500000000000   -0.28571428571429    0.46153846153846             2
    0.50000000000000   -0.28571428571429    0.46153846153846             2
   -0.37500000000000   -0.28571428571429    0.46153846153846             2
   -0.25000000000000   -0.28571428571429    0.46153846153846             2
   -0.12500000000000   -0.28571428571429    0.46153846153846             2
    0.00000000000000   -0.14285714285714    0.46153846153846             2
    0.12500000000000   -0.14285714285714    0.46153846153846             2
    0.25000000000000   -0.14285714285714    0.46153846153846             2
    0.37500000000000   -0.14285714285714    0.46153846153846             2
    0.50000000000000   -0.14285714285714    0.46153846153846             2
   -0.37500000000000   -0.14285714285714    0.46153846153846             2
   -0.25000000000000   -0.14285714285714    0.46153846153846             2
   -0.12500000000000   -0.14285714285714    0.46153846153846             2
