Automatically generated mesh
      26
Reciprocal lattice
    0.00000000000000    0.00000000000000    0.00000000000000             1
    0.25000000000000    0.00000000000000    0.00000000000000             2
    0.50000000000000    0.00000000000000    0.00000000000000             1
    0.00000000000000    0.33333333333333    0.00000000000000             2
    0.25000000000000    0.33333333333333    0.00000000000000             2
    0.50000000000000    0.33333333333333    0.00000000000000             2
   -0.25000000000000    0.33333333333333    0.00000000000000             2
    0.00000000000000    0.00000000000000    0.25000000000000             2
    0.25000000000000    0.00000000000000    0.25000000000000             2
    0.50000000000000    0.00000000000000    0.25000000000000             2
   -0.25000000000000    0.00000000000000    0.25000000000000             2
    0.00000000000000    0.33333333333333    0.25000000000000             2
    0.25000000000000    0.33333333333333    0.25000000000000             2
    0.50000000000000    0.33333333333333    0.25000000000000             2
   -0.25000000000000    0.33333333333333    0.25000000000000             2
    0.00000000000000   -0.33333333333333    0.25000000000000             2
    0.25000000000000   -0.33333333333333    0.25000000000000             2
    0.50000000000000   -0.33333333333333    0.25000000000000             2
   -0.25000000000000   -0.33333333333333    0.25000000000000             2
    0.00000000000000    0.00000000000000    0.50000000000000             1
    0.25000000000000    0.00000000000000    0.50000000000000             2
    0.50000000000000    0.00000000000000    0.50000000000000             1
    0.00000000000000    0.33333333333333    0.50000000000000             2
    0.25000000000000    0.33333333333333    0.50000000000000             2
    0.50000000000000    0.33333333333333    0.50000000000000             2
   -0.25000000000000    0.33333333333333    0.50000000000000             2
Tetrahedra
       144    0.00347222222222
         2         1         2         4         9
         2         2         4         5         9
         2         4         5         9        13
         2         1         4         8         9
         2         4         8         9        12
         2         4         9        12        13
         2         2         3         5        10
         2         3         5         6        10
         2         5         6        10        14
         2         2         5         9        10
         2         5         9        10        13
         2         5        10        13        14
         2         2         3         6        11
         2         2         6         7        11
         2         6         7        11        15
         2         3         6        10        11
         2         6        10        11        14
         2         6        11        14        15
         2         1         2         7         8
         2         1         4         7         8
         2         4         7         8        12
         2         2         7         8        11
         2         7         8        11        15
         2         7         8        12        15
         2         4         4         5        13
         2         4         5         7        13
         2         4         7        13        17
         2         4         4        12        13
         2         4        12        13        16
         2         4        13        16        17
         2         5         6         7        14
         2         6         6         7        14
         2         6         7        14        18
         2         5         7        13        14
         2         7        13        14        17
         2         7        14        17        18
         2         6         6         7        15
         2         5         6         7        15
         2         5         6        15        19
         2         6         6        14        15
         2         6        14        15        18
         2         6        15        18        19
         2         4         5         7        12
         2         4         4         5        12
         2         4         5        12        16
         2         5         7        12        15
         2         5        12        15        19
         2         5        12        16        19
         2         1         4         7        17
         2         1         2         7        17
         2         1         2         9        17
         2         1         4        16        17
         2         1         8        16        17
         2         1         8         9        17
         2         2         6         7        18
         2         2         3         6        18
         2         2         3        10        18
         2         2         7        17        18
         2         2         9        17        18
         2         2         9        10        18
         2         3         5         6        19
         2         2         3         5        19
         2         2         3        11        19
         2         3         6        18        19
         2         3        10        18        19
         2         3        10        11        19
         2         2         4         5        16
         2         1         2         4        16
         2         1         2         8        16
         2         2         5        16        19
         2         2        11        16        19
         2         2         8        11        16
         2         8         9        12        21
         2         9        12        13        21
         2        12        13        21        24
         2         8        12        20        21
         2        12        20        21        23
         2        12        21        23        24
         2         9        10        13        22
         2        10        13        14        22
         2        13        14        22        25
         2         9        13        21        22
         2        13        21        22        24
         2        13        22        24        25
         2        10        11        14        21
         2        11        14        15        21
         2        14        15        21        26
         2        10        14        21        22
         2        14        21        22        25
         2        14        21        25        26
         2         8        11        15        20
         2         8        12        15        20
         2        12        15        20        23
         2        11        15        20        21
         2        15        20        21        26
         2        15        20        23        26
         2        12        13        16        24
         2        13        16        17        24
         2        16        17        24        26
         2        12        16        23        24
         2        16        23        23        24
         2        16        23        24        26
         2        13        14        17        25
         2        14        17        18        25
         2        17        18        25        25
         2        13        17        24        25
         2        17        24        25        26
         2        17        25        25        26
         2        14        15        18        26
         2        15        18        19        26
         2        18        19        24        26
         2        14        18        25        26
         2        18        25        25        26
         2        18        24        25        26
         2        12        15        19        23
         2        12        16        19        23
         2        16        19        23        23
         2        15        19        23        26
         2        19        23        24        26
         2        19        23        23        24
         2         8        16        17        26
         2         8         9        17        26
         2         8         9        21        26
         2         8        16        23        26
         2         8        20        23        26
         2         8        20        21        26
         2         9        17        18        25
         2         9        10        18        25
         2         9        10        22        25
         2         9        17        25        26
         2         9        21        25        26
         2         9        21        22        25
         2        10        18        19        24
         2        10        11        19        24
         2        10        11        21        24
         2        10        18        24        25
         2        10        22        24        25
         2        10        21        22        24
         2        11        16        19        23
         2         8        11        16        23
         2         8        11        20        23
         2        11        19        23        24
         2        11        21        23        24
         2        11        20        21        23
