Automatically generated mesh
     352
Reciprocal lattice
    0.00000000000000    0.00000000000000    0.00000000000000             1
    0.10000000000000    0.00000000000000    0.00000000000000             2
    0.20000000000000    0.00000000000000    0.00000000000000             2
    0.30000000000000    0.00000000000000    0.00000000000000             2
    0.40000000000000    0.00000000000000    0.00000000000000             2
    0.50000000000000    0.00000000000000    0.00000000000000             1
    0.00000000000000    0.07142857142857    0.00000000000000             2
    0.10000000000000    0.07142857142857    0.00000000000000             2
    0.20000000000000    0.07142857142857    0.00000000000000             2
    0.30000000000000    0.07142857142857    0.00000000000000             2
    0.40000000000000    0.07142857142857    0.00000000000000             2
    0.50000000000000    0.07142857142857    0.00000000000000             2
   -0.40000000000000    0.07142857142857    0.00000000000000             2
   -0.30000000000000    0.07142857142857    0.00000000000000             2
   -0.20000000000000    0.07142857142857    0.00000000000000             2
   -0.10000000000000    0.07142857142857    0.00000000000000             2
    0.00000000000000    0.14285714285714    0.00000000000000             2
    0.10000000000000    0.14285714285714    0.00000000000000             2
    0.20000000000000    0.14285714285714    0.00000000000000             2
    0.30000000000000    0.14285714285714    0.00000000000000             2
    0.40000000000000    0.14285714285714    0.00000000000000             2
    0.50000000000000    0.14285714285714    0.00000000000000             2
   -0.40000000000000    0.14285714285714    0.00000000000000             2
   -0.30000000000000    0.14285714285714    0.00000000000000             2
   -0.20000000000000    0.14285714285714    0.00000000000000             2
   -0.10000000000000    0.14285714285714    0.00000000000000             2
    0.00000000000000    0.21428571428571    0.00000000000000             2
    0.10000000000000    0.21428571428571    0.00000000000000             2
    0.20000000000000    0.21428571428571    0.00000000000000             2
    0.30000000000000    0.21428571428571    0.00000000000000             2
    0.40000000000000    0.21428571428571    0.00000000000000             2
    0.50000000000000    0.21428571428571    0.00000000000000             2
   -0.40000000000000    0.21428571428571    0.00000000000000             2
   -0.30000000000000    0.21428571428571    0.00000000000000             2
   -0.20000000000000    0.21428571428571    0.00000000000000             2
   -0.10000000000000    0.21428571428571    0.00000000000000             2
    0.00000000000000    0.28571428571429    0.00000000000000             2
    0.10000000000000    0.28571428571429    0.00000000000000             2
    0.20000000000000    0.28571428571429    0.00000000000000             2
    0.30000000000000    0.28571428571429    0.00000000000000             2
    0.40000000000000    0.28571428571429    0.00000000000000             2
    0.50000000000000    0.28571428571429    0.00000000000000             2
   -0.40000000000000    0.28571428571429    0.00000000000000             2
   -0.30000000000000    0.28571428571429    0.00000000000000             2
   -0.20000000000000    0.28571428571429    0.00000000000000             2
   -0.10000000000000    0.28571428571429    0.00000000000000             2
    0.00000000000000    0.35714285714286    0.00000000000000             2
    0.10000000000000    0.35714285714286    0.00000000000000             2
    0.20000000000000    0.35714285714286    0.00000000000000             2
    0.30000000000000    0.35714285714286    0.00000000000000             2
    0.40000000000000    0.35714285714286    0.00000000000000             2
    0.50000000000000    0.35714285714286    0.00000000000000             2
   -0.40000000000000    0.35714285714286    0.00000000000000             2
   -0.30000000000000    0.35714285714286    0.00000000000000             2
   -0.20000000000000    0.35714285714286    0.00000000000000             2
   -0.10000000000000    0.35714285714286    0.00000000000000             2
    0.00000000000000    0.42857142857143    0.00000000000000             2
    0.10000000000000    0.42857142857143    0.00000000000000             2
    0.20000000000000    0.42857142857143    0.00000000000000             2
    0.30000000000000    0.42857142857143    0.00000000000000             2
    0.40000000000000    0.42857142857143    0.00000000000000             2
    0.50000000000000    0.42857142857143    0.00000000000000             2
   -0.40000000000000    0.42857142857143    0.00000000000000             2
   -0.30000000000000    0.42857142857143    0.00000000000000             2
   -0.20000000000000    0.42857142857143    0.00000000000000             2
   -0.10000000000000    0.42857142857143    0.00000000000000             2
    0.00000000000000    0.50000000000000    0.00000000000000             1
    0.10000000000000    0.50000000000000    0.00000000000000             2
    0.20000000000000    0.50000000000000    0.00000000000000             2
    0.30000000000000    0.50000000000000    0.00000000000000             2
    0.40000000000000    0.50000000000000    0.00000000000000             2
    0.50000000000000    0.50000000000000    0.00000000000000             1
    0.00000000000000    0.00000000000000    0.20000000000000             2
    0.10000000000000    0.00000000000000    0.20000000000000             2
    0.20000000000000    0.00000000000000    0.20000000000000             2
    0.30000000000000    0.00000000000000    0.20000000000000             2
    0.40000000000000    0.00000000000000    0.20000000000000             2
    0.50000000000000    0.00000000000000    0.20000000000000             2
   -0.40000000000000    0.00000000000000    0.20000000000000             2
   -0.30000000000000    0.00000000000000    0.20000000000000             2
   -0.20000000000000    0.00000000000000    0.20000000000000             2
   -0.10000000000000    0.00000000000000    0.20000000000000             2
    0.00000000000000    0.07142857142857    0.20000000000000             2
    0.10000000000000    0.07142857142857    0.20000000000000             2
    0.20000000000000    0.07142857142857    0.20000000000000             2
    0.30000000000000    0.07142857142857    0.20000000000000             2
    0.40000000000000    0.07142857142857    0.20000000000000             2
    0.50000000000000    0.07142857142857    0.20000000000000             2
   -0.40000000000000    0.07142857142857    0.20000000000000             2
   -0.30000000000000    0.07142857142857    0.20000000000000             2
   -0.20000000000000    0.07142857142857    0.20000000000000             2
   -0.10000000000000    0.07142857142857    0.20000000000000             2
    0.00000000000000    0.14285714285714    0.20000000000000             2
    0.10000000000000    0.14285714285714    0.20000000000000             2
    0.20000000000000    0.14285714285714    0.20000000000000             2
    0.30000000000000    0.14285714285714    0.20000000000000             2
    0.40000000000000    0.14285714285714    0.20000000000000             2
    0.50000000000000    0.14285714285714    0.20000000000000             2
   -0.40000000000000    0.14285714285714    0.20000000000000             2
   -0.30000000000000    0.14285714285714    0.20000000000000             2
   -0.20000000000000    0.14285714285714    0.20000000000000             2
   -0.10000000000000    0.14285714285714    0.20000000000000             2
    0.00000000000000    0.21428571428571    0.20000000000000             2
    0.10000000000000    0.21428571428571    0.20000000000000             2
    0.20000000000000    0.21428571428571    0.20000000000000             2
    0.30000000000000    0.21428571428571    0.20000000000000             2
    0.40000000000000    0.21428571428571    0.20000000000000             2
    0.50000000000000    0.21428571428571    0.20000000000000             2
   -0.40000000000000    0.21428571428571    0.20000000000000             2
   -0.30000000000000    0.21428571428571    0.20000000000000             2
   -0.20000000000000    0.21428571428571    0.20000000000000             2
   -0.10000000000000    0.21428571428571    0.20000000000000             2
    0.00000000000000    0.28571428571429    0.20000000000000             2
    0.10000000000000    0.28571428571429    0.20000000000000             2
    0.20000000000000    0.28571428571429    0.20000000000000             2
    0.30000000000000    0.28571428571429    0.20000000000000             2
    0.40000000000000    0.28571428571429    0.20000000000000             2
    0.50000000000000    0.28571428571429    0.20000000000000             2
   -0.40000000000000    0.28571428571429    0.20000000000000             2
   -0.30000000000000    0.28571428571429    0.20000000000000             2
   -0.20000000000000    0.28571428571429    0.20000000000000             2
   -0.10000000000000    0.28571428571429    0.20000000000000             2
    0.00000000000000    0.35714285714286    0.20000000000000             2
    0.10000000000000    0.35714285714286    0.20000000000000             2
    0.20000000000000    0.35714285714286    0.20000000000000             2
    0.30000000000000    0.35714285714286    0.20000000000000             2
    0.40000000000000    0.35714285714286    0.20000000000000             2
    0.50000000000000    0.35714285714286    0.20000000000000             2
   -0.40000000000000    0.35714285714286    0.20000000000000             2
   -0.30000000000000    0.35714285714286    0.20000000000000             2
   -0.20000000000000    0.35714285714286    0.20000000000000             2
   -0.10000000000000    0.35714285714286    0.20000000000000             2
    0.00000000000000    0.42857142857143    0.20000000000000             2
    0.10000000000000    0.42857142857143    0.20000000000000             2
    0.20000000000000    0.42857142857143    0.20000000000000             2
    0.30000000000000    0.42857142857143    0.20000000000000             2
    0.40000000000000    0.42857142857143    0.20000000000000             2
    0.50000000000000    0.42857142857143    0.20000000000000             2
   -0.40000000000000    0.42857142857143    0.20000000000000             2
   -0.30000000000000    0.42857142857143    0.20000000000000             2
   -0.20000000000000    0.42857142857143    0.20000000000000             2
   -0.10000000000000    0.42857142857143    0.20000000000000             2
    0.00000000000000    0.50000000000000    0.20000000000000             2
    0.10000000000000    0.50000000000000    0.20000000000000             2
    0.20000000000000    0.50000000000000    0.20000000000000             2
    0.30000000000000    0.50000000000000    0.20000000000000             2
    0.40000000000000    0.50000000000000    0.20000000000000             2
    0.50000000000000    0.50000000000000    0.20000000000000             2
   -0.40000000000000    0.50000000000000    0.20000000000000             2
   -0.30000000000000    0.50000000000000    0.20000000000000             2
   -0.20000000000000    0.50000000000000    0.20000000000000             2
   -0.10000000000000    0.50000000000000    0.20000000000000             2
    0.00000000000000   -0.42857142857143    0.20000000000000             2
    0.10000000000000   -0.42857142857143    0.20000000000000             2
    0.20000000000000   -0.42857142857143    0.20000000000000             2
    0.30000000000000   -0.42857142857143    0.20000000000000             2
    0.40000000000000   -0.42857142857143    0.20000000000000             2
    0.50000000000000   -0.42857142857143    0.20000000000000             2
   -0.40000000000000   -0.42857142857143    0.20000000000000             2
   -0.30000000000000   -0.42857142857143    0.20000000000000             2
   -0.20000000000000   -0.42857142857143    0.20000000000000             2
   -0.10000000000000   -0.42857142857143    0.20000000000000             2
    0.00000000000000   -0.35714285714286    0.20000000000000             2
    0.10000000000000   -0.35714285714286    0.20000000000000             2
    0.20000000000000   -0.35714285714286    0.20000000000000             2
    0.30000000000000   -0.35714285714286    0.20000000000000             2
    0.40000000000000   -0.35714285714286    0.20000000000000             2
    0.50000000000000   -0.35714285714286    0.20000000000000             2
   -0.40000000000000   -0.35714285714286    0.20000000000000             2
   -0.30000000000000   -0.35714285714286    0.20000000000000             2
   -0.20000000000000   -0.35714285714286    0.20000000000000             2
   -0.10000000000000   -0.35714285714286    0.20000000000000             2
    0.00000000000000   -0.28571428571429    0.20000000000000             2
    0.10000000000000   -0.28571428571429    0.20000000000000             2
    0.20000000000000   -0.28571428571429    0.20000000000000             2
    0.30000000000000   -0.28571428571429    0.20000000000000             2
    0.40000000000000   -0.28571428571429    0.20000000000000             2
    0.50000000000000   -0.28571428571429    0.20000000000000             2
   -0.40000000000000   -0.28571428571429    0.20000000000000             2
   -0.30000000000000   -0.28571428571429    0.20000000000000             2
   -0.20000000000000   -0.28571428571429    0.20000000000000             2
   -0.10000000000000   -0.28571428571429    0.20000000000000             2
    0.00000000000000   -0.21428571428571    0.20000000000000             2
    0.10000000000000   -0.21428571428571    0.20000000000000             2
    0.20000000000000   -0.21428571428571    0.20000000000000             2
    0.30000000000000   -0.21428571428571    0.20000000000000             2
    0.40000000000000   -0.21428571428571    0.20000000000000             2
    0.50000000000000   -0.21428571428571    0.20000000000000             2
   -0.40000000000000   -0.21428571428571    0.20000000000000             2
   -0.30000000000000   -0.21428571428571    0.20000000000000             2
   -0.20000000000000   -0.21428571428571    0.20000000000000             2
   -0.10000000000000   -0.21428571428571    0.20000000000000             2
    0.00000000000000   -0.14285714285714    0.20000000000000             2
    0.10000000000000   -0.14285714285714    0.20000000000000             2
    0.20000000000000   -0.14285714285714    0.20000000000000             2
    0.30000000000000   -0.14285714285714    0.20000000000000             2
    0.40000000000000   -0.14285714285714    0.20000000000000             2
    0.50000000000000   -0.14285714285714    0.20000000000000             2
   -0.40000000000000   -0.14285714285714    0.20000000000000             2
   -0.30000000000000   -0.14285714285714    0.20000000000000             2
   -0.20000000000000   -0.14285714285714    0.20000000000000             2
   -0.10000000000000   -0.14285714285714    0.20000000000000             2
    0.00000000000000   -0.07142857142857    0.20000000000000             2
    0.10000000000000   -0.07142857142857    0.20000000000000             2
    0.20000000000000   -0.07142857142857    0.20000000000000             2
    0.30000000000000   -0.07142857142857    0.20000000000000             2
    0.40000000000000   -0.07142857142857    0.20000000000000             2
    0.50000000000000   -0.07142857142857    0.20000000000000             2
   -0.40000000000000   -0.07142857142857    0.20000000000000             2
   -0.30000000000000   -0.07142857142857    0.20000000000000             2
   -0.20000000000000   -0.07142857142857    0.20000000000000             2
   -0.10000000000000   -0.07142857142857    0.20000000000000             2
    0.00000000000000    0.00000000000000    0.40000000000000             2
    0.10000000000000    0.00000000000000    0.40000000000000             2
    0.20000000000000    0.00000000000000    0.40000000000000             2
    0.30000000000000    0.00000000000000    0.40000000000000             2
    0.40000000000000    0.00000000000000    0.40000000000000             2
    0.50000000000000    0.00000000000000    0.40000000000000             2
   -0.40000000000000    0.00000000000000    0.40000000000000             2
   -0.30000000000000    0.00000000000000    0.40000000000000             2
   -0.20000000000000    0.00000000000000    0.40000000000000             2
   -0.10000000000000    0.00000000000000    0.40000000000000             2
    0.00000000000000    0.07142857142857    0.40000000000000             2
    0.10000000000000    0.07142857142857    0.40000000000000             2
    0.20000000000000    0.07142857142857    0.40000000000000             2
    0.30000000000000    0.07142857142857    0.40000000000000             2
    0.40000000000000    0.07142857142857    0.40000000000000             2
    0.50000000000000    0.07142857142857    0.40000000000000             2
   -0.40000000000000    0.07142857142857    0.40000000000000             2
   -0.30000000000000    0.07142857142857    0.40000000000000             2
   -0.20000000000000    0.07142857142857    0.40000000000000             2
   -0.10000000000000    0.07142857142857    0.40000000000000             2
    0.00000000000000    0.14285714285714    0.40000000000000             2
    0.10000000000000    0.14285714285714    0.40000000000000             2
    0.20000000000000    0.14285714285714    0.40000000000000             2
    0.30000000000000    0.14285714285714    0.40000000000000             2
    0.40000000000000    0.14285714285714    0.40000000000000             2
    0.50000000000000    0.14285714285714    0.40000000000000             2
   -0.40000000000000    0.14285714285714    0.40000000000000             2
   -0.30000000000000    0.14285714285714    0.40000000000000             2
   -0.20000000000000    0.14285714285714    0.40000000000000             2
   -0.10000000000000    0.14285714285714    0.40000000000000             2
    0.00000000000000    0.21428571428571    0.40000000000000             2
    0.10000000000000    0.21428571428571    0.40000000000000             2
    0.20000000000000    0.21428571428571    0.40000000000000             2
    0.30000000000000    0.21428571428571    0.40000000000000             2
    0.40000000000000    0.21428571428571    0.40000000000000             2
    0.50000000000000    0.21428571428571    0.40000000000000             2
   -0.40000000000000    0.21428571428571    0.40000000000000             2
   -0.30000000000000    0.21428571428571    0.40000000000000             2
   -0.20000000000000    0.21428571428571    0.40000000000000             2
   -0.10000000000000    0.21428571428571    0.40000000000000             2
    0.00000000000000    0.28571428571429    0.40000000000000             2
    0.10000000000000    0.28571428571429    0.40000000000000             2
    0.20000000000000    0.28571428571429    0.40000000000000             2
    0.30000000000000    0.28571428571429    0.40000000000000             2
    0.40000000000000    0.28571428571429    0.40000000000000             2
    0.50000000000000    0.28571428571429    0.40000000000000             2
   -0.40000000000000    0.28571428571429    0.40000000000000             2
   -0.30000000000000    0.28571428571429    0.40000000000000             2
   -0.20000000000000    0.28571428571429    0.40000000000000             2
   -0.10000000000000    0.28571428571429    0.40000000000000             2
    0.00000000000000    0.35714285714286    0.40000000000000             2
    0.10000000000000    0.35714285714286    0.40000000000000             2
    0.20000000000000    0.35714285714286    0.40000000000000             2
    0.30000000000000    0.35714285714286    0.40000000000000             2
    0.40000000000000    0.35714285714286    0.40000000000000             2
    0.50000000000000    0.35714285714286    0.40000000000000             2
   -0.40000000000000    0.35714285714286    0.40000000000000             2
   -0.30000000000000    0.35714285714286    0.40000000000000             2
   -0.20000000000000    0.35714285714286    0.40000000000000             2
   -0.10000000000000    0.35714285714286    0.40000000000000             2
    0.00000000000000    0.42857142857143    0.40000000000000             2
    0.10000000000000    0.42857142857143    0.40000000000000             2
    0.20000000000000    0.42857142857143    0.40000000000000             2
    0.30000000000000    0.42857142857143    0.40000000000000             2
    0.40000000000000    0.42857142857143    0.40000000000000             2
    0.50000000000000    0.42857142857143    0.40000000000000             2
   -0.40000000000000    0.42857142857143    0.40000000000000             2
   -0.30000000000000    0.42857142857143    0.40000000000000             2
   -0.20000000000000    0.42857142857143    0.40000000000000             2
   -0.10000000000000    0.42857142857143    0.40000000000000             2
    0.00000000000000    0.50000000000000    0.40000000000000             2
    0.10000000000000    0.50000000000000    0.40000000000000             2
    0.20000000000000    0.50000000000000    0.40000000000000             2
    0.30000000000000    0.50000000000000    0.40000000000000             2
    0.40000000000000    0.50000000000000    0.40000000000000             2
    0.50000000000000    0.50000000000000    0.40000000000000             2
   -0.40000000000000    0.50000000000000    0.40000000000000             2
   -0.30000000000000    0.50000000000000    0.40000000000000             2
   -0.20000000000000    0.50000000000000    0.40000000000000             2
   -0.10000000000000    0.50000000000000    0.40000000000000             2
    0.00000000000000   -0.42857142857143    0.40000000000000             2
    0.10000000000000   -0.42857142857143    0.40000000000000             2
    0.20000000000000   -0.42857142857143    0.40000000000000             2
    0.30000000000000   -0.42857142857143    0.40000000000000             2
    0.40000000000000   -0.42857142857143    0.40000000000000             2
    0.50000000000000   -0.42857142857143    0.40000000000000             2
   -0.40000000000000   -0.42857142857143    0.40000000000000             2
   -0.30000000000000   -0.42857142857143    0.40000000000000             2
   -0.20000000000000   -0.42857142857143    0.40000000000000             2
   -0.10000000000000   -0.42857142857143    0.40000000000000             2
    0.00000000000000   -0.35714285714286    0.40000000000000             2
    0.10000000000000   -0.35714285714286    0.40000000000000             2
    0.20000000000000   -0.35714285714286    0.40000000000000             2
    0.30000000000000   -0.35714285714286    0.40000000000000             2
    0.40000000000000   -0.35714285714286    0.40000000000000             2
    0.50000000000000   -0.35714285714286    0.40000000000000             2
   -0.40000000000000   -0.35714285714286    0.40000000000000             2
   -0.30000000000000   -0.35714285714286    0.40000000000000             2
   -0.20000000000000   -0.35714285714286    0.40000000000000             2
   -0.10000000000000   -0.35714285714286    0.40000000000000             2
    0.00000000000000   -0.28571428571429    0.40000000000000             2
    0.10000000000000   -0.28571428571429    0.40000000000000             2
    0.20000000000000   -0.28571428571429    0.40000000000000             2
    0.30000000000000   -0.28571428571429    0.40000000000000             2
    0.40000000000000   -0.28571428571429    0.40000000000000             2
    0.50000000000000   -0.28571428571429    0.40000000000000             2
   -0.40000000000000   -0.28571428571429    0.40000000000000             2
   -0.30000000000000   -0.28571428571429    0.40000000000000             2
   -0.20000000000000   -0.28571428571429    0.40000000000000             2
   -0.10000000000000   -0.28571428571429    0.40000000000000             2
    0.00000000000000   -0.21428571428571    0.40000000000000             2
    0.10000000000000   -0.21428571428571    0.40000000000000             2
    0.20000000000000   -0.21428571428571    0.40000000000000             2
    0.30000000000000   -0.21428571428571    0.40000000000000             2
    0.40000000000000   -0.21428571428571    0.40000000000000             2
    0.50000000000000   -0.21428571428571    0.40000000000000             2
   -0.40000000000000   -0.21428571428571    0.40000000000000             2
   -0.30000000000000   -0.21428571428571    0.40000000000000             2
   -0.20000000000000   -0.21428571428571    0.40000000000000             2
   -0.10000000000000   -0.21428571428571    0.40000000000000             2
    0.00000000000000   -0.14285714285714    0.40000000000000             2
    0.10000000000000   -0.14285714285714    0.40000000000000             2
    0.20000000000000   -0.14285714285714    0.40000000000000             2
    0.30000000000000   -0.14285714285714    0.40000000000000             2
    0.40000000000000   -0.14285714285714    0.40000000000000             2
    0.50000000000000   -0.14285714285714    0.40000000000000             2
   -0.40000000000000   -0.14285714285714    0.40000000000000             2
   -0.30000000000000   -0.14285714285714    0.40000000000000             2
   -0.20000000000000   -0.14285714285714    0.40000000000000             2
   -0.10000000000000   -0.14285714285714    0.40000000000000             2
    0.00000000000000   -0.07142857142857    0.40000000000000             2
    0.10000000000000   -0.07142857142857    0.40000000000000             2
    0.20000000000000   -0.07142857142857    0.40000000000000             2
    0.30000000000000   -0.07142857142857    0.40000000000000             2
    0.40000000000000   -0.07142857142857    0.40000000000000             2
    0.50000000000000   -0.07142857142857    0.40000000000000             2
   -0.40000000000000   -0.07142857142857    0.40000000000000             2
   -0.30000000000000   -0.07142857142857    0.40000000000000             2
   -0.20000000000000   -0.07142857142857    0.40000000000000             2
   -0.10000000000000   -0.07142857142857    0.40000000000000             2
