Automatically generated mesh
      48
Reciprocal lattice
    0.08333333333333    0.12500000000000    0.12500000000000             2
    0.25000000000000    0.12500000000000    0.12500000000000             2
    0.41666666666667    0.12500000000000    0.12500000000000             2
   -0.41666666666667    0.12500000000000    0.12500000000000             2
   -0.25000000000000    0.12500000000000    0.12500000000000             2
   -0.08333333333333    0.12500000000000    0.12500000000000             2
    0.08333333333333    0.37500000000000    0.12500000000000             2
    0.25000000000000    0.37500000000000    0.12500000000000             2
    0.41666666666667    0.37500000000000    0.12500000000000             2
   -0.41666666666667    0.37500000000000    0.12500000000000             2
   -0.25000000000000    0.37500000000000    0.12500000000000             2
   -0.08333333333333    0.37500000000000    0.12500000000000             2
    0.08333333333333   -0.37500000000000    0.12500000000000             2
    0.25000000000000   -0.37500000000000    0.12500000000000             2
    0.41666666666667   -0.37500000000000    0.12500000000000             2
   -0.41666666666667   -0.37500000000000    0.12500000000000             2
   -0.25000000000000   -0.37500000000000    0.12500000000000             2
   -0.08333333333333   -0.37500000000000    0.12500000000000             2
    0.08333333333333   -0.12500000000000    0.12500000000000             2
    0.25000000000000   -0.12500000000000    0.12500000000000             2
    0.41666666666667   -0.12500000000000    0.12500000000000             2
   -0.41666666666667   -0.12500000000000    0.12500000000000             2
   -0.25000000000000   -0.12500000000000    0.12500000000000             2
   -0.08333333333333   -0.12500000000000    0.12500000000000             2
    0.08333333333333    0.12500000000000    0.37500000000000             2
    0.25000000000000    0.12500000000000    0.37500000000000             2
    0.41666666666667    0.12500000000000    0.37500000000000             2
   -0.41666666666667    0.12500000000000    0.37500000000000             2
   -0.25000000000000    0.12500000000000    0.37500000000000             2
   -0.08333333333333    0.12500000000000    0.37500000000000             2
    0.08333333333333    0.37500000000000    0.37500000000000             2
    0.25000000000000    0.37500000000000    0.37500000000000             2
    0.41666666666667    0.37500000000000    0.37500000000000             2
   -0.41666666666667    0.37500000000000    0.37500000000000             2
   -0.25000000000000    0.37500000000000    0.37500000000000             2
   -0.08333333333333    0.37500000000000    0.37500000000000             2
    0.08333333333333   -0.37500000000000    0.37500000000000             2
    0.25000000000000   -0.37500000000000    0.37500000000000             2
    0.41666666666667   -0.37500000000000    0.37500000000000             2
   -0.41666666666667   -0.37500000000000    0.37500000000000             2
   -0.25000000000000   -0.37500000000000    0.37500000000000             2
   -0.08333333333333   -0.37500000000000    0.37500000000000             2
    0.08333333333333   -0.12500000000000    0.37500000000000             2
    0.25000000000000   -0.12500000000000    0.37500000000000             2
    0.41666666666667   -0.12500000000000    0.37500000000000             2
   -0.41666666666667   -0.12500000000000    0.37500000000000             2
   -0.25000000000000   -0.12500000000000    0.37500000000000             2
   -0.08333333333333   -0.12500000000000    0.37500000000000             2
Tetrahedra
       288    0.00173611111111
         2         2         7         8        31
         2         1         2         7        31
         2         1         2        25        31
         2         2         8        31        32
         2         2        26        31        32
         2         2        25        26        31
         2         3         8         9        32
         2         2         3         8        32
         2         2         3        26        32
         2         3         9        32        33
         2         3        27        32        33
         2         3        26        27        32
         2         4         9        10        33
         2         3         4         9        33
         2         3         4        27        33
         2         4        10        33        34
         2         4        28        33        34
         2         4        27        28        33
         2         5        10        11        34
         2         4         5        10        34
         2         4         5        28        34
         2         5        11        34        35
         2         5        29        34        35
         2         5        28        29        34
         2         6        11        12        35
         2         5         6        11        35
         2         5         6        29        35
         2         6        12        35        36
         2         6        30        35        36
         2         6        29        30        35
         2         1         7        12        36
         2         1         6        12        36
         2         1         6        30        36
         2         1         7        31        36
         2         1        25        31        36
         2         1        25        30        36
         2         8        13        14        37
         2         7         8        13        37
         2         7         8        31        37
         2         8        14        37        38
         2         8        32        37        38
         2         8        31        32        37
         2         9        14        15        38
         2         8         9        14        38
         2         8         9        32        38
         2         9        15        38        39
         2         9        33        38        39
         2         9        32        33        38
         2        10        15        16        39
         2         9        10        15        39
         2         9        10        33        39
         2        10        16        39        40
         2        10        34        39        40
         2        10        33        34        39
         2        11        16        17        40
         2        10        11        16        40
         2        10        11        34        40
         2        11        17        40        41
         2        11        35        40        41
         2        11        34        35        40
         2        12        17        18        41
         2        11        12        17        41
         2        11        12        35        41
         2        12        18        41        42
         2        12        36        41        42
         2        12        35        36        41
         2         7        13        18        42
         2         7        12        18        42
         2         7        12        36        42
         2         7        13        37        42
         2         7        31        37        42
         2         7        31        36        42
         2        14        19        20        43
         2        13        14        19        43
         2        13        14        37        43
         2        14        20        43        44
         2        14        38        43        44
         2        14        37        38        43
         2        15        20        21        44
         2        14        15        20        44
         2        14        15        38        44
         2        15        21        44        45
         2        15        39        44        45
         2        15        38        39        44
         2        16        21        22        45
         2        15        16        21        45
         2        15        16        39        45
         2        16        22        45        46
         2        16        40        45        46
         2        16        39        40        45
         2        17        22        23        46
         2        16        17        22        46
         2        16        17        40        46
         2        17        23        46        47
         2        17        41        46        47
         2        17        40        41        46
         2        18        23        24        47
         2        17        18        23        47
         2        17        18        41        47
         2        18        24        47        48
         2        18        42        47        48
         2        18        41        42        47
         2        13        19        24        48
         2        13        18        24        48
         2        13        18        42        48
         2        13        19        43        48
         2        13        37        43        48
         2        13        37        42        48
         2         1         2        20        25
         2         1        19        20        25
         2        19        20        25        43
         2         2        20        25        26
         2        20        25        26        44
         2        20        25        43        44
         2         2         3        21        26
         2         2        20        21        26
         2        20        21        26        44
         2         3        21        26        27
         2        21        26        27        45
         2        21        26        44        45
         2         3         4        22        27
         2         3        21        22        27
         2        21        22        27        45
         2         4        22        27        28
         2        22        27        28        46
         2        22        27        45        46
         2         4         5        23        28
         2         4        22        23        28
         2        22        23        28        46
         2         5        23        28        29
         2        23        28        29        47
         2        23        28        46        47
         2         5         6        24        29
         2         5        23        24        29
         2        23        24        29        47
         2         6        24        29        30
         2        24        29        30        48
         2        24        29        47        48
         2         1         6        19        30
         2         6        19        24        30
         2        19        24        30        48
         2         1        19        25        30
         2        19        25        30        43
         2        19        30        43        48
         2        26        31        32        42
         2        25        26        31        42
         2        25        26        42        48
         2        26        32        41        42
         2        26        41        42        47
         2        26        42        47        48
         2        27        32        33        41
         2        26        27        32        41
         2        26        27        41        47
         2        27        33        40        41
         2        27        40        41        46
         2        27        41        46        47
         2        28        33        34        40
         2        27        28        33        40
         2        27        28        40        46
         2        28        34        39        40
         2        28        39        40        45
         2        28        40        45        46
         2        29        34        35        39
         2        28        29        34        39
         2        28        29        39        45
         2        29        35        38        39
         2        29        38        39        44
         2        29        39        44        45
         2        30        35        36        38
         2        29        30        35        38
         2        29        30        38        44
         2        30        36        37        38
         2        30        37        38        43
         2        30        38        43        44
         2        25        31        36        37
         2        25        30        36        37
         2        25        30        37        43
         2        25        31        37        42
         2        25        37        42        48
         2        25        37        43        48
         2        32        36        37        38
         2        31        32        36        37
         2        31        32        36        42
         2        32        35        36        38
         2        32        35        36        41
         2        32        36        41        42
         2        33        35        38        39
         2        32        33        35        38
         2        32        33        35        41
         2        33        34        35        39
         2        33        34        35        40
         2        33        35        40        41
         2        34        34        39        40
         2        33        34        34        39
         2        33        34        34        40
         2        31        31        37        42
         2        31        31        36        42
         2        31        31        36        37
         2        25        26        44        48
         2        25        43        44        48
         2        30        43        44        48
         2        26        44        47        48
         2        29        44        47        48
         2        29        30        44        48
         2        26        27        45        47
         2        26        44        45        47
         2        29        44        45        47
         2        27        45        46        47
         2        28        45        46        47
         2        28        29        45        47
         2        27        28        46        46
         2        27        45        46        46
         2        28        45        46        46
         2        25        30        43        43
         2        30        43        43        48
         2        25        43        43        48
         2         7        17        18        23
         2         7        18        23        24
         2         1         7        23        24
         2         7         8        17        23
         2         2         7         8        23
         2         1         2         7        23
         2         8        16        17        22
         2         8        17        22        23
         2         2         8        22        23
         2         8         9        16        22
         2         3         8         9        22
         2         2         3         8        22
         2         9        15        16        21
         2         9        16        21        22
         2         3         9        21        22
         2         9        10        15        21
         2         4         9        10        21
         2         3         4         9        21
         2        10        14        15        20
         2        10        15        20        21
         2         4        10        20        21
         2        10        11        14        20
         2         5        10        11        20
         2         4         5        10        20
         2        11        13        14        19
         2        11        14        19        20
         2         5        11        19        20
         2        11        12        13        19
         2         6        11        12        19
         2         5         6        11        19
         2        12        13        18        24
         2        12        13        19        24
         2         6        12        19        24
         2         7        12        18        24
         2         1         7        12        24
         2         1         6        12        24
         2        11        12        13        17
         2        12        13        17        18
         2         7        13        17        18
         2        11        13        14        17
         2         8        13        14        17
         2         7         8        13        17
         2        10        11        14        16
         2        11        14        16        17
         2         8        14        16        17
         2        10        14        15        16
         2         9        14        15        16
         2         8         9        14        16
         2         9        10        15        15
         2        10        15        15        16
         2         9        15        15        16
         2         7        12        18        18
         2         7        13        18        18
         2        12        13        18        18
         2         1         5        23        24
         2         1         5         6        24
         2         1         5         6        19
         2         1         2         5        23
         2         1         2         5        20
         2         1         5        19        20
         2         2         4        22        23
         2         2         4         5        23
         2         2         4         5        20
         2         2         3         4        22
         2         2         3         4        21
         2         2         4        20        21
         2         3         3        21        22
         2         3         3         4        22
         2         3         3         4        21
         2         6         6        19        24
         2         1         6         6        19
         2         1         6         6        24
