Automatically generated mesh
      31
Reciprocal lattice
    0.00000000000000    0.00000000000000    0.00000000000000             1
    0.25000000000000    0.00000000000000    0.00000000000000             2
    0.50000000000000    0.00000000000000    0.00000000000000             1
    0.00000000000000    0.20000000000000    0.00000000000000             2
    0.25000000000000    0.20000000000000    0.00000000000000             2
    0.50000000000000    0.20000000000000    0.00000000000000             2
   -0.25000000000000    0.20000000000000    0.00000000000000             2
    0.00000000000000    0.40000000000000    0.00000000000000             2
    0.25000000000000    0.40000000000000    0.00000000000000             2
    0.50000000000000    0.40000000000000    0.00000000000000             2
   -0.25000000000000    0.40000000000000    0.00000000000000             2
    0.00000000000000    0.00000000000000    0.33333333333333             2
    0.25000000000000    0.00000000000000    0.33333333333333             2
    0.50000000000000    0.00000000000000    0.33333333333333             2
   -0.25000000000000    0.00000000000000    0.33333333333333             2
    0.00000000000000    0.20000000000000    0.33333333333333             2
    0.25000000000000    0.20000000000000    0.33333333333333             2
    0.50000000000000    0.20000000000000    0.33333333333333             2
   -0.25000000000000    0.20000000000000    0.33333333333333             2
    0.00000000000000    0.40000000000000    0.33333333333333             2
    0.25000000000000    0.40000000000000    0.33333333333333             2
    0.50000000000000    0.40000000000000    0.33333333333333             2
   -0.25000000000000    0.40000000000000    0.33333333333333             2
    0.00000000000000   -0.40000000000000    0.33333333333333             2
    0.25000000000000   -0.40000000000000    0.33333333333333             2
    0.50000000000000   -0.40000000000000    0.33333333333333             2
   -0.25000000000000   -0.40000000000000    0.33333333333333             2
    0.00000000000000   -0.20000000000000    0.33333333333333             2
    0.25000000000000   -0.20000000000000    0.33333333333333             2
    0.50000000000000   -0.20000000000000    0.33333333333333             2
   -0.25000000000000   -0.20000000000000    0.33333333333333             2
Tetrahedra
       178    0.00277777777778
         2         2         4         5        16
         2         1         2         4        16
         2         1         2        12        16
         2         2         5        16        17
         2         2        13        16        17
         2         2        12        13        16
         2         3         5         6        17
         2         2         3         5        17
         2         2         3        13        17
         2         3         6        17        18
         2         3        14        17        18
         2         3        13        14        17
         2         2         6         7        18
         2         2         3         6        18
         2         2         3        14        18
         2         2         7        18        19
         2         2        15        18        19
         2         2        14        15        18
         2         1         4         7        19
         2         1         2         7        19
         2         1         2        15        19
         2         1         4        16        19
         2         1        12        16        19
         2         1        12        15        19
         2         5         8         9        20
         2         4         5         8        20
         2         4         5        16        20
         2         5         9        20        21
         2         5        17        20        21
         2         5        16        17        20
         2         6         9        10        21
         2         5         6         9        21
         2         5         6        17        21
         2         6        10        21        22
         2         6        18        21        22
         2         6        17        18        21
         2         7        10        11        22
         2         6         7        10        22
         2         6         7        18        22
         2         7        11        22        23
         2         7        19        22        23
         2         7        18        19        22
         2         4         8        11        23
         2         4         7        11        23
         2         4         7        19        23
         2         4         8        20        23
         2         4        16        20        23
         2         4        16        19        23
         2         8         9        11        24
         2         8         8         9        24
         2         8         9        20        24
         2         9        11        24        25
         2         9        21        24        25
         2         9        20        21        24
         2        10        10        11        25
         2         9        10        11        25
         2         9        10        21        25
         2        10        10        25        26
         2        10        22        25        26
         2        10        21        22        25
         2         9        10        11        26
         2        10        10        11        26
         2        10        11        22        26
         2         9        11        26        27
         2        11        23        26        27
         2        11        22        23        26
         2         8         8         9        27
         2         8         9        11        27
         2         8        11        23        27
         2         8         8        24        27
         2         8        20        24        27
         2         8        20        23        27
         2         4         7        11        28
         2         4         8        11        28
         2         8        11        24        28
         2         7        11        28        29
         2        11        25        28        29
         2        11        24        25        28
         2         6         7        10        29
         2         7        10        11        29
         2        10        11        25        29
         2         6        10        29        30
         2        10        26        29        30
         2        10        25        26        29
         2         5         6         9        30
         2         6         9        10        30
         2         9        10        26        30
         2         5         9        30        31
         2         9        27        30        31
         2         9        26        27        30
         2         4         5         8        31
         2         5         8         9        31
         2         8         9        27        31
         2         4         8        28        31
         2         8        24        28        31
         2         8        24        27        31
         2         1         2         7        12
         2         1         4         7        12
         2         4         7        12        28
         2         2         7        12        13
         2         7        12        13        29
         2         7        12        28        29
         2         2         3         6        13
         2         2         6         7        13
         2         6         7        13        29
         2         3         6        13        14
         2         6        13        14        30
         2         6        13        29        30
         2         2         3         5        14
         2         3         5         6        14
         2         5         6        14        30
         2         2         5        14        15
         2         5        14        15        31
         2         5        14        30        31
         2         1         2         4        15
         2         2         4         5        15
         2         4         5        15        31
         2         1         4        12        15
         2         4        12        15        28
         2         4        15        28        31
         2        13        16        17        28
         2        12        13        16        28
         2        12        12        13        28
         2        13        17        28        31
         2        13        15        28        31
         2        12        13        15        28
         2        14        17        18        31
         2        13        14        17        31
         2        13        14        15        31
         2        14        18        30        31
         2        14        14        30        31
         2        14        14        15        31
         2        15        18        19        30
         2        14        15        18        30
         2        14        14        15        30
         2        15        19        29        30
         2        13        15        29        30
         2        13        14        15        30
         2        12        16        19        29
         2        12        15        19        29
         2        12        13        15        29
         2        12        16        28        29
         2        12        12        28        29
         2        12        12        13        29
         2        17        20        21        24
         2        16        17        20        24
         2        16        17        24        28
         2        17        21        24        27
         2        17        24        27        31
         2        17        24        28        31
         2        18        21        22        27
         2        17        18        21        27
         2        17        18        27        31
         2        18        22        26        27
         2        18        26        27        30
         2        18        27        30        31
         2        19        22        23        26
         2        18        19        22        26
         2        18        19        26        30
         2        19        23        25        26
         2        19        25        26        29
         2        19        26        29        30
         2        16        20        23        25
         2        16        19        23        25
         2        16        19        25        29
         2        16        20        24        25
         2        16        24        25        28
         2        16        25        28        29
         2        20        21        24        25
         4        20        20        21        24
         2        20        21        23        25
         2        20        21        23        27
         2        20        21        24        27
         2        22        23        25        26
         2        21        22        23        25
         2        21        22        23        27
         4        22        22        23        26
         2        22        23        26        27
