Automatically generated mesh
      55
Reciprocal lattice
    0.00000000000000    0.00000000000000    0.00000000000000             1
    0.11111111111111    0.00000000000000    0.00000000000000             2
    0.22222222222222    0.00000000000000    0.00000000000000             2
    0.33333333333333    0.00000000000000    0.00000000000000             2
    0.44444444444444    0.00000000000000    0.00000000000000             2
    0.00000000000000    0.25000000000000    0.00000000000000             2
    0.11111111111111    0.25000000000000    0.00000000000000             2
    0.22222222222222    0.25000000000000    0.00000000000000             2
    0.33333333333333    0.25000000000000    0.00000000000000             2
    0.44444444444444    0.25000000000000    0.00000000000000             2
   -0.44444444444444    0.25000000000000    0.00000000000000             2
   -0.33333333333333    0.25000000000000    0.00000000000000             2
   -0.22222222222222    0.25000000000000    0.00000000000000             2
   -0.11111111111111    0.25000000000000    0.00000000000000             2
    0.00000000000000    0.50000000000000    0.00000000000000             1
    0.11111111111111    0.50000000000000    0.00000000000000             2
    0.22222222222222    0.50000000000000    0.00000000000000             2
    0.33333333333333    0.50000000000000    0.00000000000000             2
    0.44444444444444    0.50000000000000    0.00000000000000             2
    0.00000000000000    0.00000000000000    0.33333333333333             2
    0.11111111111111    0.00000000000000    0.33333333333333             2
    0.22222222222222    0.00000000000000    0.33333333333333             2
    0.33333333333333    0.00000000000000    0.33333333333333             2
    0.44444444444444    0.00000000000000    0.33333333333333             2
   -0.44444444444444    0.00000000000000    0.33333333333333             2
   -0.33333333333333    0.00000000000000    0.33333333333333             2
   -0.22222222222222    0.00000000000000    0.33333333333333             2
   -0.11111111111111    0.00000000000000    0.33333333333333             2
    0.00000000000000    0.25000000000000    0.33333333333333             2
    0.11111111111111    0.25000000000000    0.33333333333333             2
    0.22222222222222    0.25000000000000    0.33333333333333             2
    0.33333333333333    0.25000000000000    0.33333333333333             2
    0.44444444444444    0.25000000000000    0.33333333333333             2
   -0.44444444444444    0.25000000000000    0.33333333333333             2
   -0.33333333333333    0.25000000000000    0.33333333333333             2
   -0.22222222222222    0.25000000000000    0.33333333333333             2
   -0.11111111111111    0.25000000000000    0.33333333333333             2
    0.00000000000000    0.50000000000000    0.33333333333333             2
    0.11111111111111    0.50000000000000    0.33333333333333             2
    0.22222222222222    0.50000000000000    0.33333333333333             2
    0.33333333333333    0.50000000000000    0.33333333333333             2
    0.44444444444444    0.50000000000000    0.33333333333333             2
   -0.44444444444444    0.50000000000000    0.33333333333333             2
   -0.33333333333333    0.50000000000000    0.33333333333333             2
   -0.22222222222222    0.50000000000000    0.33333333333333             2
   -0.11111111111111    0.50000000000000    0.33333333333333             2
    0.00000000000000   -0.25000000000000    0.33333333333333             2
    0.11111111111111   -0.25000000000000    0.33333333333333             2
    0.22222222222222   -0.25000000000000    0.33333333333333             2
    0.33333333333333   -0.25000000000000    0.33333333333333             2
    0.44444444444444   -0.25000000000000    0.33333333333333             2
   -0.44444444444444   -0.25000000000000    0.33333333333333             2
   -0.33333333333333   -0.25000000000000    0.33333333333333             2
   -0.22222222222222   -0.25000000000000    0.33333333333333             2
   -0.11111111111111   -0.25000000000000    0.33333333333333             2
Tetrahedra
       322    0.00154320987654
         2         1         2         7        20
         2         1         6         7        20
         2         6         7        20        29
         2         2         7        20        21
         2         7        20        21        30
         2         7        20        29        30
         2         2         3         8        21
         2         2         7         8        21
         2         7         8        21        30
         2         3         8        21        22
         2         8        21        22        31
         2         8        21        30        31
         2         3         4         9        22
         2         3         8         9        22
         2         8         9        22        31
         2         4         9        22        23
         2         9        22        23        32
         2         9        22        31        32
         2         4         5        10        23
         2         4         9        10        23
         2         9        10        23        32
         2         5        10        23        24
         2        10        23        24        33
         2        10        23        32        33
         2         5         5        11        24
         2         5        10        11        24
         2        10        11        24        33
         2         5        11        24        25
         2        11        24        25        34
         2        11        24        33        34
         2         4         5        12        25
         2         5        11        12        25
         2        11        12        25        34
         2         4        12        25        26
         2        12        25        26        35
         2        12        25        34        35
         2         3         4        13        26
         2         4        12        13        26
         2        12        13        26        35
         2         3        13        26        27
         2        13        26        27        36
         2        13        26        35        36
         2         2         3        14        27
         2         3        13        14        27
         2        13        14        27        36
         2         2        14        27        28
         2        14        27        28        37
         2        14        27        36        37
         2         1         2         6        28
         2         2         6        14        28
         2         6        14        28        37
         2         1         6        20        28
         2         6        20        28        29
         2         6        28        29        37
         2         6         7        16        29
         2         6        15        16        29
         2        15        16        29        38
         2         7        16        29        30
         2        16        29        30        39
         2        16        29        38        39
         2         7         8        17        30
         2         7        16        17        30
         2        16        17        30        39
         2         8        17        30        31
         2        17        30        31        40
         2        17        30        39        40
         2         8         9        18        31
         2         8        17        18        31
         2        17        18        31        40
         2         9        18        31        32
         2        18        31        32        41
         2        18        31        40        41
         2         9        10        19        32
         2         9        18        19        32
         2        18        19        32        41
         2        10        19        32        33
         2        19        32        33        42
         2        19        32        41        42
         2        10        11        19        33
         2        10        19        19        33
         2        19        19        33        42
         2        11        19        33        34
         2        19        33        34        43
         2        19        33        42        43
         2        11        12        18        34
         2        11        18        19        34
         2        18        19        34        43
         2        12        18        34        35
         2        18        34        35        44
         2        18        34        43        44
         2        12        13        17        35
         2        12        17        18        35
         2        17        18        35        44
         2        13        17        35        36
         2        17        35        36        45
         2        17        35        44        45
         2        13        14        16        36
         2        13        16        17        36
         2        16        17        36        45
         2        14        16        36        37
         2        16        36        37        46
         2        16        36        45        46
         2         6        14        15        37
         2        14        15        16        37
         2        15        16        37        46
         2         6        15        29        37
         2        15        29        37        38
         2        15        37        38        46
         2        14        15        16        38
         2         6        14        15        38
         2         6        14        38        47
         2        14        16        38        39
         2        14        38        39        48
         2        14        38        47        48
         2        13        16        17        39
         2        13        14        16        39
         2        13        14        39        48
         2        13        17        39        40
         2        13        39        40        49
         2        13        39        48        49
         2        12        17        18        40
         2        12        13        17        40
         2        12        13        40        49
         2        12        18        40        41
         2        12        40        41        50
         2        12        40        49        50
         2        11        18        19        41
         2        11        12        18        41
         2        11        12        41        50
         2        11        19        41        42
         2        11        41        42        51
         2        11        41        50        51
         2        10        19        19        42
         2        10        11        19        42
         2        10        11        42        51
         2        10        19        42        43
         2        10        42        43        52
         2        10        42        51        52
         2         9        18        19        43
         2         9        10        19        43
         2         9        10        43        52
         2         9        18        43        44
         2         9        43        44        53
         2         9        43        52        53
         2         8        17        18        44
         2         8         9        18        44
         2         8         9        44        53
         2         8        17        44        45
         2         8        44        45        54
         2         8        44        53        54
         2         7        16        17        45
         2         7         8        17        45
         2         7         8        45        54
         2         7        16        45        46
         2         7        45        46        55
         2         7        45        54        55
         2         6        15        16        46
         2         6         7        16        46
         2         6         7        46        55
         2         6        15        38        46
         2         6        38        46        47
         2         6        46        47        55
         2         2         6        14        47
         2         1         2         6        47
         2         1         2        20        47
         2         2        14        47        48
         2         2        21        47        48
         2         2        20        21        47
         2         3        13        14        48
         2         2         3        14        48
         2         2         3        21        48
         2         3        13        48        49
         2         3        22        48        49
         2         3        21        22        48
         2         4        12        13        49
         2         3         4        13        49
         2         3         4        22        49
         2         4        12        49        50
         2         4        23        49        50
         2         4        22        23        49
         2         5        11        12        50
         2         4         5        12        50
         2         4         5        23        50
         2         5        11        50        51
         2         5        24        50        51
         2         5        23        24        50
         2         5        10        11        51
         2         5         5        11        51
         2         5         5        24        51
         2         5        10        51        52
         2         5        25        51        52
         2         5        24        25        51
         2         4         9        10        52
         2         4         5        10        52
         2         4         5        25        52
         2         4         9        52        53
         2         4        26        52        53
         2         4        25        26        52
         2         3         8         9        53
         2         3         4         9        53
         2         3         4        26        53
         2         3         8        53        54
         2         3        27        53        54
         2         3        26        27        53
         2         2         7         8        54
         2         2         3         8        54
         2         2         3        27        54
         2         2         7        54        55
         2         2        28        54        55
         2         2        27        28        54
         2         1         6         7        55
         2         1         2         7        55
         2         1         2        28        55
         2         1         6        47        55
         2         1        20        47        55
         2         1        20        28        55
         2        20        20        21        30
         2        20        20        29        30
         2        20        29        30        47
         2        20        21        28        30
         2        20        28        30        55
         2        20        30        47        55
         2        21        22        28        31
         2        21        28        30        31
         2        28        30        31        55
         2        22        27        28        31
         2        27        28        31        54
         2        28        31        54        55
         2        22        23        27        32
         2        22        27        31        32
         2        27        31        32        54
         2        23        26        27        32
         2        26        27        32        53
         2        27        32        53        54
         2        23        24        26        33
         2        23        26        32        33
         2        26        32        33        53
         2        24        25        26        33
         2        25        26        33        52
         2        26        33        52        53
         4        24        25        25        34
         2        24        25        33        34
         2        25        33        34        52
         2        24        25        34        51
         2        25        34        51        52
         2        24        25        26        35
         2        24        25        34        35
         2        24        34        35        51
         2        23        24        26        35
         2        23        24        35        50
         2        24        35        50        51
         2        23        26        27        36
         2        23        26        35        36
         2        23        35        36        50
         2        22        23        27        36
         2        22        23        36        49
         2        23        36        49        50
         2        22        27        28        37
         2        22        27        36        37
         2        22        36        37        49
         2        21        22        28        37
         2        21        22        37        48
         2        22        37        48        49
         2        20        21        28        29
         2        21        28        29        37
         2        21        29        37        48
         2        20        20        21        29
         2        20        21        29        47
         2        21        29        47        48
         2        29        30        39        47
         2        29        38        39        47
         2        38        38        39        47
         2        30        39        47        55
         2        39        46        47        55
         2        38        39        46        47
         2        30        31        40        55
         2        30        39        40        55
         2        39        40        46        55
         2        31        40        54        55
         2        40        45        54        55
         2        40        45        46        55
         2        31        32        41        54
         2        31        40        41        54
         2        40        41        45        54
         2        32        41        53        54
         2        41        44        53        54
         2        41        44        45        54
         2        32        33        42        53
         2        32        41        42        53
         2        41        42        44        53
         2        33        42        52        53
         2        42        43        52        53
         2        42        43        44        53
         2        33        34        43        52
         2        33        42        43        52
         4        42        43        43        52
         2        34        43        51        52
         2        42        43        51        52
         2        34        35        44        51
         2        34        43        44        51
         2        42        43        44        51
         2        35        44        50        51
         2        41        44        50        51
         2        41        42        44        51
         2        35        36        45        50
         2        35        44        45        50
         2        41        44        45        50
         2        36        45        49        50
         2        40        45        49        50
         2        40        41        45        50
         2        36        37        46        49
         2        36        45        46        49
         2        40        45        46        49
         2        37        46        48        49
         2        39        46        48        49
         2        39        40        46        49
         2        29        37        38        48
         2        37        38        46        48
         2        38        39        46        48
         2        29        38        47        48
         2        38        38        47        48
         2        38        38        39        48
