Automatically generated mesh
      88
Reciprocal lattice
    0.00000000000000    0.00000000000000    0.00000000000000             1
    0.20000000000000    0.00000000000000    0.00000000000000             2
    0.40000000000000    0.00000000000000    0.00000000000000             2
    0.00000000000000    0.14285714285714    0.00000000000000             2
    0.20000000000000    0.14285714285714    0.00000000000000             2
    0.40000000000000    0.14285714285714    0.00000000000000             2
   -0.40000000000000    0.14285714285714    0.00000000000000             2
   -0.20000000000000    0.14285714285714    0.00000000000000             2
    0.00000000000000    0.28571428571429    0.00000000000000             2
    0.20000000000000    0.28571428571429    0.00000000000000             2
    0.40000000000000    0.28571428571429    0.00000000000000             2
   -0.40000000000000    0.28571428571429    0.00000000000000             2
   -0.20000000000000    0.28571428571429    0.00000000000000             2
    0.00000000000000    0.42857142857143    0.00000000000000             2
    0.20000000000000    0.42857142857143    0.00000000000000             2
    0.40000000000000    0.42857142857143    0.00000000000000             2
   -0.40000000000000    0.42857142857143    0.00000000000000             2
   -0.20000000000000    0.42857142857143    0.00000000000000             2
    0.00000000000000    0.00000000000000    0.20000000000000             2
    0.20000000000000    0.00000000000000    0.20000000000000             2
    0.40000000000000    0.00000000000000    0.20000000000000             2
   -0.40000000000000    0.00000000000000    0.20000000000000             2
   -0.20000000000000    0.00000000000000    0.20000000000000             2
    0.00000000000000    0.14285714285714    0.20000000000000             2
    0.20000000000000    0.14285714285714    0.20000000000000             2
    0.40000000000000    0.14285714285714    0.20000000000000             2
   -0.40000000000000    0.14285714285714    0.20000000000000             2
   -0.20000000000000    0.14285714285714    0.20000000000000             2
    0.00000000000000    0.28571428571429    0.20000000000000             2
    0.20000000000000    0.28571428571429    0.20000000000000             2
    0.40000000000000    0.28571428571429    0.20000000000000             2
   -0.40000000000000    0.28571428571429    0.20000000000000             2
   -0.20000000000000    0.28571428571429    0.20000000000000             2
    0.00000000000000    0.42857142857143    0.20000000000000             2
    0.20000000000000    0.42857142857143    0.20000000000000             2
    0.40000000000000    0.42857142857143    0.20000000000000             2
   -0.40000000000000    0.42857142857143    0.20000000000000             2
   -0.20000000000000    0.42857142857143    0.20000000000000             2
    0.00000000000000   -0.42857142857143    0.20000000000000             2
    0.20000000000000   -0.42857142857143    0.20000000000000             2
    0.40000000000000   -0.42857142857143    0.20000000000000             2
   -0.40000000000000   -0.42857142857143    0.20000000000000             2
   -0.20000000000000   -0.42857142857143    0.20000000000000             2
    0.00000000000000   -0.28571428571429    0.20000000000000             2
    0.20000000000000   -0.28571428571429    0.20000000000000             2
    0.40000000000000   -0.28571428571429    0.20000000000000             2
   -0.40000000000000   -0.28571428571429    0.20000000000000             2
   -0.20000000000000   -0.28571428571429    0.20000000000000             2
    0.00000000000000   -0.14285714285714    0.20000000000000             2
    0.20000000000000   -0.14285714285714    0.20000000000000             2
    0.40000000000000   -0.14285714285714    0.20000000000000             2
   -0.40000000000000   -0.14285714285714    0.20000000000000             2
   -0.20000000000000   -0.14285714285714    0.20000000000000             2
    0.00000000000000    0.00000000000000    0.40000000000000             2
    0.20000000000000    0.00000000000000    0.40000000000000             2
    0.40000000000000    0.00000000000000    0.40000000000000             2
   -0.40000000000000    0.00000000000000    0.40000000000000             2
   -0.20000000000000    0.00000000000000    0.40000000000000             2
    0.00000000000000    0.14285714285714    0.40000000000000             2
    0.20000000000000    0.14285714285714    0.40000000000000             2
    0.40000000000000    0.14285714285714    0.40000000000000             2
   -0.40000000000000    0.14285714285714    0.40000000000000             2
   -0.20000000000000    0.14285714285714    0.40000000000000             2
    0.00000000000000    0.28571428571429    0.40000000000000             2
    0.20000000000000    0.28571428571429    0.40000000000000             2
    0.40000000000000    0.28571428571429    0.40000000000000             2
   -0.40000000000000    0.28571428571429    0.40000000000000             2
   -0.20000000000000    0.28571428571429    0.40000000000000             2
    0.00000000000000    0.42857142857143    0.40000000000000             2
    0.20000000000000    0.42857142857143    0.40000000000000             2
    0.40000000000000    0.42857142857143    0.40000000000000             2
   -0.40000000000000    0.42857142857143    0.40000000000000             2
   -0.20000000000000    0.42857142857143    0.40000000000000             2
    0.00000000000000   -0.42857142857143    0.40000000000000             2
    0.20000000000000   -0.42857142857143    0.40000000000000             2
    0.40000000000000   -0.42857142857143    0.40000000000000             2
   -0.40000000000000   -0.42857142857143    0.40000000000000             2
   -0.20000000000000   -0.42857142857143    0.40000000000000             2
    0.00000000000000   -0.28571428571429    0.40000000000000             2
    0.20000000000000   -0.28571428571429    0.40000000000000             2
    0.40000000000000   -0.28571428571429    0.40000000000000             2
   -0.40000000000000   -0.28571428571429    0.40000000000000             2
   -0.20000000000000   -0.28571428571429    0.40000000000000             2
    0.00000000000000   -0.14285714285714    0.40000000000000             2
    0.20000000000000   -0.14285714285714    0.40000000000000             2
    0.40000000000000   -0.14285714285714    0.40000000000000             2
   -0.40000000000000   -0.14285714285714    0.40000000000000             2
   -0.20000000000000   -0.14285714285714    0.40000000000000             2
Tetrahedra
       522    0.00095238095238
         2         2         4         5        24
         2         1         2         4        24
         2         1         2        19        24
         2         2         5        24        25
         2         2        20        24        25
         2         2        19        20        24
         2         3         5         6        25
         2         2         3         5        25
         2         2         3        20        25
         2         3         6        25        26
         2         3        21        25        26
         2         3        20        21        25
         2         3         6         7        26
         2         3         3         6        26
         2         3         3        21        26
         2         3         7        26        27
         2         3        22        26        27
         2         3        21        22        26
         2         2         7         8        27
         2         2         3         7        27
         2         2         3        22        27
         2         2         8        27        28
         2         2        23        27        28
         2         2        22        23        27
         2         1         4         8        28
         2         1         2         8        28
         2         1         2        23        28
         2         1         4        24        28
         2         1        19        24        28
         2         1        19        23        28
         2         5         9        10        29
         2         4         5         9        29
         2         4         5        24        29
         2         5        10        29        30
         2         5        25        29        30
         2         5        24        25        29
         2         6        10        11        30
         2         5         6        10        30
         2         5         6        25        30
         2         6        11        30        31
         2         6        26        30        31
         2         6        25        26        30
         2         7        11        12        31
         2         6         7        11        31
         2         6         7        26        31
         2         7        12        31        32
         2         7        27        31        32
         2         7        26        27        31
         2         8        12        13        32
         2         7         8        12        32
         2         7         8        27        32
         2         8        13        32        33
         2         8        28        32        33
         2         8        27        28        32
         2         4         9        13        33
         2         4         8        13        33
         2         4         8        28        33
         2         4         9        29        33
         2         4        24        29        33
         2         4        24        28        33
         2        10        14        15        34
         2         9        10        14        34
         2         9        10        29        34
         2        10        15        34        35
         2        10        30        34        35
         2        10        29        30        34
         2        11        15        16        35
         2        10        11        15        35
         2        10        11        30        35
         2        11        16        35        36
         2        11        31        35        36
         2        11        30        31        35
         2        12        16        17        36
         2        11        12        16        36
         2        11        12        31        36
         2        12        17        36        37
         2        12        32        36        37
         2        12        31        32        36
         2        13        17        18        37
         2        12        13        17        37
         2        12        13        32        37
         2        13        18        37        38
         2        13        33        37        38
         2        13        32        33        37
         2         9        14        18        38
         2         9        13        18        38
         2         9        13        33        38
         2         9        14        34        38
         2         9        29        34        38
         2         9        29        33        38
         2        14        15        18        39
         2        14        14        15        39
         2        14        15        34        39
         2        15        18        39        40
         2        15        35        39        40
         2        15        34        35        39
         2        16        17        18        40
         2        15        16        18        40
         2        15        16        35        40
         2        16        17        40        41
         2        16        36        40        41
         2        16        35        36        40
         4        16        17        17        41
         2        16        17        36        41
         2        16        17        41        42
         2        17        37        41        42
         2        17        36        37        41
         2        15        16        18        42
         2        16        17        18        42
         2        17        18        37        42
         2        15        18        42        43
         2        18        38        42        43
         2        18        37        38        42
         2        14        14        15        43
         2        14        15        18        43
         2        14        18        38        43
         2        14        14        39        43
         2        14        34        39        43
         2        14        34        38        43
         2         9        13        18        44
         2         9        14        18        44
         2        14        18        39        44
         2        13        18        44        45
         2        18        40        44        45
         2        18        39        40        44
         2        12        13        17        45
         2        13        17        18        45
         2        17        18        40        45
         2        12        17        45        46
         2        17        41        45        46
         2        17        40        41        45
         2        11        12        16        46
         2        12        16        17        46
         2        16        17        41        46
         2        11        16        46        47
         2        16        42        46        47
         2        16        41        42        46
         2        10        11        15        47
         2        11        15        16        47
         2        15        16        42        47
         2        10        15        47        48
         2        15        43        47        48
         2        15        42        43        47
         2         9        10        14        48
         2        10        14        15        48
         2        14        15        43        48
         2         9        14        44        48
         2        14        39        44        48
         2        14        39        43        48
         2         4         8        13        49
         2         4         9        13        49
         2         9        13        44        49
         2         8        13        49        50
         2        13        45        49        50
         2        13        44        45        49
         2         7         8        12        50
         2         8        12        13        50
         2        12        13        45        50
         2         7        12        50        51
         2        12        46        50        51
         2        12        45        46        50
         2         6         7        11        51
         2         7        11        12        51
         2        11        12        46        51
         2         6        11        51        52
         2        11        47        51        52
         2        11        46        47        51
         2         5         6        10        52
         2         6        10        11        52
         2        10        11        47        52
         2         5        10        52        53
         2        10        48        52        53
         2        10        47        48        52
         2         4         5         9        53
         2         5         9        10        53
         2         9        10        48        53
         2         4         9        49        53
         2         9        44        49        53
         2         9        44        48        53
         2         1         2         8        19
         2         1         4         8        19
         2         4         8        19        49
         2         2         8        19        20
         2         8        19        20        50
         2         8        19        49        50
         2         2         3         7        20
         2         2         7         8        20
         2         7         8        20        50
         2         3         7        20        21
         2         7        20        21        51
         2         7        20        50        51
         2         3         3         6        21
         2         3         6         7        21
         2         6         7        21        51
         2         3         6        21        22
         2         6        21        22        52
         2         6        21        51        52
         2         2         3         5        22
         2         3         5         6        22
         2         5         6        22        52
         2         2         5        22        23
         2         5        22        23        53
         2         5        22        52        53
         2         1         2         4        23
         2         2         4         5        23
         2         4         5        23        53
         2         1         4        19        23
         2         4        19        23        49
         2         4        23        49        53
         2        20        24        25        59
         2        19        20        24        59
         2        19        20        54        59
         2        20        25        59        60
         2        20        55        59        60
         2        20        54        55        59
         2        21        25        26        60
         2        20        21        25        60
         2        20        21        55        60
         2        21        26        60        61
         2        21        56        60        61
         2        21        55        56        60
         2        22        26        27        61
         2        21        22        26        61
         2        21        22        56        61
         2        22        27        61        62
         2        22        57        61        62
         2        22        56        57        61
         2        23        27        28        62
         2        22        23        27        62
         2        22        23        57        62
         2        23        28        62        63
         2        23        58        62        63
         2        23        57        58        62
         2        19        24        28        63
         2        19        23        28        63
         2        19        23        58        63
         2        19        24        59        63
         2        19        54        59        63
         2        19        54        58        63
         2        25        29        30        64
         2        24        25        29        64
         2        24        25        59        64
         2        25        30        64        65
         2        25        60        64        65
         2        25        59        60        64
         2        26        30        31        65
         2        25        26        30        65
         2        25        26        60        65
         2        26        31        65        66
         2        26        61        65        66
         2        26        60        61        65
         2        27        31        32        66
         2        26        27        31        66
         2        26        27        61        66
         2        27        32        66        67
         2        27        62        66        67
         2        27        61        62        66
         2        28        32        33        67
         2        27        28        32        67
         2        27        28        62        67
         2        28        33        67        68
         2        28        63        67        68
         2        28        62        63        67
         2        24        29        33        68
         2        24        28        33        68
         2        24        28        63        68
         2        24        29        64        68
         2        24        59        64        68
         2        24        59        63        68
         2        30        34        35        69
         2        29        30        34        69
         2        29        30        64        69
         2        30        35        69        70
         2        30        65        69        70
         2        30        64        65        69
         2        31        35        36        70
         2        30        31        35        70
         2        30        31        65        70
         2        31        36        70        71
         2        31        66        70        71
         2        31        65        66        70
         2        32        36        37        71
         2        31        32        36        71
         2        31        32        66        71
         2        32        37        71        72
         2        32        67        71        72
         2        32        66        67        71
         2        33        37        38        72
         2        32        33        37        72
         2        32        33        67        72
         2        33        38        72        73
         2        33        68        72        73
         2        33        67        68        72
         2        29        34        38        73
         2        29        33        38        73
         2        29        33        68        73
         2        29        34        69        73
         2        29        64        69        73
         2        29        64        68        73
         2        35        39        40        74
         2        34        35        39        74
         2        34        35        69        74
         2        35        40        74        75
         2        35        70        74        75
         2        35        69        70        74
         2        36        40        41        75
         2        35        36        40        75
         2        35        36        70        75
         2        36        41        75        76
         2        36        71        75        76
         2        36        70        71        75
         2        37        41        42        76
         2        36        37        41        76
         2        36        37        71        76
         2        37        42        76        77
         2        37        72        76        77
         2        37        71        72        76
         2        38        42        43        77
         2        37        38        42        77
         2        37        38        72        77
         2        38        43        77        78
         2        38        73        77        78
         2        38        72        73        77
         2        34        39        43        78
         2        34        38        43        78
         2        34        38        73        78
         2        34        39        74        78
         2        34        69        74        78
         2        34        69        73        78
         2        40        44        45        79
         2        39        40        44        79
         2        39        40        74        79
         2        40        45        79        80
         2        40        75        79        80
         2        40        74        75        79
         2        41        45        46        80
         2        40        41        45        80
         2        40        41        75        80
         2        41        46        80        81
         2        41        76        80        81
         2        41        75        76        80
         2        42        46        47        81
         2        41        42        46        81
         2        41        42        76        81
         2        42        47        81        82
         2        42        77        81        82
         2        42        76        77        81
         2        43        47        48        82
         2        42        43        47        82
         2        42        43        77        82
         2        43        48        82        83
         2        43        78        82        83
         2        43        77        78        82
         2        39        44        48        83
         2        39        43        48        83
         2        39        43        78        83
         2        39        44        79        83
         2        39        74        79        83
         2        39        74        78        83
         2        45        49        50        84
         2        44        45        49        84
         2        44        45        79        84
         2        45        50        84        85
         2        45        80        84        85
         2        45        79        80        84
         2        46        50        51        85
         2        45        46        50        85
         2        45        46        80        85
         2        46        51        85        86
         2        46        81        85        86
         2        46        80        81        85
         2        47        51        52        86
         2        46        47        51        86
         2        46        47        81        86
         2        47        52        86        87
         2        47        82        86        87
         2        47        81        82        86
         2        48        52        53        87
         2        47        48        52        87
         2        47        48        82        87
         2        48        53        87        88
         2        48        83        87        88
         2        48        82        83        87
         2        44        49        53        88
         2        44        48        53        88
         2        44        48        83        88
         2        44        49        84        88
         2        44        79        84        88
         2        44        79        83        88
         2        19        20        50        54
         2        19        49        50        54
         2        49        50        54        84
         2        20        50        54        55
         2        50        54        55        85
         2        50        54        84        85
         2        20        21        51        55
         2        20        50        51        55
         2        50        51        55        85
         2        21        51        55        56
         2        51        55        56        86
         2        51        55        85        86
         2        21        22        52        56
         2        21        51        52        56
         2        51        52        56        86
         2        22        52        56        57
         2        52        56        57        87
         2        52        56        86        87
         2        22        23        53        57
         2        22        52        53        57
         2        52        53        57        87
         2        23        53        57        58
         2        53        57        58        88
         2        53        57        87        88
         2        19        23        49        58
         2        23        49        53        58
         2        49        53        58        88
         2        19        49        54        58
         2        49        54        58        84
         2        49        58        84        88
         2        55        59        60        84
         2        54        55        59        84
         2        54        54        55        84
         2        55        60        84        88
         2        55        58        84        88
         2        54        55        58        84
         2        56        60        61        88
         2        55        56        60        88
         2        55        56        58        88
         2        56        61        87        88
         2        56        57        87        88
         2        56        57        58        88
         2        57        61        62        87
         2        56        57        61        87
         4        56        57        57        87
         2        57        62        86        87
         2        56        57        86        87
         2        58        62        63        86
         2        57        58        62        86
         2        56        57        58        86
         2        58        63        85        86
         2        55        58        85        86
         2        55        56        58        86
         2        54        59        63        85
         2        54        58        63        85
         2        54        55        58        85
         2        54        59        84        85
         2        54        54        84        85
         2        54        54        55        85
         2        60        64        65        79
         2        59        60        64        79
         2        59        60        79        84
         2        60        65        79        83
         2        60        79        83        88
         2        60        79        84        88
         2        61        65        66        83
         2        60        61        65        83
         2        60        61        83        88
         2        61        66        82        83
         2        61        82        83        87
         2        61        83        87        88
         2        62        66        67        82
         2        61        62        66        82
         2        61        62        82        87
         2        62        67        81        82
         2        62        81        82        86
         2        62        82        86        87
         2        63        67        68        81
         2        62        63        67        81
         2        62        63        81        86
         2        63        68        80        81
         2        63        80        81        85
         2        63        81        85        86
         2        59        64        68        80
         2        59        63        68        80
         2        59        63        80        85
         2        59        64        79        80
         2        59        79        80        84
         2        59        80        84        85
         2        65        69        70        74
         2        64        65        69        74
         2        64        65        74        79
         2        65        70        74        78
         2        65        74        78        83
         2        65        74        79        83
         2        66        70        71        78
         2        65        66        70        78
         2        65        66        78        83
         2        66        71        77        78
         2        66        77        78        82
         2        66        78        82        83
         2        67        71        72        77
         2        66        67        71        77
         2        66        67        77        82
         2        67        72        76        77
         2        67        76        77        81
         2        67        77        81        82
         2        68        72        73        76
         2        67        68        72        76
         2        67        68        76        81
         2        68        73        75        76
         2        68        75        76        80
         2        68        76        80        81
         2        64        69        73        75
         2        64        68        73        75
         2        64        68        75        80
         2        64        69        74        75
         2        64        74        75        79
         2        64        75        79        80
         2        69        70        74        75
         4        69        69        70        74
         2        69        70        73        75
         2        69        70        73        78
         2        69        70        74        78
         2        71        73        75        76
         2        70        71        73        75
         2        70        71        73        78
         2        71        72        73        76
         2        71        72        73        77
         2        71        73        77        78
         2        72        72        76        77
         2        71        72        72        76
         2        71        72        72        77
