Automatically generated mesh
     442
Reciprocal lattice
    0.00000000000000    0.00000000000000    0.00000000000000             1
    0.12500000000000    0.00000000000000    0.00000000000000             2
    0.25000000000000    0.00000000000000    0.00000000000000             2
    0.37500000000000    0.00000000000000    0.00000000000000             2
    0.50000000000000    0.00000000000000    0.00000000000000             1
    0.00000000000000    0.09090909090909    0.00000000000000             2
    0.12500000000000    0.09090909090909    0.00000000000000             2
    0.25000000000000    0.09090909090909    0.00000000000000             2
    0.37500000000000    0.09090909090909    0.00000000000000             2
    0.50000000000000    0.09090909090909    0.00000000000000             2
   -0.37500000000000    0.09090909090909    0.00000000000000             2
   -0.25000000000000    0.09090909090909    0.00000000000000             2
   -0.12500000000000    0.09090909090909    0.00000000000000             2
    0.00000000000000    0.18181818181818    0.00000000000000             2
    0.12500000000000    0.18181818181818    0.00000000000000             2
    0.25000000000000    0.18181818181818    0.00000000000000             2
    0.37500000000000    0.18181818181818    0.00000000000000             2
    0.50000000000000    0.18181818181818    0.00000000000000             2
   -0.37500000000000    0.18181818181818    0.00000000000000             2
   -0.25000000000000    0.18181818181818    0.00000000000000             2
   -0.12500000000000    0.18181818181818    0.00000000000000             2
    0.00000000000000    0.27272727272727    0.00000000000000             2
    0.12500000000000    0.27272727272727    0.00000000000000             2
    0.25000000000000    0.27272727272727    0.00000000000000             2
    0.37500000000000    0.27272727272727    0.00000000000000             2
    0.50000000000000    0.27272727272727    0.00000000000000             2
   -0.37500000000000    0.27272727272727    0.00000000000000             2
   -0.25000000000000    0.27272727272727    0.00000000000000             2
   -0.12500000000000    0.27272727272727    0.00000000000000             2
    0.00000000000000    0.36363636363636    0.00000000000000             2
    0.12500000000000    0.36363636363636    0.00000000000000             2
    0.25000000000000    0.36363636363636    0.00000000000000             2
    0.37500000000000    0.36363636363636    0.00000000000000             2
    0.50000000000000    0.36363636363636    0.00000000000000             2
   -0.37500000000000    0.36363636363636    0.00000000000000             2
   -0.25000000000000    0.36363636363636    0.00000000000000             2
   -0.12500000000000    0.36363636363636    0.00000000000000             2
    0.00000000000000    0.45454545454546    0.00000000000000             2
    0.12500000000000    0.45454545454546    0.00000000000000             2
    0.25000000000000    0.45454545454546    0.00000000000000             2
    0.37500000000000    0.45454545454546    0.00000000000000             2
    0.50000000000000    0.45454545454546    0.00000000000000             2
   -0.37500000000000    0.45454545454546    0.00000000000000             2
   -0.25000000000000    0.45454545454546    0.00000000000000             2
   -0.12500000000000    0.45454545454546    0.00000000000000             2
    0.00000000000000    0.00000000000000    0.10000000000000             2
    0.12500000000000    0.00000000000000    0.10000000000000             2
    0.25000000000000    0.00000000000000    0.10000000000000             2
    0.37500000000000    0.00000000000000    0.10000000000000             2
    0.50000000000000    0.00000000000000    0.10000000000000             2
   -0.37500000000000    0.00000000000000    0.10000000000000             2
   -0.25000000000000    0.00000000000000    0.10000000000000             2
   -0.12500000000000    0.00000000000000    0.10000000000000             2
    0.00000000000000    0.09090909090909    0.10000000000000             2
    0.12500000000000    0.09090909090909    0.10000000000000             2
    0.25000000000000    0.09090909090909    0.10000000000000             2
    0.37500000000000    0.09090909090909    0.10000000000000             2
    0.50000000000000    0.09090909090909    0.10000000000000             2
   -0.37500000000000    0.09090909090909    0.10000000000000             2
   -0.25000000000000    0.09090909090909    0.10000000000000             2
   -0.12500000000000    0.09090909090909    0.10000000000000             2
    0.00000000000000    0.18181818181818    0.10000000000000             2
    0.12500000000000    0.18181818181818    0.10000000000000             2
    0.25000000000000    0.18181818181818    0.10000000000000             2
    0.37500000000000    0.18181818181818    0.10000000000000             2
    0.50000000000000    0.18181818181818    0.10000000000000             2
   -0.37500000000000    0.18181818181818    0.10000000000000             2
   -0.25000000000000    0.18181818181818    0.10000000000000             2
   -0.12500000000000    0.18181818181818    0.10000000000000             2
    0.00000000000000    0.27272727272727    0.10000000000000             2
    0.12500000000000    0.27272727272727    0.10000000000000             2
    0.25000000000000    0.27272727272727    0.10000000000000             2
    0.37500000000000    0.27272727272727    0.10000000000000             2
    0.50000000000000    0.27272727272727    0.10000000000000             2
   -0.37500000000000    0.27272727272727    0.10000000000000             2
   -0.25000000000000    0.27272727272727    0.10000000000000             2
   -0.12500000000000    0.27272727272727    0.10000000000000             2
    0.00000000000000    0.36363636363636    0.10000000000000             2
    0.12500000000000    0.36363636363636    0.10000000000000             2
    0.25000000000000    0.36363636363636    0.10000000000000             2
    0.37500000000000    0.36363636363636    0.10000000000000             2
    0.50000000000000    0.36363636363636    0.10000000000000             2
   -0.37500000000000    0.36363636363636    0.10000000000000             2
   -0.25000000000000    0.36363636363636    0.10000000000000             2
   -0.12500000000000    0.36363636363636    0.10000000000000             2
    0.00000000000000    0.45454545454546    0.10000000000000             2
    0.12500000000000    0.45454545454546    0.10000000000000             2
    0.25000000000000    0.45454545454546    0.10000000000000             2
    0.37500000000000    0.45454545454546    0.10000000000000             2
    0.50000000000000    0.45454545454546    0.10000000000000             2
   -0.37500000000000    0.45454545454546    0.10000000000000             2
   -0.25000000000000    0.45454545454546    0.10000000000000             2
   -0.12500000000000    0.45454545454546    0.10000000000000             2
    0.00000000000000   -0.45454545454545    0.10000000000000             2
    0.12500000000000   -0.45454545454545    0.10000000000000             2
    0.25000000000000   -0.45454545454545    0.10000000000000             2
    0.37500000000000   -0.45454545454545    0.10000000000000             2
    0.50000000000000   -0.45454545454545    0.10000000000000             2
   -0.37500000000000   -0.45454545454545    0.10000000000000             2
   -0.25000000000000   -0.45454545454545    0.10000000000000             2
   -0.12500000000000   -0.45454545454545    0.10000000000000             2
    0.00000000000000   -0.36363636363636    0.10000000000000             2
    0.12500000000000   -0.36363636363636    0.10000000000000             2
    0.25000000000000   -0.36363636363636    0.10000000000000             2
    0.37500000000000   -0.36363636363636    0.10000000000000             2
    0.50000000000000   -0.36363636363636    0.10000000000000             2
   -0.37500000000000   -0.36363636363636    0.10000000000000             2
   -0.25000000000000   -0.36363636363636    0.10000000000000             2
   -0.12500000000000   -0.36363636363636    0.10000000000000             2
    0.00000000000000   -0.27272727272727    0.10000000000000             2
    0.12500000000000   -0.27272727272727    0.10000000000000             2
    0.25000000000000   -0.27272727272727    0.10000000000000             2
    0.37500000000000   -0.27272727272727    0.10000000000000             2
    0.50000000000000   -0.27272727272727    0.10000000000000             2
   -0.37500000000000   -0.27272727272727    0.10000000000000             2
   -0.25000000000000   -0.27272727272727    0.10000000000000             2
   -0.12500000000000   -0.27272727272727    0.10000000000000             2
    0.00000000000000   -0.18181818181818    0.10000000000000             2
    0.12500000000000   -0.18181818181818    0.10000000000000             2
    0.25000000000000   -0.18181818181818    0.10000000000000             2
    0.37500000000000   -0.18181818181818    0.10000000000000             2
    0.50000000000000   -0.18181818181818    0.10000000000000             2
   -0.37500000000000   -0.18181818181818    0.10000000000000             2
   -0.25000000000000   -0.18181818181818    0.10000000000000             2
   -0.12500000000000   -0.18181818181818    0.10000000000000             2
    0.00000000000000   -0.09090909090909    0.10000000000000             2
    0.12500000000000   -0.09090909090909    0.10000000000000             2
    0.25000000000000   -0.09090909090909    0.10000000000000             2
    0.37500000000000   -0.09090909090909    0.10000000000000             2
    0.50000000000000   -0.09090909090909    0.10000000000000             2
   -0.37500000000000   -0.09090909090909    0.10000000000000             2
   -0.25000000000000   -0.09090909090909    0.10000000000000             2
   -0.12500000000000   -0.09090909090909    0.10000000000000             2
    0.00000000000000    0.00000000000000    0.20000000000000             2
    0.12500000000000    0.00000000000000    0.20000000000000             2
    0.25000000000000    0.00000000000000    0.20000000000000             2
    0.37500000000000    0.00000000000000    0.20000000000000             2
    0.50000000000000    0.00000000000000    0.20000000000000             2
   -0.37500000000000    0.00000000000000    0.20000000000000             2
   -0.25000000000000    0.00000000000000    0.20000000000000             2
   -0.12500000000000    0.00000000000000    0.20000000000000             2
    0.00000000000000    0.09090909090909    0.20000000000000             2
    0.12500000000000    0.09090909090909    0.20000000000000             2
    0.25000000000000    0.09090909090909    0.20000000000000             2
    0.37500000000000    0.09090909090909    0.20000000000000             2
    0.50000000000000    0.09090909090909    0.20000000000000             2
   -0.37500000000000    0.09090909090909    0.20000000000000             2
   -0.25000000000000    0.09090909090909    0.20000000000000             2
   -0.12500000000000    0.09090909090909    0.20000000000000             2
    0.00000000000000    0.18181818181818    0.20000000000000             2
    0.12500000000000    0.18181818181818    0.20000000000000             2
    0.25000000000000    0.18181818181818    0.20000000000000             2
    0.37500000000000    0.18181818181818    0.20000000000000             2
    0.50000000000000    0.18181818181818    0.20000000000000             2
   -0.37500000000000    0.18181818181818    0.20000000000000             2
   -0.25000000000000    0.18181818181818    0.20000000000000             2
   -0.12500000000000    0.18181818181818    0.20000000000000             2
    0.00000000000000    0.27272727272727    0.20000000000000             2
    0.12500000000000    0.27272727272727    0.20000000000000             2
    0.25000000000000    0.27272727272727    0.20000000000000             2
    0.37500000000000    0.27272727272727    0.20000000000000             2
    0.50000000000000    0.27272727272727    0.20000000000000             2
   -0.37500000000000    0.27272727272727    0.20000000000000             2
   -0.25000000000000    0.27272727272727    0.20000000000000             2
   -0.12500000000000    0.27272727272727    0.20000000000000             2
    0.00000000000000    0.36363636363636    0.20000000000000             2
    0.12500000000000    0.36363636363636    0.20000000000000             2
    0.25000000000000    0.36363636363636    0.20000000000000             2
    0.37500000000000    0.36363636363636    0.20000000000000             2
    0.50000000000000    0.36363636363636    0.20000000000000             2
   -0.37500000000000    0.36363636363636    0.20000000000000             2
   -0.25000000000000    0.36363636363636    0.20000000000000             2
   -0.12500000000000    0.36363636363636    0.20000000000000             2
    0.00000000000000    0.45454545454546    0.20000000000000             2
    0.12500000000000    0.45454545454546    0.20000000000000             2
    0.25000000000000    0.45454545454546    0.20000000000000             2
    0.37500000000000    0.45454545454546    0.20000000000000             2
    0.50000000000000    0.45454545454546    0.20000000000000             2
   -0.37500000000000    0.45454545454546    0.20000000000000             2
   -0.25000000000000    0.45454545454546    0.20000000000000             2
   -0.12500000000000    0.45454545454546    0.20000000000000             2
    0.00000000000000   -0.45454545454545    0.20000000000000             2
    0.12500000000000   -0.45454545454545    0.20000000000000             2
    0.25000000000000   -0.45454545454545    0.20000000000000             2
    0.37500000000000   -0.45454545454545    0.20000000000000             2
    0.50000000000000   -0.45454545454545    0.20000000000000             2
   -0.37500000000000   -0.45454545454545    0.20000000000000             2
   -0.25000000000000   -0.45454545454545    0.20000000000000             2
   -0.12500000000000   -0.45454545454545    0.20000000000000             2
    0.00000000000000   -0.36363636363636    0.20000000000000             2
    0.12500000000000   -0.36363636363636    0.20000000000000             2
    0.25000000000000   -0.36363636363636    0.20000000000000             2
    0.37500000000000   -0.36363636363636    0.20000000000000             2
    0.50000000000000   -0.36363636363636    0.20000000000000             2
   -0.37500000000000   -0.36363636363636    0.20000000000000             2
   -0.25000000000000   -0.36363636363636    0.20000000000000             2
   -0.12500000000000   -0.36363636363636    0.20000000000000             2
    0.00000000000000   -0.27272727272727    0.20000000000000             2
    0.12500000000000   -0.27272727272727    0.20000000000000             2
    0.25000000000000   -0.27272727272727    0.20000000000000             2
    0.37500000000000   -0.27272727272727    0.20000000000000             2
    0.50000000000000   -0.27272727272727    0.20000000000000             2
   -0.37500000000000   -0.27272727272727    0.20000000000000             2
   -0.25000000000000   -0.27272727272727    0.20000000000000             2
   -0.12500000000000   -0.27272727272727    0.20000000000000             2
    0.00000000000000   -0.18181818181818    0.20000000000000             2
    0.12500000000000   -0.18181818181818    0.20000000000000             2
    0.25000000000000   -0.18181818181818    0.20000000000000             2
    0.37500000000000   -0.18181818181818    0.20000000000000             2
    0.50000000000000   -0.18181818181818    0.20000000000000             2
   -0.37500000000000   -0.18181818181818    0.20000000000000             2
   -0.25000000000000   -0.18181818181818    0.20000000000000             2
   -0.12500000000000   -0.18181818181818    0.20000000000000             2
    0.00000000000000   -0.09090909090909    0.20000000000000             2
    0.12500000000000   -0.09090909090909    0.20000000000000             2
    0.25000000000000   -0.09090909090909    0.20000000000000             2
    0.37500000000000   -0.09090909090909    0.20000000000000             2
    0.50000000000000   -0.09090909090909    0.20000000000000             2
   -0.37500000000000   -0.09090909090909    0.20000000000000             2
   -0.25000000000000   -0.09090909090909    0.20000000000000             2
   -0.12500000000000   -0.09090909090909    0.20000000000000             2
    0.00000000000000    0.00000000000000    0.30000000000000             2
    0.12500000000000    0.00000000000000    0.30000000000000             2
    0.25000000000000    0.00000000000000    0.30000000000000             2
    0.37500000000000    0.00000000000000    0.30000000000000             2
    0.50000000000000    0.00000000000000    0.30000000000000             2
   -0.37500000000000    0.00000000000000    0.30000000000000             2
   -0.25000000000000    0.00000000000000    0.30000000000000             2
   -0.12500000000000    0.00000000000000    0.30000000000000             2
    0.00000000000000    0.09090909090909    0.30000000000000             2
    0.12500000000000    0.09090909090909    0.30000000000000             2
    0.25000000000000    0.09090909090909    0.30000000000000             2
    0.37500000000000    0.09090909090909    0.30000000000000             2
    0.50000000000000    0.09090909090909    0.30000000000000             2
   -0.37500000000000    0.09090909090909    0.30000000000000             2
   -0.25000000000000    0.09090909090909    0.30000000000000             2
   -0.12500000000000    0.09090909090909    0.30000000000000             2
    0.00000000000000    0.18181818181818    0.30000000000000             2
    0.12500000000000    0.18181818181818    0.30000000000000             2
    0.25000000000000    0.18181818181818    0.30000000000000             2
    0.37500000000000    0.18181818181818    0.30000000000000             2
    0.50000000000000    0.18181818181818    0.30000000000000             2
   -0.37500000000000    0.18181818181818    0.30000000000000             2
   -0.25000000000000    0.18181818181818    0.30000000000000             2
   -0.12500000000000    0.18181818181818    0.30000000000000             2
    0.00000000000000    0.27272727272727    0.30000000000000             2
    0.12500000000000    0.27272727272727    0.30000000000000             2
    0.25000000000000    0.27272727272727    0.30000000000000             2
    0.37500000000000    0.27272727272727    0.30000000000000             2
    0.50000000000000    0.27272727272727    0.30000000000000             2
   -0.37500000000000    0.27272727272727    0.30000000000000             2
   -0.25000000000000    0.27272727272727    0.30000000000000             2
   -0.12500000000000    0.27272727272727    0.30000000000000             2
    0.00000000000000    0.36363636363636    0.30000000000000             2
    0.12500000000000    0.36363636363636    0.30000000000000             2
    0.25000000000000    0.36363636363636    0.30000000000000             2
    0.37500000000000    0.36363636363636    0.30000000000000             2
    0.50000000000000    0.36363636363636    0.30000000000000             2
   -0.37500000000000    0.36363636363636    0.30000000000000             2
   -0.25000000000000    0.36363636363636    0.30000000000000             2
   -0.12500000000000    0.36363636363636    0.30000000000000             2
    0.00000000000000    0.45454545454546    0.30000000000000             2
    0.12500000000000    0.45454545454546    0.30000000000000             2
    0.25000000000000    0.45454545454546    0.30000000000000             2
    0.37500000000000    0.45454545454546    0.30000000000000             2
    0.50000000000000    0.45454545454546    0.30000000000000             2
   -0.37500000000000    0.45454545454546    0.30000000000000             2
   -0.25000000000000    0.45454545454546    0.30000000000000             2
   -0.12500000000000    0.45454545454546    0.30000000000000             2
    0.00000000000000   -0.45454545454545    0.30000000000000             2
    0.12500000000000   -0.45454545454545    0.30000000000000             2
    0.25000000000000   -0.45454545454545    0.30000000000000             2
    0.37500000000000   -0.45454545454545    0.30000000000000             2
    0.50000000000000   -0.45454545454545    0.30000000000000             2
   -0.37500000000000   -0.45454545454545    0.30000000000000             2
   -0.25000000000000   -0.45454545454545    0.30000000000000             2
   -0.12500000000000   -0.45454545454545    0.30000000000000             2
    0.00000000000000   -0.36363636363636    0.30000000000000             2
    0.12500000000000   -0.36363636363636    0.30000000000000             2
    0.25000000000000   -0.36363636363636    0.30000000000000             2
    0.37500000000000   -0.36363636363636    0.30000000000000             2
    0.50000000000000   -0.36363636363636    0.30000000000000             2
   -0.37500000000000   -0.36363636363636    0.30000000000000             2
   -0.25000000000000   -0.36363636363636    0.30000000000000             2
   -0.12500000000000   -0.36363636363636    0.30000000000000             2
    0.00000000000000   -0.27272727272727    0.30000000000000             2
    0.12500000000000   -0.27272727272727    0.30000000000000             2
    0.25000000000000   -0.27272727272727    0.30000000000000             2
    0.37500000000000   -0.27272727272727    0.30000000000000             2
    0.50000000000000   -0.27272727272727    0.30000000000000             2
   -0.37500000000000   -0.27272727272727    0.30000000000000             2
   -0.25000000000000   -0.27272727272727    0.30000000000000             2
   -0.12500000000000   -0.27272727272727    0.30000000000000             2
    0.00000000000000   -0.18181818181818    0.30000000000000             2
    0.12500000000000   -0.18181818181818    0.30000000000000             2
    0.25000000000000   -0.18181818181818    0.30000000000000             2
    0.37500000000000   -0.18181818181818    0.30000000000000             2
    0.50000000000000   -0.18181818181818    0.30000000000000             2
   -0.37500000000000   -0.18181818181818    0.30000000000000             2
   -0.25000000000000   -0.18181818181818    0.30000000000000             2
   -0.12500000000000   -0.18181818181818    0.30000000000000             2
    0.00000000000000   -0.09090909090909    0.30000000000000             2
    0.12500000000000   -0.09090909090909    0.30000000000000             2
    0.25000000000000   -0.09090909090909    0.30000000000000             2
    0.37500000000000   -0.09090909090909    0.30000000000000             2
    0.50000000000000   -0.09090909090909    0.30000000000000             2
   -0.37500000000000   -0.09090909090909    0.30000000000000             2
   -0.25000000000000   -0.09090909090909    0.30000000000000             2
   -0.12500000000000   -0.09090909090909    0.30000000000000             2
    0.00000000000000    0.00000000000000    0.40000000000000             2
    0.12500000000000    0.00000000000000    0.40000000000000             2
    0.25000000000000    0.00000000000000    0.40000000000000             2
    0.37500000000000    0.00000000000000    0.40000000000000             2
    0.50000000000000    0.00000000000000    0.40000000000000             2
   -0.37500000000000    0.00000000000000    0.40000000000000             2
   -0.25000000000000    0.00000000000000    0.40000000000000             2
   -0.12500000000000    0.00000000000000    0.40000000000000             2
    0.00000000000000    0.09090909090909    0.40000000000000             2
    0.12500000000000    0.09090909090909    0.40000000000000             2
    0.25000000000000    0.09090909090909    0.40000000000000             2
    0.37500000000000    0.09090909090909    0.40000000000000             2
    0.50000000000000    0.09090909090909    0.40000000000000             2
   -0.37500000000000    0.09090909090909    0.40000000000000             2
   -0.25000000000000    0.09090909090909    0.40000000000000             2
   -0.12500000000000    0.09090909090909    0.40000000000000             2
    0.00000000000000    0.18181818181818    0.40000000000000             2
    0.12500000000000    0.18181818181818    0.40000000000000             2
    0.25000000000000    0.18181818181818    0.40000000000000             2
    0.37500000000000    0.18181818181818    0.40000000000000             2
    0.50000000000000    0.18181818181818    0.40000000000000             2
   -0.37500000000000    0.18181818181818    0.40000000000000             2
   -0.25000000000000    0.18181818181818    0.40000000000000             2
   -0.12500000000000    0.18181818181818    0.40000000000000             2
    0.00000000000000    0.27272727272727    0.40000000000000             2
    0.12500000000000    0.27272727272727    0.40000000000000             2
    0.25000000000000    0.27272727272727    0.40000000000000             2
    0.37500000000000    0.27272727272727    0.40000000000000             2
    0.50000000000000    0.27272727272727    0.40000000000000             2
   -0.37500000000000    0.27272727272727    0.40000000000000             2
   -0.25000000000000    0.27272727272727    0.40000000000000             2
   -0.12500000000000    0.27272727272727    0.40000000000000             2
    0.00000000000000    0.36363636363636    0.40000000000000             2
    0.12500000000000    0.36363636363636    0.40000000000000             2
    0.25000000000000    0.36363636363636    0.40000000000000             2
    0.37500000000000    0.36363636363636    0.40000000000000             2
    0.50000000000000    0.36363636363636    0.40000000000000             2
   -0.37500000000000    0.36363636363636    0.40000000000000             2
   -0.25000000000000    0.36363636363636    0.40000000000000             2
   -0.12500000000000    0.36363636363636    0.40000000000000             2
    0.00000000000000    0.45454545454546    0.40000000000000             2
    0.12500000000000    0.45454545454546    0.40000000000000             2
    0.25000000000000    0.45454545454546    0.40000000000000             2
    0.37500000000000    0.45454545454546    0.40000000000000             2
    0.50000000000000    0.45454545454546    0.40000000000000             2
   -0.37500000000000    0.45454545454546    0.40000000000000             2
   -0.25000000000000    0.45454545454546    0.40000000000000             2
   -0.12500000000000    0.45454545454546    0.40000000000000             2
    0.00000000000000   -0.45454545454545    0.40000000000000             2
    0.12500000000000   -0.45454545454545    0.40000000000000             2
    0.25000000000000   -0.45454545454545    0.40000000000000             2
    0.37500000000000   -0.45454545454545    0.40000000000000             2
    0.50000000000000   -0.45454545454545    0.40000000000000             2
   -0.37500000000000   -0.45454545454545    0.40000000000000             2
   -0.25000000000000   -0.45454545454545    0.40000000000000             2
   -0.12500000000000   -0.45454545454545    0.40000000000000             2
    0.00000000000000   -0.36363636363636    0.40000000000000             2
    0.12500000000000   -0.36363636363636    0.40000000000000             2
    0.25000000000000   -0.36363636363636    0.40000000000000             2
    0.37500000000000   -0.36363636363636    0.40000000000000             2
    0.50000000000000   -0.36363636363636    0.40000000000000             2
   -0.37500000000000   -0.36363636363636    0.40000000000000             2
   -0.25000000000000   -0.36363636363636    0.40000000000000             2
   -0.12500000000000   -0.36363636363636    0.40000000000000             2
    0.00000000000000   -0.27272727272727    0.40000000000000             2
    0.12500000000000   -0.27272727272727    0.40000000000000             2
    0.25000000000000   -0.27272727272727    0.40000000000000             2
    0.37500000000000   -0.27272727272727    0.40000000000000             2
    0.50000000000000   -0.27272727272727    0.40000000000000             2
   -0.37500000000000   -0.27272727272727    0.40000000000000             2
   -0.25000000000000   -0.27272727272727    0.40000000000000             2
   -0.12500000000000   -0.27272727272727    0.40000000000000             2
    0.00000000000000   -0.18181818181818    0.40000000000000             2
    0.12500000000000   -0.18181818181818    0.40000000000000             2
    0.25000000000000   -0.18181818181818    0.40000000000000             2
    0.37500000000000   -0.18181818181818    0.40000000000000             2
    0.50000000000000   -0.18181818181818    0.40000000000000             2
   -0.37500000000000   -0.18181818181818    0.40000000000000             2
   -0.25000000000000   -0.18181818181818    0.40000000000000             2
   -0.12500000000000   -0.18181818181818    0.40000000000000             2
    0.00000000000000   -0.09090909090909    0.40000000000000             2
    0.12500000000000   -0.09090909090909    0.40000000000000             2
    0.25000000000000   -0.09090909090909    0.40000000000000             2
    0.37500000000000   -0.09090909090909    0.40000000000000             2
    0.50000000000000   -0.09090909090909    0.40000000000000             2
   -0.37500000000000   -0.09090909090909    0.40000000000000             2
   -0.25000000000000   -0.09090909090909    0.40000000000000             2
   -0.12500000000000   -0.09090909090909    0.40000000000000             2
    0.00000000000000    0.00000000000000    0.50000000000000             1
    0.12500000000000    0.00000000000000    0.50000000000000             2
    0.25000000000000    0.00000000000000    0.50000000000000             2
    0.37500000000000    0.00000000000000    0.50000000000000             2
    0.50000000000000    0.00000000000000    0.50000000000000             1
    0.00000000000000    0.09090909090909    0.50000000000000             2
    0.12500000000000    0.09090909090909    0.50000000000000             2
    0.25000000000000    0.09090909090909    0.50000000000000             2
    0.37500000000000    0.09090909090909    0.50000000000000             2
    0.50000000000000    0.09090909090909    0.50000000000000             2
   -0.37500000000000    0.09090909090909    0.50000000000000             2
   -0.25000000000000    0.09090909090909    0.50000000000000             2
   -0.12500000000000    0.09090909090909    0.50000000000000             2
    0.00000000000000    0.18181818181818    0.50000000000000             2
    0.12500000000000    0.18181818181818    0.50000000000000             2
    0.25000000000000    0.18181818181818    0.50000000000000             2
    0.37500000000000    0.18181818181818    0.50000000000000             2
    0.50000000000000    0.18181818181818    0.50000000000000             2
   -0.37500000000000    0.18181818181818    0.50000000000000             2
   -0.25000000000000    0.18181818181818    0.50000000000000             2
   -0.12500000000000    0.18181818181818    0.50000000000000             2
    0.00000000000000    0.27272727272727    0.50000000000000             2
    0.12500000000000    0.27272727272727    0.50000000000000             2
    0.25000000000000    0.27272727272727    0.50000000000000             2
    0.37500000000000    0.27272727272727    0.50000000000000             2
    0.50000000000000    0.27272727272727    0.50000000000000             2
   -0.37500000000000    0.27272727272727    0.50000000000000             2
   -0.25000000000000    0.27272727272727    0.50000000000000             2
   -0.12500000000000    0.27272727272727    0.50000000000000             2
    0.00000000000000    0.36363636363636    0.50000000000000             2
    0.12500000000000    0.36363636363636    0.50000000000000             2
    0.25000000000000    0.36363636363636    0.50000000000000             2
    0.37500000000000    0.36363636363636    0.50000000000000             2
    0.50000000000000    0.36363636363636    0.50000000000000             2
   -0.37500000000000    0.36363636363636    0.50000000000000             2
   -0.25000000000000    0.36363636363636    0.50000000000000             2
   -0.12500000000000    0.36363636363636    0.50000000000000             2
    0.00000000000000    0.45454545454546    0.50000000000000             2
    0.12500000000000    0.45454545454546    0.50000000000000             2
    0.25000000000000    0.45454545454546    0.50000000000000             2
    0.37500000000000    0.45454545454546    0.50000000000000             2
    0.50000000000000    0.45454545454546    0.50000000000000             2
   -0.37500000000000    0.45454545454546    0.50000000000000             2
   -0.25000000000000    0.45454545454546    0.50000000000000             2
   -0.12500000000000    0.45454545454546    0.50000000000000             2
