Automatically generated mesh
     256
Reciprocal lattice
    0.00000000000000    0.00000000000000    0.00000000000000             1
    0.05882352941176    0.00000000000000    0.00000000000000             2
    0.11764705882353    0.00000000000000    0.00000000000000             2
    0.17647058823529    0.00000000000000    0.00000000000000             2
    0.23529411764706    0.00000000000000    0.00000000000000             2
    0.29411764705882    0.00000000000000    0.00000000000000             2
    0.35294117647059    0.00000000000000    0.00000000000000             2
    0.41176470588235    0.00000000000000    0.00000000000000             2
    0.47058823529412    0.00000000000000    0.00000000000000             2
    0.00000000000000    0.16666666666667    0.00000000000000             2
    0.05882352941176    0.16666666666667    0.00000000000000             2
    0.11764705882353    0.16666666666667    0.00000000000000             2
    0.17647058823529    0.16666666666667    0.00000000000000             2
    0.23529411764706    0.16666666666667    0.00000000000000             2
    0.29411764705882    0.16666666666667    0.00000000000000             2
    0.35294117647059    0.16666666666667    0.00000000000000             2
    0.41176470588235    0.16666666666667    0.00000000000000             2
    0.47058823529412    0.16666666666667    0.00000000000000             2
   -0.47058823529412    0.16666666666667    0.00000000000000             2
   -0.41176470588235    0.16666666666667    0.00000000000000             2
   -0.35294117647059    0.16666666666667    0.00000000000000             2
   -0.29411764705882    0.16666666666667    0.00000000000000             2
   -0.23529411764706    0.16666666666667    0.00000000000000             2
   -0.17647058823529    0.16666666666667    0.00000000000000             2
   -0.11764705882353    0.16666666666667    0.00000000000000             2
   -0.05882352941176    0.16666666666667    0.00000000000000             2
    0.00000000000000    0.33333333333333    0.00000000000000             2
    0.05882352941176    0.33333333333333    0.00000000000000             2
    0.11764705882353    0.33333333333333    0.00000000000000             2
    0.17647058823529    0.33333333333333    0.00000000000000             2
    0.23529411764706    0.33333333333333    0.00000000000000             2
    0.29411764705882    0.33333333333333    0.00000000000000             2
    0.35294117647059    0.33333333333333    0.00000000000000             2
    0.41176470588235    0.33333333333333    0.00000000000000             2
    0.47058823529412    0.33333333333333    0.00000000000000             2
   -0.47058823529412    0.33333333333333    0.00000000000000             2
   -0.41176470588235    0.33333333333333    0.00000000000000             2
   -0.35294117647059    0.33333333333333    0.00000000000000             2
   -0.29411764705882    0.33333333333333    0.00000000000000             2
   -0.23529411764706    0.33333333333333    0.00000000000000             2
   -0.17647058823529    0.33333333333333    0.00000000000000             2
   -0.11764705882353    0.33333333333333    0.00000000000000             2
   -0.05882352941176    0.33333333333333    0.00000000000000             2
    0.00000000000000    0.50000000000000    0.00000000000000             1
    0.05882352941176    0.50000000000000    0.00000000000000             2
    0.11764705882353    0.50000000000000    0.00000000000000             2
    0.17647058823529    0.50000000000000    0.00000000000000             2
    0.23529411764706    0.50000000000000    0.00000000000000             2
    0.29411764705882    0.50000000000000    0.00000000000000             2
    0.35294117647059    0.50000000000000    0.00000000000000             2
    0.41176470588235    0.50000000000000    0.00000000000000             2
    0.47058823529412    0.50000000000000    0.00000000000000             2
    0.00000000000000    0.00000000000000    0.20000000000000             2
    0.05882352941176    0.00000000000000    0.20000000000000             2
    0.11764705882353    0.00000000000000    0.20000000000000             2
    0.17647058823529    0.00000000000000    0.20000000000000             2
    0.23529411764706    0.00000000000000    0.20000000000000             2
    0.29411764705882    0.00000000000000    0.20000000000000             2
    0.35294117647059    0.00000000000000    0.20000000000000             2
    0.41176470588235    0.00000000000000    0.20000000000000             2
    0.47058823529412    0.00000000000000    0.20000000000000             2
   -0.47058823529412    0.00000000000000    0.20000000000000             2
   -0.41176470588235    0.00000000000000    0.20000000000000             2
   -0.35294117647059    0.00000000000000    0.20000000000000             2
   -0.29411764705882    0.00000000000000    0.20000000000000             2
   -0.23529411764706    0.00000000000000    0.20000000000000             2
   -0.17647058823529    0.00000000000000    0.20000000000000             2
   -0.11764705882353    0.00000000000000    0.20000000000000             2
   -0.05882352941176    0.00000000000000    0.20000000000000             2
    0.00000000000000    0.16666666666667    0.20000000000000             2
    0.05882352941176    0.16666666666667    0.20000000000000             2
    0.11764705882353    0.16666666666667    0.20000000000000             2
    0.17647058823529    0.16666666666667    0.20000000000000             2
    0.23529411764706    0.16666666666667    0.20000000000000             2
    0.29411764705882    0.16666666666667    0.20000000000000             2
    0.35294117647059    0.16666666666667    0.20000000000000             2
    0.41176470588235    0.16666666666667    0.20000000000000             2
    0.47058823529412    0.16666666666667    0.20000000000000             2
   -0.47058823529412    0.16666666666667    0.20000000000000             2
   -0.41176470588235    0.16666666666667    0.20000000000000             2
   -0.35294117647059    0.16666666666667    0.20000000000000             2
   -0.29411764705882    0.16666666666667    0.20000000000000             2
   -0.23529411764706    0.16666666666667    0.20000000000000             2
   -0.17647058823529    0.16666666666667    0.20000000000000             2
   -0.11764705882353    0.16666666666667    0.20000000000000             2
   -0.05882352941176    0.16666666666667    0.20000000000000             2
    0.00000000000000    0.33333333333333    0.20000000000000             2
    0.05882352941176    0.33333333333333    0.20000000000000             2
    0.11764705882353    0.33333333333333    0.20000000000000             2
    0.17647058823529    0.33333333333333    0.20000000000000             2
    0.23529411764706    0.33333333333333    0.20000000000000             2
    0.29411764705882    0.33333333333333    0.20000000000000             2
    0.35294117647059    0.33333333333333    0.20000000000000             2
    0.41176470588235    0.33333333333333    0.20000000000000             2
    0.47058823529412    0.33333333333333    0.20000000000000             2
   -0.47058823529412    0.33333333333333    0.20000000000000             2
   -0.41176470588235    0.33333333333333    0.20000000000000             2
   -0.35294117647059    0.33333333333333    0.20000000000000             2
   -0.29411764705882    0.33333333333333    0.20000000000000             2
   -0.23529411764706    0.33333333333333    0.20000000000000             2
   -0.17647058823529    0.33333333333333    0.20000000000000             2
   -0.11764705882353    0.33333333333333    0.20000000000000             2
   -0.05882352941176    0.33333333333333    0.20000000000000             2
    0.00000000000000    0.50000000000000    0.20000000000000             2
    0.05882352941176    0.50000000000000    0.20000000000000             2
    0.11764705882353    0.50000000000000    0.20000000000000             2
    0.17647058823529    0.50000000000000    0.20000000000000             2
    0.23529411764706    0.50000000000000    0.20000000000000             2
    0.29411764705882    0.50000000000000    0.20000000000000             2
    0.35294117647059    0.50000000000000    0.20000000000000             2
    0.41176470588235    0.50000000000000    0.20000000000000             2
    0.47058823529412    0.50000000000000    0.20000000000000             2
   -0.47058823529412    0.50000000000000    0.20000000000000             2
   -0.41176470588235    0.50000000000000    0.20000000000000             2
   -0.35294117647059    0.50000000000000    0.20000000000000             2
   -0.29411764705882    0.50000000000000    0.20000000000000             2
   -0.23529411764706    0.50000000000000    0.20000000000000             2
   -0.17647058823529    0.50000000000000    0.20000000000000             2
   -0.11764705882353    0.50000000000000    0.20000000000000             2
   -0.05882352941176    0.50000000000000    0.20000000000000             2
    0.00000000000000   -0.33333333333333    0.20000000000000             2
    0.05882352941176   -0.33333333333333    0.20000000000000             2
    0.11764705882353   -0.33333333333333    0.20000000000000             2
    0.17647058823529   -0.33333333333333    0.20000000000000             2
    0.23529411764706   -0.33333333333333    0.20000000000000             2
    0.29411764705882   -0.33333333333333    0.20000000000000             2
    0.35294117647059   -0.33333333333333    0.20000000000000             2
    0.41176470588235   -0.33333333333333    0.20000000000000             2
    0.47058823529412   -0.33333333333333    0.20000000000000             2
   -0.47058823529412   -0.33333333333333    0.20000000000000             2
   -0.41176470588235   -0.33333333333333    0.20000000000000             2
   -0.35294117647059   -0.33333333333333    0.20000000000000             2
   -0.29411764705882   -0.33333333333333    0.20000000000000             2
   -0.23529411764706   -0.33333333333333    0.20000000000000             2
   -0.17647058823529   -0.33333333333333    0.20000000000000             2
   -0.11764705882353   -0.33333333333333    0.20000000000000             2
   -0.05882352941176   -0.33333333333333    0.20000000000000             2
    0.00000000000000   -0.16666666666667    0.20000000000000             2
    0.05882352941176   -0.16666666666667    0.20000000000000             2
    0.11764705882353   -0.16666666666667    0.20000000000000             2
    0.17647058823529   -0.16666666666667    0.20000000000000             2
    0.23529411764706   -0.16666666666667    0.20000000000000             2
    0.29411764705882   -0.16666666666667    0.20000000000000             2
    0.35294117647059   -0.16666666666667    0.20000000000000             2
    0.41176470588235   -0.16666666666667    0.20000000000000             2
    0.47058823529412   -0.16666666666667    0.20000000000000             2
   -0.47058823529412   -0.16666666666667    0.20000000000000             2
   -0.41176470588235   -0.16666666666667    0.20000000000000             2
   -0.35294117647059   -0.16666666666667    0.20000000000000             2
   -0.29411764705882   -0.16666666666667    0.20000000000000             2
   -0.23529411764706   -0.16666666666667    0.20000000000000             2
   -0.17647058823529   -0.16666666666667    0.20000000000000             2
   -0.11764705882353   -0.16666666666667    0.20000000000000             2
   -0.05882352941176   -0.16666666666667    0.20000000000000             2
    0.00000000000000    0.00000000000000    0.40000000000000             2
    0.05882352941176    0.00000000000000    0.40000000000000             2
    0.11764705882353    0.00000000000000    0.40000000000000             2
    0.17647058823529    0.00000000000000    0.40000000000000             2
    0.23529411764706    0.00000000000000    0.40000000000000             2
    0.29411764705882    0.00000000000000    0.40000000000000             2
    0.35294117647059    0.00000000000000    0.40000000000000             2
    0.41176470588235    0.00000000000000    0.40000000000000             2
    0.47058823529412    0.00000000000000    0.40000000000000             2
   -0.47058823529412    0.00000000000000    0.40000000000000             2
   -0.41176470588235    0.00000000000000    0.40000000000000             2
   -0.35294117647059    0.00000000000000    0.40000000000000             2
   -0.29411764705882    0.00000000000000    0.40000000000000             2
   -0.23529411764706    0.00000000000000    0.40000000000000             2
   -0.17647058823529    0.00000000000000    0.40000000000000             2
   -0.11764705882353    0.00000000000000    0.40000000000000             2
   -0.05882352941176    0.00000000000000    0.40000000000000             2
    0.00000000000000    0.16666666666667    0.40000000000000             2
    0.05882352941176    0.16666666666667    0.40000000000000             2
    0.11764705882353    0.16666666666667    0.40000000000000             2
    0.17647058823529    0.16666666666667    0.40000000000000             2
    0.23529411764706    0.16666666666667    0.40000000000000             2
    0.29411764705882    0.16666666666667    0.40000000000000             2
    0.35294117647059    0.16666666666667    0.40000000000000             2
    0.41176470588235    0.16666666666667    0.40000000000000             2
    0.47058823529412    0.16666666666667    0.40000000000000             2
   -0.47058823529412    0.16666666666667    0.40000000000000             2
   -0.41176470588235    0.16666666666667    0.40000000000000             2
   -0.35294117647059    0.16666666666667    0.40000000000000             2
   -0.29411764705882    0.16666666666667    0.40000000000000             2
   -0.23529411764706    0.16666666666667    0.40000000000000             2
   -0.17647058823529    0.16666666666667    0.40000000000000             2
   -0.11764705882353    0.16666666666667    0.40000000000000             2
   -0.05882352941176    0.16666666666667    0.40000000000000             2
    0.00000000000000    0.33333333333333    0.40000000000000             2
    0.05882352941176    0.33333333333333    0.40000000000000             2
    0.11764705882353    0.33333333333333    0.40000000000000             2
    0.17647058823529    0.33333333333333    0.40000000000000             2
    0.23529411764706    0.33333333333333    0.40000000000000             2
    0.29411764705882    0.33333333333333    0.40000000000000             2
    0.35294117647059    0.33333333333333    0.40000000000000             2
    0.41176470588235    0.33333333333333    0.40000000000000             2
    0.47058823529412    0.33333333333333    0.40000000000000             2
   -0.47058823529412    0.33333333333333    0.40000000000000             2
   -0.41176470588235    0.33333333333333    0.40000000000000             2
   -0.35294117647059    0.33333333333333    0.40000000000000             2
   -0.29411764705882    0.33333333333333    0.40000000000000             2
   -0.23529411764706    0.33333333333333    0.40000000000000             2
   -0.17647058823529    0.33333333333333    0.40000000000000             2
   -0.11764705882353    0.33333333333333    0.40000000000000             2
   -0.05882352941176    0.33333333333333    0.40000000000000             2
    0.00000000000000    0.50000000000000    0.40000000000000             2
    0.05882352941176    0.50000000000000    0.40000000000000             2
    0.11764705882353    0.50000000000000    0.40000000000000             2
    0.17647058823529    0.50000000000000    0.40000000000000             2
    0.23529411764706    0.50000000000000    0.40000000000000             2
    0.29411764705882    0.50000000000000    0.40000000000000             2
    0.35294117647059    0.50000000000000    0.40000000000000             2
    0.41176470588235    0.50000000000000    0.40000000000000             2
    0.47058823529412    0.50000000000000    0.40000000000000             2
   -0.47058823529412    0.50000000000000    0.40000000000000             2
   -0.41176470588235    0.50000000000000    0.40000000000000             2
   -0.35294117647059    0.50000000000000    0.40000000000000             2
   -0.29411764705882    0.50000000000000    0.40000000000000             2
   -0.23529411764706    0.50000000000000    0.40000000000000             2
   -0.17647058823529    0.50000000000000    0.40000000000000             2
   -0.11764705882353    0.50000000000000    0.40000000000000             2
   -0.05882352941176    0.50000000000000    0.40000000000000             2
    0.00000000000000   -0.33333333333333    0.40000000000000             2
    0.05882352941176   -0.33333333333333    0.40000000000000             2
    0.11764705882353   -0.33333333333333    0.40000000000000             2
    0.17647058823529   -0.33333333333333    0.40000000000000             2
    0.23529411764706   -0.33333333333333    0.40000000000000             2
    0.29411764705882   -0.33333333333333    0.40000000000000             2
    0.35294117647059   -0.33333333333333    0.40000000000000             2
    0.41176470588235   -0.33333333333333    0.40000000000000             2
    0.47058823529412   -0.33333333333333    0.40000000000000             2
   -0.47058823529412   -0.33333333333333    0.40000000000000             2
   -0.41176470588235   -0.33333333333333    0.40000000000000             2
   -0.35294117647059   -0.33333333333333    0.40000000000000             2
   -0.29411764705882   -0.33333333333333    0.40000000000000             2
   -0.23529411764706   -0.33333333333333    0.40000000000000             2
   -0.17647058823529   -0.33333333333333    0.40000000000000             2
   -0.11764705882353   -0.33333333333333    0.40000000000000             2
   -0.05882352941176   -0.33333333333333    0.40000000000000             2
    0.00000000000000   -0.16666666666667    0.40000000000000             2
    0.05882352941176   -0.16666666666667    0.40000000000000             2
    0.11764705882353   -0.16666666666667    0.40000000000000             2
    0.17647058823529   -0.16666666666667    0.40000000000000             2
    0.23529411764706   -0.16666666666667    0.40000000000000             2
    0.29411764705882   -0.16666666666667    0.40000000000000             2
    0.35294117647059   -0.16666666666667    0.40000000000000             2
    0.41176470588235   -0.16666666666667    0.40000000000000             2
    0.47058823529412   -0.16666666666667    0.40000000000000             2
   -0.47058823529412   -0.16666666666667    0.40000000000000             2
   -0.41176470588235   -0.16666666666667    0.40000000000000             2
   -0.35294117647059   -0.16666666666667    0.40000000000000             2
   -0.29411764705882   -0.16666666666667    0.40000000000000             2
   -0.23529411764706   -0.16666666666667    0.40000000000000             2
   -0.17647058823529   -0.16666666666667    0.40000000000000             2
   -0.11764705882353   -0.16666666666667    0.40000000000000             2
   -0.05882352941176   -0.16666666666667    0.40000000000000             2
