Automatically generated mesh
      44
Reciprocal lattice
    0.00000000000000    0.00000000000000    0.00000000000000             1
    0.14285714285714    0.00000000000000    0.00000000000000             2
    0.28571428571429    0.00000000000000    0.00000000000000             2
    0.42857142857143    0.00000000000000    0.00000000000000             2
    0.00000000000000    0.16666666666667    0.00000000000000             2
    0.14285714285714    0.16666666666667    0.00000000000000             2
    0.28571428571429    0.16666666666667    0.00000000000000             2
    0.42857142857143    0.16666666666667    0.00000000000000             2
   -0.42857142857143    0.16666666666667    0.00000000000000             2
   -0.28571428571429    0.16666666666667    0.00000000000000             2
   -0.14285714285714    0.16666666666667    0.00000000000000             2
    0.00000000000000    0.33333333333333    0.00000000000000             2
    0.14285714285714    0.33333333333333    0.00000000000000             2
    0.28571428571429    0.33333333333333    0.00000000000000             2
    0.42857142857143    0.33333333333333    0.00000000000000             2
   -0.42857142857143    0.33333333333333    0.00000000000000             2
   -0.28571428571429    0.33333333333333    0.00000000000000             2
   -0.14285714285714    0.33333333333333    0.00000000000000             2
    0.00000000000000    0.50000000000000    0.00000000000000             1
    0.14285714285714    0.50000000000000    0.00000000000000             2
    0.28571428571429    0.50000000000000    0.00000000000000             2
    0.42857142857143    0.50000000000000    0.00000000000000             2
    0.00000000000000    0.00000000000000    0.50000000000000             1
    0.14285714285714    0.00000000000000    0.50000000000000             2
    0.28571428571429    0.00000000000000    0.50000000000000             2
    0.42857142857143    0.00000000000000    0.50000000000000             2
    0.00000000000000    0.16666666666667    0.50000000000000             2
    0.14285714285714    0.16666666666667    0.50000000000000             2
    0.28571428571429    0.16666666666667    0.50000000000000             2
    0.42857142857143    0.16666666666667    0.50000000000000             2
   -0.42857142857143    0.16666666666667    0.50000000000000             2
   -0.28571428571429    0.16666666666667    0.50000000000000             2
   -0.14285714285714    0.16666666666667    0.50000000000000             2
    0.00000000000000    0.33333333333333    0.50000000000000             2
    0.14285714285714    0.33333333333333    0.50000000000000             2
    0.28571428571429    0.33333333333333    0.50000000000000             2
    0.42857142857143    0.33333333333333    0.50000000000000             2
   -0.42857142857143    0.33333333333333    0.50000000000000             2
   -0.28571428571429    0.33333333333333    0.50000000000000             2
   -0.14285714285714    0.33333333333333    0.50000000000000             2
    0.00000000000000    0.50000000000000    0.50000000000000             1
    0.14285714285714    0.50000000000000    0.50000000000000             2
    0.28571428571429    0.50000000000000    0.50000000000000             2
    0.42857142857143    0.50000000000000    0.50000000000000             2
Tetrahedra
       252    0.00198412698413
         2         2         5         6        27
         2         1         2         5        27
         2         1         2        23        27
         2         2         6        27        28
         2         2        24        27        28
         2         2        23        24        27
         2         3         6         7        28
         2         2         3         6        28
         2         2         3        24        28
         2         3         7        28        29
         2         3        25        28        29
         2         3        24        25        28
         2         4         7         8        29
         2         3         4         7        29
         2         3         4        25        29
         2         4         8        29        30
         2         4        26        29        30
         2         4        25        26        29
         2         4         8         9        30
         2         4         4         8        30
         2         4         4        26        30
         2         4         9        30        31
         2         4        26        30        31
         2         4        26        26        30
         2         3         9        10        31
         2         3         4         9        31
         2         3         4        26        31
         2         3        10        31        32
         2         3        25        31        32
         2         3        25        26        31
         2         2        10        11        32
         2         2         3        10        32
         2         2         3        25        32
         2         2        11        32        33
         2         2        24        32        33
         2         2        24        25        32
         2         1         5        11        33
         2         1         2        11        33
         2         1         2        24        33
         2         1         5        27        33
         2         1        23        27        33
         2         1        23        24        33
         2         6        12        13        34
         2         5         6        12        34
         2         5         6        27        34
         2         6        13        34        35
         2         6        28        34        35
         2         6        27        28        34
         2         7        13        14        35
         2         6         7        13        35
         2         6         7        28        35
         2         7        14        35        36
         2         7        29        35        36
         2         7        28        29        35
         2         8        14        15        36
         2         7         8        14        36
         2         7         8        29        36
         2         8        15        36        37
         2         8        30        36        37
         2         8        29        30        36
         2         9        15        16        37
         2         8         9        15        37
         2         8         9        30        37
         2         9        16        37        38
         2         9        31        37        38
         2         9        30        31        37
         2        10        16        17        38
         2         9        10        16        38
         2         9        10        31        38
         2        10        17        38        39
         2        10        32        38        39
         2        10        31        32        38
         2        11        17        18        39
         2        10        11        17        39
         2        10        11        32        39
         2        11        18        39        40
         2        11        33        39        40
         2        11        32        33        39
         2         5        12        18        40
         2         5        11        18        40
         2         5        11        33        40
         2         5        12        34        40
         2         5        27        34        40
         2         5        27        33        40
         2        13        19        20        41
         2        12        13        19        41
         2        12        13        34        41
         2        13        20        41        42
         2        13        35        41        42
         2        13        34        35        41
         2        14        20        21        42
         2        13        14        20        42
         2        13        14        35        42
         2        14        21        42        43
         2        14        36        42        43
         2        14        35        36        42
         2        15        21        22        43
         2        14        15        21        43
         2        14        15        36        43
         2        15        22        43        44
         2        15        37        43        44
         2        15        36        37        43
         2        16        22        22        44
         2        15        16        22        44
         2        15        16        37        44
         2        16        22        44        44
         2        16        38        44        44
         2        16        37        38        44
         2        17        21        22        44
         2        16        17        22        44
         2        16        17        38        44
         2        17        21        43        44
         2        17        39        43        44
         2        17        38        39        44
         2        18        20        21        43
         2        17        18        21        43
         2        17        18        39        43
         2        18        20        42        43
         2        18        40        42        43
         2        18        39        40        43
         2        12        19        20        42
         2        12        18        20        42
         2        12        18        40        42
         2        12        19        41        42
         2        12        34        41        42
         2        12        34        40        42
         2        12        18        20        34
         2        12        19        20        34
         2        19        20        34        41
         2        18        20        34        40
         2        20        34        40        42
         2        20        34        41        42
         2        17        18        21        40
         2        18        20        21        40
         2        20        21        40        42
         2        17        21        39        40
         2        21        39        40        43
         2        21        40        42        43
         2        16        17        22        39
         2        17        21        22        39
         2        21        22        39        43
         2        16        22        38        39
         2        22        38        39        44
         2        22        39        43        44
         2        15        16        22        38
         2        16        22        22        38
         2        22        22        38        44
         2        15        22        37        38
         2        22        37        38        44
         2        22        38        44        44
         2        14        15        21        37
         2        15        21        22        37
         2        21        22        37        44
         2        14        21        36        37
         2        21        36        37        43
         2        21        37        43        44
         2        13        14        20        36
         2        14        20        21        36
         2        20        21        36        43
         2        13        20        35        36
         2        20        35        36        42
         2        20        36        42        43
         2        12        13        19        35
         2        13        19        20        35
         2        19        20        35        42
         2        12        19        34        35
         2        19        34        35        41
         2        19        35        41        42
         2         5        11        18        27
         2         5        12        18        27
         2        12        18        27        34
         2        11        18        27        33
         2        18        27        33        40
         2        18        27        34        40
         2        10        11        17        33
         2        11        17        18        33
         2        17        18        33        40
         2        10        17        32        33
         2        17        32        33        39
         2        17        33        39        40
         2         9        10        16        32
         2        10        16        17        32
         2        16        17        32        39
         2         9        16        31        32
         2        16        31        32        38
         2        16        32        38        39
         2         8         9        15        31
         2         9        15        16        31
         2        15        16        31        38
         2         8        15        30        31
         2        15        30        31        37
         2        15        31        37        38
         2         7         8        14        30
         2         8        14        15        30
         2        14        15        30        37
         2         7        14        29        30
         2        14        29        30        36
         2        14        30        36        37
         2         6         7        13        29
         2         7        13        14        29
         2        13        14        29        36
         2         6        13        28        29
         2        13        28        29        35
         2        13        29        35        36
         2         5         6        12        28
         2         6        12        13        28
         2        12        13        28        35
         2         5        12        27        28
         2        12        27        28        34
         2        12        28        34        35
         2         1         2        11        23
         2         1         5        11        23
         2         5        11        23        27
         2         2        11        23        24
         2        11        23        24        33
         2        11        23        27        33
         2         2         3        10        24
         2         2        10        11        24
         2        10        11        24        33
         2         3        10        24        25
         2        10        24        25        32
         2        10        24        32        33
         2         3         4         9        25
         2         3         9        10        25
         2         9        10        25        32
         2         4         9        25        26
         2         9        25        26        31
         2         9        25        31        32
         2         4         4         8        26
         2         4         8         9        26
         2         8         9        26        31
         2         4         8        26        26
         2         8        26        26        30
         2         8        26        30        31
         2         3         4         7        26
         2         4         7         8        26
         2         7         8        26        30
         2         3         7        25        26
         2         7        25        26        29
         2         7        26        29        30
         2         2         3         6        25
         2         3         6         7        25
         2         6         7        25        29
         2         2         6        24        25
         2         6        24        25        28
         2         6        25        28        29
         2         1         2         5        24
         2         2         5         6        24
         2         5         6        24        28
         2         1         5        23        24
         2         5        23        24        27
         2         5        24        27        28
