Automatically generated mesh
      41
Reciprocal lattice
    0.00000000000000    0.00000000000000    0.00000000000000             1
    0.11111111111111    0.00000000000000    0.00000000000000             2
    0.22222222222222    0.00000000000000    0.00000000000000             2
    0.33333333333333    0.00000000000000    0.00000000000000             2
    0.44444444444445    0.00000000000000    0.00000000000000             2
    0.00000000000000    0.33333333333333    0.00000000000000             2
    0.11111111111111    0.33333333333333    0.00000000000000             2
    0.22222222222222    0.33333333333333    0.00000000000000             2
    0.33333333333333    0.33333333333333    0.00000000000000             2
    0.44444444444445    0.33333333333333    0.00000000000000             2
   -0.44444444444444    0.33333333333333    0.00000000000000             2
   -0.33333333333333    0.33333333333333    0.00000000000000             2
   -0.22222222222222    0.33333333333333    0.00000000000000             2
   -0.11111111111111    0.33333333333333    0.00000000000000             2
    0.00000000000000    0.00000000000000    0.33333333333333             2
    0.11111111111111    0.00000000000000    0.33333333333333             2
    0.22222222222222    0.00000000000000    0.33333333333333             2
    0.33333333333333    0.00000000000000    0.33333333333333             2
    0.44444444444445    0.00000000000000    0.33333333333333             2
   -0.44444444444444    0.00000000000000    0.33333333333333             2
   -0.33333333333333    0.00000000000000    0.33333333333333             2
   -0.22222222222222    0.00000000000000    0.33333333333333             2
   -0.11111111111111    0.00000000000000    0.33333333333333             2
    0.00000000000000    0.33333333333333    0.33333333333333             2
    0.11111111111111    0.33333333333333    0.33333333333333             2
    0.22222222222222    0.33333333333333    0.33333333333333             2
    0.33333333333333    0.33333333333333    0.33333333333333             2
    0.44444444444444    0.33333333333333    0.33333333333333             2
   -0.44444444444444    0.33333333333333    0.33333333333333             2
   -0.33333333333333    0.33333333333333    0.33333333333333             2
   -0.22222222222222    0.33333333333333    0.33333333333333             2
   -0.11111111111111    0.33333333333333    0.33333333333333             2
    0.00000000000000   -0.33333333333333    0.33333333333333             2
    0.11111111111111   -0.33333333333333    0.33333333333333             2
    0.22222222222222   -0.33333333333333    0.33333333333333             2
    0.33333333333333   -0.33333333333333    0.33333333333333             2
    0.44444444444445   -0.33333333333333    0.33333333333333             2
   -0.44444444444444   -0.33333333333333    0.33333333333333             2
   -0.33333333333333   -0.33333333333333    0.33333333333333             2
   -0.22222222222222   -0.33333333333333    0.33333333333333             2
   -0.11111111111111   -0.33333333333333    0.33333333333333             2
Tetrahedra
       240    0.00205761316872
         2         1         6         7        25
         2         1         2         7        25
         2         1         2        16        25
         2         1         6        24        25
         2         1        15        24        25
         2         1        15        16        25
         2         2         7         8        26
         2         2         3         8        26
         2         2         3        17        26
         2         2         7        25        26
         2         2        16        25        26
         2         2        16        17        26
         2         3         8         9        27
         2         3         4         9        27
         2         3         4        18        27
         2         3         8        26        27
         2         3        17        26        27
         2         3        17        18        27
         2         4         9        10        28
         2         4         5        10        28
         2         4         5        19        28
         2         4         9        27        28
         2         4        18        27        28
         2         4        18        19        28
         2         5        10        11        29
         2         5         5        11        29
         2         5         5        20        29
         2         5        10        28        29
         2         5        19        28        29
         2         5        19        20        29
         2         5        11        12        30
         2         4         5        12        30
         2         4         5        21        30
         2         5        11        29        30
         2         5        20        29        30
         2         5        20        21        30
         2         4        12        13        31
         2         3         4        13        31
         2         3         4        22        31
         2         4        12        30        31
         2         4        21        30        31
         2         4        21        22        31
         2         3        13        14        32
         2         2         3        14        32
         2         2         3        23        32
         2         3        13        31        32
         2         3        22        31        32
         2         3        22        23        32
         2         2         6        14        24
         2         1         2         6        24
         2         1         2        15        24
         2         2        14        24        32
         2         2        23        24        32
         2         2        15        23        24
         2         6         6        14        34
         2         6         7        14        34
         2         6         7        25        34
         2         6         6        33        34
         2         6        24        33        34
         2         6        24        25        34
         2         7        13        14        35
         2         7         8        13        35
         2         7         8        26        35
         2         7        14        34        35
         2         7        25        34        35
         2         7        25        26        35
         2         8        12        13        36
         2         8         9        12        36
         2         8         9        27        36
         2         8        13        35        36
         2         8        26        35        36
         2         8        26        27        36
         2         9        11        12        37
         2         9        10        11        37
         2         9        10        28        37
         2         9        12        36        37
         2         9        27        36        37
         2         9        27        28        37
         4        10        10        11        38
         2        10        11        29        38
         2        10        11        37        38
         2        10        28        37        38
         2        10        28        29        38
         2         9        10        11        39
         2         9        11        12        39
         2        11        12        30        39
         2        10        11        38        39
         2        11        29        38        39
         2        11        29        30        39
         2         8         9        12        40
         2         8        12        13        40
         2        12        13        31        40
         2         9        12        39        40
         2        12        30        39        40
         2        12        30        31        40
         2         7         8        13        41
         2         7        13        14        41
         2        13        14        32        41
         2         8        13        40        41
         2        13        31        40        41
         2        13        31        32        41
         2         6         7        14        33
         2         6         6        14        33
         2         6        14        24        33
         2         7        14        33        41
         2        14        32        33        41
         2        14        24        32        33
         2         1         2         6        16
         2         2         6        14        16
         2         6        14        16        34
         2         1         6        15        16
         2         6        15        16        33
         2         6        16        33        34
         2         2         3        14        17
         2         3        13        14        17
         2        13        14        17        35
         2         2        14        16        17
         2        14        16        17        34
         2        14        17        34        35
         2         3         4        13        18
         2         4        12        13        18
         2        12        13        18        36
         2         3        13        17        18
         2        13        17        18        35
         2        13        18        35        36
         2         4         5        12        19
         2         5        11        12        19
         2        11        12        19        37
         2         4        12        18        19
         2        12        18        19        36
         2        12        19        36        37
         2         5         5        11        20
         2         5        10        11        20
         2        10        11        20        38
         2         5        11        19        20
         2        11        19        20        37
         2        11        20        37        38
         2         4         5        10        21
         2         4         9        10        21
         2         9        10        21        39
         2         5        10        20        21
         2        10        20        21        38
         2        10        21        38        39
         2         3         4         9        22
         2         3         8         9        22
         2         8         9        22        40
         2         4         9        21        22
         2         9        21        22        39
         2         9        22        39        40
         2         2         3         8        23
         2         2         7         8        23
         2         7         8        23        41
         2         3         8        22        23
         2         8        22        23        40
         2         8        23        40        41
         2         1         2         7        15
         2         1         6         7        15
         2         6         7        15        33
         2         2         7        15        23
         2         7        15        23        41
         2         7        15        33        41
         2        15        24        25        41
         2        15        16        25        41
         2        15        16        23        41
         2        15        24        33        41
         2        15        15        33        41
         2        15        15        23        41
         2        16        25        26        40
         2        16        17        26        40
         2        16        17        22        40
         2        16        25        40        41
         2        16        23        40        41
         2        16        22        23        40
         2        17        26        27        39
         2        17        18        27        39
         2        17        18        21        39
         2        17        26        39        40
         2        17        22        39        40
         2        17        21        22        39
         2        18        27        28        38
         2        18        19        28        38
         2        18        19        20        38
         2        18        27        38        39
         2        18        21        38        39
         2        18        20        21        38
         2        19        28        29        37
         2        19        20        29        37
         4        19        19        20        37
         2        19        28        37        38
         2        19        20        37        38
         2        20        29        30        36
         2        20        21        30        36
         2        18        20        21        36
         2        20        29        36        37
         2        19        20        36        37
         2        18        19        20        36
         2        21        30        31        35
         2        21        22        31        35
         2        17        21        22        35
         2        21        30        35        36
         2        18        21        35        36
         2        17        18        21        35
         2        22        31        32        34
         2        22        23        32        34
         2        16        22        23        34
         2        22        31        34        35
         2        17        22        34        35
         2        16        17        22        34
         2        23        24        32        33
         2        15        23        24        33
         2        15        15        23        33
         2        23        32        33        34
         2        16        23        33        34
         2        15        16        23        33
         2        24        32        33        34
         2        24        25        32        34
         2        24        25        32        41
         4        24        24        32        33
         2        24        32        33        41
         2        25        31        34        35
         2        25        26        31        35
         2        25        26        31        40
         2        25        31        32        34
         2        25        31        32        41
         2        25        31        40        41
         2        26        30        35        36
         2        26        27        30        36
         2        26        27        30        39
         2        26        30        31        35
         2        26        30        31        40
         2        26        30        39        40
         2        27        29        36        37
         2        27        28        29        37
         2        27        28        29        38
         2        27        29        30        36
         2        27        29        30        39
         2        27        29        38        39
         2        28        28        37        38
         2        28        28        29        38
         2        28        28        29        37
