Automatically generated mesh
      55
Reciprocal lattice
    0.00000000000000    0.00000000000000    0.00000000000000             1
    0.11111111111111    0.00000000000000    0.00000000000000             2
    0.22222222222222    0.00000000000000    0.00000000000000             2
    0.33333333333333    0.00000000000000    0.00000000000000             2
    0.44444444444444    0.00000000000000    0.00000000000000             2
    0.00000000000000    0.25000000000000    0.00000000000000             2
    0.11111111111111    0.25000000000000    0.00000000000000             2
    0.22222222222222    0.25000000000000    0.00000000000000             2
    0.33333333333333    0.25000000000000    0.00000000000000             2
    0.44444444444444    0.25000000000000    0.00000000000000             2
   -0.44444444444444    0.25000000000000    0.00000000000000             2
   -0.33333333333333    0.25000000000000    0.00000000000000             2
   -0.22222222222222    0.25000000000000    0.00000000000000             2
   -0.11111111111111    0.25000000000000    0.00000000000000             2
    0.00000000000000    0.50000000000000    0.00000000000000             1
    0.11111111111111    0.50000000000000    0.00000000000000             2
    0.22222222222222    0.50000000000000    0.00000000000000             2
    0.33333333333333    0.50000000000000    0.00000000000000             2
    0.44444444444444    0.50000000000000    0.00000000000000             2
    0.00000000000000    0.00000000000000    0.33333333333333             2
    0.11111111111111    0.00000000000000    0.33333333333333             2
    0.22222222222222    0.00000000000000    0.33333333333333             2
    0.33333333333333    0.00000000000000    0.33333333333333             2
    0.44444444444444    0.00000000000000    0.33333333333333             2
   -0.44444444444444    0.00000000000000    0.33333333333333             2
   -0.33333333333333    0.00000000000000    0.33333333333333             2
   -0.22222222222222    0.00000000000000    0.33333333333333             2
   -0.11111111111111    0.00000000000000    0.33333333333333             2
    0.00000000000000    0.25000000000000    0.33333333333333             2
    0.11111111111111    0.25000000000000    0.33333333333333             2
    0.22222222222222    0.25000000000000    0.33333333333333             2
    0.33333333333333    0.25000000000000    0.33333333333333             2
    0.44444444444444    0.25000000000000    0.33333333333333             2
   -0.44444444444444    0.25000000000000    0.33333333333333             2
   -0.33333333333333    0.25000000000000    0.33333333333333             2
   -0.22222222222222    0.25000000000000    0.33333333333333             2
   -0.11111111111111    0.25000000000000    0.33333333333333             2
    0.00000000000000    0.50000000000000    0.33333333333333             2
    0.11111111111111    0.50000000000000    0.33333333333333             2
    0.22222222222222    0.50000000000000    0.33333333333333             2
    0.33333333333333    0.50000000000000    0.33333333333333             2
    0.44444444444444    0.50000000000000    0.33333333333333             2
   -0.44444444444444    0.50000000000000    0.33333333333333             2
   -0.33333333333333    0.50000000000000    0.33333333333333             2
   -0.22222222222222    0.50000000000000    0.33333333333333             2
   -0.11111111111111    0.50000000000000    0.33333333333333             2
    0.00000000000000   -0.25000000000000    0.33333333333333             2
    0.11111111111111   -0.25000000000000    0.33333333333333             2
    0.22222222222222   -0.25000000000000    0.33333333333333             2
    0.33333333333333   -0.25000000000000    0.33333333333333             2
    0.44444444444444   -0.25000000000000    0.33333333333333             2
   -0.44444444444444   -0.25000000000000    0.33333333333333             2
   -0.33333333333333   -0.25000000000000    0.33333333333333             2
   -0.22222222222222   -0.25000000000000    0.33333333333333             2
   -0.11111111111111   -0.25000000000000    0.33333333333333             2
Tetrahedra
       322    0.00154320987654
         2         1         6         7        30
         2         1         2         7        30
         2         1         2        21        30
         2         1         6        29        30
         2         1        20        29        30
         2         1        20        21        30
         2         2         7         8        31
         2         2         3         8        31
         2         2         3        22        31
         2         2         7        30        31
         2         2        21        30        31
         2         2        21        22        31
         2         3         8         9        32
         2         3         4         9        32
         2         3         4        23        32
         2         3         8        31        32
         2         3        22        31        32
         2         3        22        23        32
         2         4         9        10        33
         2         4         5        10        33
         2         4         5        24        33
         2         4         9        32        33
         2         4        23        32        33
         2         4        23        24        33
         2         5        10        11        34
         2         5         5        11        34
         2         5         5        25        34
         2         5        10        33        34
         2         5        24        33        34
         2         5        24        25        34
         2         5        11        12        35
         2         4         5        12        35
         2         4         5        26        35
         2         5        11        34        35
         2         5        25        34        35
         2         5        25        26        35
         2         4        12        13        36
         2         3         4        13        36
         2         3         4        27        36
         2         4        12        35        36
         2         4        26        35        36
         2         4        26        27        36
         2         3        13        14        37
         2         2         3        14        37
         2         2         3        28        37
         2         3        13        36        37
         2         3        27        36        37
         2         3        27        28        37
         2         2         6        14        29
         2         1         2         6        29
         2         1         2        20        29
         2         2        14        29        37
         2         2        28        29        37
         2         2        20        28        29
         2         6        15        16        39
         2         6         7        16        39
         2         6         7        30        39
         2         6        15        38        39
         2         6        29        38        39
         2         6        29        30        39
         2         7        16        17        40
         2         7         8        17        40
         2         7         8        31        40
         2         7        16        39        40
         2         7        30        39        40
         2         7        30        31        40
         2         8        17        18        41
         2         8         9        18        41
         2         8         9        32        41
         2         8        17        40        41
         2         8        31        40        41
         2         8        31        32        41
         2         9        18        19        42
         2         9        10        19        42
         2         9        10        33        42
         2         9        18        41        42
         2         9        32        41        42
         2         9        32        33        42
         2        10        19        19        43
         2        10        11        19        43
         2        10        11        34        43
         2        10        19        42        43
         2        10        33        42        43
         2        10        33        34        43
         2        11        18        19        44
         2        11        12        18        44
         2        11        12        35        44
         2        11        19        43        44
         2        11        34        43        44
         2        11        34        35        44
         2        12        17        18        45
         2        12        13        17        45
         2        12        13        36        45
         2        12        18        44        45
         2        12        35        44        45
         2        12        35        36        45
         2        13        16        17        46
         2        13        14        16        46
         2        13        14        37        46
         2        13        17        45        46
         2        13        36        45        46
         2        13        36        37        46
         2        14        15        16        38
         2         6        14        15        38
         2         6        14        29        38
         2        14        16        38        46
         2        14        37        38        46
         2        14        29        37        38
         2         6        14        15        48
         2        14        15        16        48
         2        15        16        39        48
         2         6        15        47        48
         2        15        38        47        48
         2        15        38        39        48
         2        13        14        16        49
         2        13        16        17        49
         2        16        17        40        49
         2        14        16        48        49
         2        16        39        48        49
         2        16        39        40        49
         2        12        13        17        50
         2        12        17        18        50
         2        17        18        41        50
         2        13        17        49        50
         2        17        40        49        50
         2        17        40        41        50
         2        11        12        18        51
         2        11        18        19        51
         2        18        19        42        51
         2        12        18        50        51
         2        18        41        50        51
         2        18        41        42        51
         2        10        11        19        52
         2        10        19        19        52
         2        19        19        43        52
         2        11        19        51        52
         2        19        42        51        52
         2        19        42        43        52
         2         9        10        19        53
         2         9        18        19        53
         2        18        19        44        53
         2        10        19        52        53
         2        19        43        52        53
         2        19        43        44        53
         2         8         9        18        54
         2         8        17        18        54
         2        17        18        45        54
         2         9        18        53        54
         2        18        44        53        54
         2        18        44        45        54
         2         7         8        17        55
         2         7        16        17        55
         2        16        17        46        55
         2         8        17        54        55
         2        17        45        54        55
         2        17        45        46        55
         2         6         7        16        47
         2         6        15        16        47
         2        15        16        38        47
         2         7        16        47        55
         2        16        46        47        55
         2        16        38        46        47
         2         1         2         6        21
         2         2         6        14        21
         2         6        14        21        48
         2         1         6        20        21
         2         6        20        21        47
         2         6        21        47        48
         2         2         3        14        22
         2         3        13        14        22
         2        13        14        22        49
         2         2        14        21        22
         2        14        21        22        48
         2        14        22        48        49
         2         3         4        13        23
         2         4        12        13        23
         2        12        13        23        50
         2         3        13        22        23
         2        13        22        23        49
         2        13        23        49        50
         2         4         5        12        24
         2         5        11        12        24
         2        11        12        24        51
         2         4        12        23        24
         2        12        23        24        50
         2        12        24        50        51
         2         5         5        11        25
         2         5        10        11        25
         2        10        11        25        52
         2         5        11        24        25
         2        11        24        25        51
         2        11        25        51        52
         2         4         5        10        26
         2         4         9        10        26
         2         9        10        26        53
         2         5        10        25        26
         2        10        25        26        52
         2        10        26        52        53
         2         3         4         9        27
         2         3         8         9        27
         2         8         9        27        54
         2         4         9        26        27
         2         9        26        27        53
         2         9        27        53        54
         2         2         3         8        28
         2         2         7         8        28
         2         7         8        28        55
         2         3         8        27        28
         2         8        27        28        54
         2         8        28        54        55
         2         1         2         7        20
         2         1         6         7        20
         2         6         7        20        47
         2         2         7        20        28
         2         7        20        28        55
         2         7        20        47        55
         2        20        29        30        55
         2        20        21        30        55
         2        20        21        28        55
         2        20        29        47        55
         2        20        20        47        55
         2        20        20        28        55
         2        21        30        31        54
         2        21        22        31        54
         2        21        22        27        54
         2        21        30        54        55
         2        21        28        54        55
         2        21        27        28        54
         2        22        31        32        53
         2        22        23        32        53
         2        22        23        26        53
         2        22        31        53        54
         2        22        27        53        54
         2        22        26        27        53
         2        23        32        33        52
         2        23        24        33        52
         2        23        24        25        52
         2        23        32        52        53
         2        23        26        52        53
         2        23        25        26        52
         2        24        33        34        51
         2        24        25        34        51
         4        24        24        25        51
         2        24        33        51        52
         2        24        25        51        52
         2        25        34        35        50
         2        25        26        35        50
         2        23        25        26        50
         2        25        34        50        51
         2        24        25        50        51
         2        23        24        25        50
         2        26        35        36        49
         2        26        27        36        49
         2        22        26        27        49
         2        26        35        49        50
         2        23        26        49        50
         2        22        23        26        49
         2        27        36        37        48
         2        27        28        37        48
         2        21        27        28        48
         2        27        36        48        49
         2        22        27        48        49
         2        21        22        27        48
         2        28        29        37        47
         2        20        28        29        47
         2        20        20        28        47
         2        28        37        47        48
         2        21        28        47        48
         2        20        21        28        47
         2        29        38        39        46
         2        29        30        39        46
         2        29        30        46        55
         2        29        38        38        46
         2        29        38        46        47
         2        29        46        47        55
         2        30        39        40        45
         2        30        31        40        45
         2        30        31        45        54
         2        30        39        45        46
         2        30        45        46        55
         2        30        45        54        55
         2        31        40        41        44
         2        31        32        41        44
         2        31        32        44        53
         2        31        40        44        45
         2        31        44        45        54
         2        31        44        53        54
         2        32        41        42        43
         2        32        33        42        43
         2        32        33        43        52
         2        32        41        43        44
         2        32        43        44        53
         2        32        43        52        53
         4        33        42        42        43
         2        33        34        42        43
         2        33        34        42        51
         2        33        42        43        52
         2        33        42        51        52
         2        34        41        43        44
         2        34        35        41        44
         2        34        35        41        50
         2        34        41        42        43
         2        34        41        42        51
         2        34        41        50        51
         2        35        40        44        45
         2        35        36        40        45
         2        35        36        40        49
         2        35        40        41        44
         2        35        40        41        50
         2        35        40        49        50
         2        36        39        45        46
         2        36        37        39        46
         2        36        37        39        48
         2        36        39        40        45
         2        36        39        40        49
         2        36        39        48        49
         2        37        38        38        46
         2        29        37        38        38
         2        29        37        38        47
         2        37        38        39        46
         2        37        38        39        48
         2        37        38        47        48
