Automatically generated mesh
      99
Reciprocal lattice
    0.00000000000000    0.00000000000000    0.00000000000000             1
    0.14285714285714    0.00000000000000    0.00000000000000             2
    0.28571428571429    0.00000000000000    0.00000000000000             2
    0.42857142857143    0.00000000000000    0.00000000000000             2
    0.00000000000000    0.14285714285714    0.00000000000000             2
    0.14285714285714    0.14285714285714    0.00000000000000             2
    0.28571428571429    0.14285714285714    0.00000000000000             2
    0.42857142857143    0.14285714285714    0.00000000000000             2
   -0.42857142857143    0.14285714285714    0.00000000000000             2
   -0.28571428571429    0.14285714285714    0.00000000000000             2
   -0.14285714285714    0.14285714285714    0.00000000000000             2
    0.00000000000000    0.28571428571429    0.00000000000000             2
    0.14285714285714    0.28571428571429    0.00000000000000             2
    0.28571428571429    0.28571428571429    0.00000000000000             2
    0.42857142857143    0.28571428571429    0.00000000000000             2
   -0.42857142857143    0.28571428571429    0.00000000000000             2
   -0.28571428571429    0.28571428571429    0.00000000000000             2
   -0.14285714285714    0.28571428571429    0.00000000000000             2
    0.00000000000000    0.42857142857143    0.00000000000000             2
    0.14285714285714    0.42857142857143    0.00000000000000             2
    0.28571428571429    0.42857142857143    0.00000000000000             2
    0.42857142857143    0.42857142857143    0.00000000000000             2
   -0.42857142857143    0.42857142857143    0.00000000000000             2
   -0.28571428571429    0.42857142857143    0.00000000000000             2
   -0.14285714285714    0.42857142857143    0.00000000000000             2
    0.00000000000000    0.00000000000000    0.25000000000000             2
    0.14285714285714    0.00000000000000    0.25000000000000             2
    0.28571428571429    0.00000000000000    0.25000000000000             2
    0.42857142857143    0.00000000000000    0.25000000000000             2
   -0.42857142857143    0.00000000000000    0.25000000000000             2
   -0.28571428571429    0.00000000000000    0.25000000000000             2
   -0.14285714285714    0.00000000000000    0.25000000000000             2
    0.00000000000000    0.14285714285714    0.25000000000000             2
    0.14285714285714    0.14285714285714    0.25000000000000             2
    0.28571428571429    0.14285714285714    0.25000000000000             2
    0.42857142857143    0.14285714285714    0.25000000000000             2
   -0.42857142857143    0.14285714285714    0.25000000000000             2
   -0.28571428571429    0.14285714285714    0.25000000000000             2
   -0.14285714285714    0.14285714285714    0.25000000000000             2
    0.00000000000000    0.28571428571429    0.25000000000000             2
    0.14285714285714    0.28571428571429    0.25000000000000             2
    0.28571428571429    0.28571428571429    0.25000000000000             2
    0.42857142857143    0.28571428571429    0.25000000000000             2
   -0.42857142857143    0.28571428571429    0.25000000000000             2
   -0.28571428571429    0.28571428571429    0.25000000000000             2
   -0.14285714285714    0.28571428571429    0.25000000000000             2
    0.00000000000000    0.42857142857143    0.25000000000000             2
    0.14285714285714    0.42857142857143    0.25000000000000             2
    0.28571428571429    0.42857142857143    0.25000000000000             2
    0.42857142857143    0.42857142857143    0.25000000000000             2
   -0.42857142857143    0.42857142857143    0.25000000000000             2
   -0.28571428571429    0.42857142857143    0.25000000000000             2
   -0.14285714285714    0.42857142857143    0.25000000000000             2
    0.00000000000000   -0.42857142857143    0.25000000000000             2
    0.14285714285714   -0.42857142857143    0.25000000000000             2
    0.28571428571429   -0.42857142857143    0.25000000000000             2
    0.42857142857143   -0.42857142857143    0.25000000000000             2
   -0.42857142857143   -0.42857142857143    0.25000000000000             2
   -0.28571428571429   -0.42857142857143    0.25000000000000             2
   -0.14285714285714   -0.42857142857143    0.25000000000000             2
    0.00000000000000   -0.28571428571429    0.25000000000000             2
    0.14285714285714   -0.28571428571429    0.25000000000000             2
    0.28571428571429   -0.28571428571429    0.25000000000000             2
    0.42857142857143   -0.28571428571429    0.25000000000000             2
   -0.42857142857143   -0.28571428571429    0.25000000000000             2
   -0.28571428571429   -0.28571428571429    0.25000000000000             2
   -0.14285714285714   -0.28571428571429    0.25000000000000             2
    0.00000000000000   -0.14285714285714    0.25000000000000             2
    0.14285714285714   -0.14285714285714    0.25000000000000             2
    0.28571428571429   -0.14285714285714    0.25000000000000             2
    0.42857142857143   -0.14285714285714    0.25000000000000             2
   -0.42857142857143   -0.14285714285714    0.25000000000000             2
   -0.28571428571429   -0.14285714285714    0.25000000000000             2
   -0.14285714285714   -0.14285714285714    0.25000000000000             2
    0.00000000000000    0.00000000000000    0.50000000000000             1
    0.14285714285714    0.00000000000000    0.50000000000000             2
    0.28571428571429    0.00000000000000    0.50000000000000             2
    0.42857142857143    0.00000000000000    0.50000000000000             2
    0.00000000000000    0.14285714285714    0.50000000000000             2
    0.14285714285714    0.14285714285714    0.50000000000000             2
    0.28571428571429    0.14285714285714    0.50000000000000             2
    0.42857142857143    0.14285714285714    0.50000000000000             2
   -0.42857142857143    0.14285714285714    0.50000000000000             2
   -0.28571428571429    0.14285714285714    0.50000000000000             2
   -0.14285714285714    0.14285714285714    0.50000000000000             2
    0.00000000000000    0.28571428571429    0.50000000000000             2
    0.14285714285714    0.28571428571429    0.50000000000000             2
    0.28571428571429    0.28571428571429    0.50000000000000             2
    0.42857142857143    0.28571428571429    0.50000000000000             2
   -0.42857142857143    0.28571428571429    0.50000000000000             2
   -0.28571428571429    0.28571428571429    0.50000000000000             2
   -0.14285714285714    0.28571428571429    0.50000000000000             2
    0.00000000000000    0.42857142857143    0.50000000000000             2
    0.14285714285714    0.42857142857143    0.50000000000000             2
    0.28571428571429    0.42857142857143    0.50000000000000             2
    0.42857142857143    0.42857142857143    0.50000000000000             2
   -0.42857142857143    0.42857142857143    0.50000000000000             2
   -0.28571428571429    0.42857142857143    0.50000000000000             2
   -0.14285714285714    0.42857142857143    0.50000000000000             2
Tetrahedra
       586    0.00085034013605
         2         1         2         5        27
         2         2         5         6        27
         2         5         6        27        34
         2         1         5        26        27
         2         5        26        27        33
         2         5        27        33        34
         2         2         3         6        28
         2         3         6         7        28
         2         6         7        28        35
         2         2         6        27        28
         2         6        27        28        34
         2         6        28        34        35
         2         3         4         7        29
         2         4         7         8        29
         2         7         8        29        36
         2         3         7        28        29
         2         7        28        29        35
         2         7        29        35        36
         2         4         4         8        30
         2         4         8         9        30
         2         8         9        30        37
         2         4         8        29        30
         2         8        29        30        36
         2         8        30        36        37
         2         3         4         9        31
         2         3         9        10        31
         2         9        10        31        38
         2         4         9        30        31
         2         9        30        31        37
         2         9        31        37        38
         2         2         3        10        32
         2         2        10        11        32
         2        10        11        32        39
         2         3        10        31        32
         2        10        31        32        38
         2        10        32        38        39
         2         1         2        11        26
         2         1         5        11        26
         2         5        11        26        33
         2         2        11        26        32
         2        11        26        32        39
         2        11        26        33        39
         2         5         6        12        34
         2         6        12        13        34
         2        12        13        34        41
         2         5        12        33        34
         2        12        33        34        40
         2        12        34        40        41
         2         6         7        13        35
         2         7        13        14        35
         2        13        14        35        42
         2         6        13        34        35
         2        13        34        35        41
         2        13        35        41        42
         2         7         8        14        36
         2         8        14        15        36
         2        14        15        36        43
         2         7        14        35        36
         2        14        35        36        42
         2        14        36        42        43
         2         8         9        15        37
         2         9        15        16        37
         2        15        16        37        44
         2         8        15        36        37
         2        15        36        37        43
         2        15        37        43        44
         2         9        10        16        38
         2        10        16        17        38
         2        16        17        38        45
         2         9        16        37        38
         2        16        37        38        44
         2        16        38        44        45
         2        10        11        17        39
         2        11        17        18        39
         2        17        18        39        46
         2        10        17        38        39
         2        17        38        39        45
         2        17        39        45        46
         2         5        11        18        33
         2         5        12        18        33
         2        12        18        33        40
         2        11        18        33        39
         2        18        33        39        46
         2        18        33        40        46
         2        12        13        19        41
         2        13        19        20        41
         2        19        20        41        48
         2        12        19        40        41
         2        19        40        41        47
         2        19        41        47        48
         2        13        14        20        42
         2        14        20        21        42
         2        20        21        42        49
         2        13        20        41        42
         2        20        41        42        48
         2        20        42        48        49
         2        14        15        21        43
         2        15        21        22        43
         2        21        22        43        50
         2        14        21        42        43
         2        21        42        43        49
         2        21        43        49        50
         2        15        16        22        44
         2        16        22        23        44
         2        22        23        44        51
         2        15        22        43        44
         2        22        43        44        50
         2        22        44        50        51
         2        16        17        23        45
         2        17        23        24        45
         2        23        24        45        52
         2        16        23        44        45
         2        23        44        45        51
         2        23        45        51        52
         2        17        18        24        46
         2        18        24        25        46
         2        24        25        46        53
         2        17        24        45        46
         2        24        45        46        52
         2        24        46        52        53
         2        12        18        25        40
         2        12        19        25        40
         2        19        25        40        47
         2        18        25        40        46
         2        25        40        46        53
         2        25        40        47        53
         2        19        19        20        48
         2        19        20        25        48
         2        19        25        48        55
         2        19        19        47        48
         2        19        47        48        54
         2        19        48        54        55
         2        20        21        25        49
         2        21        24        25        49
         2        24        25        49        56
         2        20        25        48        49
         2        25        48        49        55
         2        25        49        55        56
         2        21        22        24        50
         2        22        23        24        50
         2        23        24        50        57
         2        21        24        49        50
         2        24        49        50        56
         2        24        50        56        57
         4        22        23        23        51
         2        22        23        51        58
         2        22        23        50        51
         2        23        50        51        57
         2        23        51        57        58
         2        22        23        24        52
         2        21        22        24        52
         2        21        22        52        59
         2        22        23        51        52
         2        22        51        52        58
         2        22        52        58        59
         2        21        24        25        53
         2        20        21        25        53
         2        20        21        53        60
         2        21        24        52        53
         2        21        52        53        59
         2        21        53        59        60
         2        19        20        25        47
         2        19        19        20        47
         2        19        20        47        54
         2        20        25        47        53
         2        20        47        53        60
         2        20        47        54        60
         2        12        19        25        55
         2        12        18        25        55
         2        12        18        55        62
         2        12        19        54        55
         2        12        54        55        61
         2        12        55        61        62
         2        18        24        25        56
         2        17        18        24        56
         2        17        18        56        63
         2        18        25        55        56
         2        18        55        56        62
         2        18        56        62        63
         2        17        23        24        57
         2        16        17        23        57
         2        16        17        57        64
         2        17        24        56        57
         2        17        56        57        63
         2        17        57        63        64
         2        16        22        23        58
         2        15        16        22        58
         2        15        16        58        65
         2        16        23        57        58
         2        16        57        58        64
         2        16        58        64        65
         2        15        21        22        59
         2        14        15        21        59
         2        14        15        59        66
         2        15        22        58        59
         2        15        58        59        65
         2        15        59        65        66
         2        14        20        21        60
         2        13        14        20        60
         2        13        14        60        67
         2        14        21        59        60
         2        14        59        60        66
         2        14        60        66        67
         2        13        19        20        54
         2        12        13        19        54
         2        12        13        54        61
         2        13        20        54        60
         2        13        54        60        67
         2        13        54        61        67
         2         5        12        18        62
         2         5        11        18        62
         2         5        11        62        69
         2         5        12        61        62
         2         5        61        62        68
         2         5        62        68        69
         2        11        17        18        63
         2        10        11        17        63
         2        10        11        63        70
         2        11        18        62        63
         2        11        62        63        69
         2        11        63        69        70
         2        10        16        17        64
         2         9        10        16        64
         2         9        10        64        71
         2        10        17        63        64
         2        10        63        64        70
         2        10        64        70        71
         2         9        15        16        65
         2         8         9        15        65
         2         8         9        65        72
         2         9        16        64        65
         2         9        64        65        71
         2         9        65        71        72
         2         8        14        15        66
         2         7         8        14        66
         2         7         8        66        73
         2         8        15        65        66
         2         8        65        66        72
         2         8        66        72        73
         2         7        13        14        67
         2         6         7        13        67
         2         6         7        67        74
         2         7        14        66        67
         2         7        66        67        73
         2         7        67        73        74
         2         6        12        13        61
         2         5         6        12        61
         2         5         6        61        68
         2         6        13        61        67
         2         6        61        67        74
         2         6        61        68        74
         2         1         5        11        69
         2         1         2        11        69
         2         1         2        27        69
         2         1         5        68        69
         2         1        26        68        69
         2         1        26        27        69
         2         2        10        11        70
         2         2         3        10        70
         2         2         3        28        70
         2         2        11        69        70
         2         2        27        69        70
         2         2        27        28        70
         2         3         9        10        71
         2         3         4         9        71
         2         3         4        29        71
         2         3        10        70        71
         2         3        28        70        71
         2         3        28        29        71
         2         4         8         9        72
         2         4         4         8        72
         2         4         4        30        72
         2         4         9        71        72
         2         4        29        71        72
         2         4        29        30        72
         2         4         7         8        73
         2         3         4         7        73
         2         3         4        31        73
         2         4         8        72        73
         2         4        30        72        73
         2         4        30        31        73
         2         3         6         7        74
         2         2         3         6        74
         2         2         3        32        74
         2         3         7        73        74
         2         3        31        73        74
         2         3        31        32        74
         2         2         5         6        68
         2         1         2         5        68
         2         1         2        26        68
         2         2         6        68        74
         2         2        32        68        74
         2         2        26        32        68
         2        26        27        33        76
         2        27        33        34        76
         2        33        34        76        80
         2        26        33        75        76
         2        33        75        76        79
         2        33        76        79        80
         2        27        28        34        77
         2        28        34        35        77
         2        34        35        77        81
         2        27        34        76        77
         2        34        76        77        80
         2        34        77        80        81
         2        28        29        35        78
         2        29        35        36        78
         2        35        36        78        82
         2        28        35        77        78
         2        35        77        78        81
         2        35        78        81        82
         2        29        30        36        78
         2        30        36        37        78
         2        36        37        78        83
         2        29        36        78        78
         2        36        78        78        82
         2        36        78        82        83
         2        30        31        37        77
         2        31        37        38        77
         2        37        38        77        84
         2        30        37        77        78
         2        37        77        78        83
         2        37        77        83        84
         2        31        32        38        76
         2        32        38        39        76
         2        38        39        76        85
         2        31        38        76        77
         2        38        76        77        84
         2        38        76        84        85
         2        26        32        39        75
         2        26        33        39        75
         2        33        39        75        79
         2        32        39        75        76
         2        39        75        76        85
         2        39        75        79        85
         2        33        34        40        80
         2        34        40        41        80
         2        40        41        80        87
         2        33        40        79        80
         2        40        79        80        86
         2        40        80        86        87
         2        34        35        41        81
         2        35        41        42        81
         2        41        42        81        88
         2        34        41        80        81
         2        41        80        81        87
         2        41        81        87        88
         2        35        36        42        82
         2        36        42        43        82
         2        42        43        82        89
         2        35        42        81        82
         2        42        81        82        88
         2        42        82        88        89
         2        36        37        43        83
         2        37        43        44        83
         2        43        44        83        90
         2        36        43        82        83
         2        43        82        83        89
         2        43        83        89        90
         2        37        38        44        84
         2        38        44        45        84
         2        44        45        84        91
         2        37        44        83        84
         2        44        83        84        90
         2        44        84        90        91
         2        38        39        45        85
         2        39        45        46        85
         2        45        46        85        92
         2        38        45        84        85
         2        45        84        85        91
         2        45        85        91        92
         2        33        39        46        79
         2        33        40        46        79
         2        40        46        79        86
         2        39        46        79        85
         2        46        79        85        92
         2        46        79        86        92
         2        40        41        47        87
         2        41        47        48        87
         2        47        48        87        94
         2        40        47        86        87
         2        47        86        87        93
         2        47        87        93        94
         2        41        42        48        88
         2        42        48        49        88
         2        48        49        88        95
         2        41        48        87        88
         2        48        87        88        94
         2        48        88        94        95
         2        42        43        49        89
         2        43        49        50        89
         2        49        50        89        96
         2        42        49        88        89
         2        49        88        89        95
         2        49        89        95        96
         2        43        44        50        90
         2        44        50        51        90
         2        50        51        90        97
         2        43        50        89        90
         2        50        89        90        96
         2        50        90        96        97
         2        44        45        51        91
         2        45        51        52        91
         2        51        52        91        98
         2        44        51        90        91
         2        51        90        91        97
         2        51        91        97        98
         2        45        46        52        92
         2        46        52        53        92
         2        52        53        92        99
         2        45        52        91        92
         2        52        91        92        98
         2        52        92        98        99
         2        40        46        53        86
         2        40        47        53        86
         2        47        53        86        93
         2        46        53        86        92
         2        53        86        92        99
         2        53        86        93        99
         2        47        48        54        94
         2        48        54        55        94
         2        54        55        94        99
         2        47        54        93        94
         2        54        93        93        94
         2        54        93        94        99
         2        48        49        55        95
         2        49        55        56        95
         2        55        56        95        98
         2        48        55        94        95
         2        55        94        95        99
         2        55        95        98        99
         2        49        50        56        96
         2        50        56        57        96
         2        56        57        96        97
         2        49        56        95        96
         2        56        95        96        98
         2        56        96        97        98
         2        50        51        57        97
         2        51        57        58        97
         2        57        58        96        97
         2        50        57        96        97
         4        57        96        97        97
         2        51        52        58        98
         2        52        58        59        98
         2        58        59        95        98
         2        51        58        97        98
         2        58        96        97        98
         2        58        95        96        98
         2        52        53        59        99
         2        53        59        60        99
         2        59        60        94        99
         2        52        59        98        99
         2        59        95        98        99
         2        59        94        95        99
         2        47        53        60        93
         2        47        54        60        93
         2        54        60        93        93
         2        53        60        93        99
         2        60        93        94        99
         2        60        93        93        94
         2        54        55        61        99
         2        55        61        62        99
         2        61        62        92        99
         2        54        61        93        99
         2        61        86        93        99
         2        61        86        92        99
         2        55        56        62        98
         2        56        62        63        98
         2        62        63        91        98
         2        55        62        98        99
         2        62        92        98        99
         2        62        91        92        98
         2        56        57        63        97
         2        57        63        64        97
         2        63        64        90        97
         2        56        63        97        98
         2        63        91        97        98
         2        63        90        91        97
         2        57        58        64        96
         2        58        64        65        96
         2        64        65        89        96
         2        57        64        96        97
         2        64        90        96        97
         2        64        89        90        96
         2        58        59        65        95
         2        59        65        66        95
         2        65        66        88        95
         2        58        65        95        96
         2        65        89        95        96
         2        65        88        89        95
         2        59        60        66        94
         2        60        66        67        94
         2        66        67        87        94
         2        59        66        94        95
         2        66        88        94        95
         2        66        87        88        94
         2        54        60        67        93
         2        54        61        67        93
         2        61        67        86        93
         2        60        67        93        94
         2        67        87        93        94
         2        67        86        87        93
         2        61        62        68        92
         2        62        68        69        92
         2        68        69        85        92
         2        61        68        86        92
         2        68        79        86        92
         2        68        79        85        92
         2        62        63        69        91
         2        63        69        70        91
         2        69        70        84        91
         2        62        69        91        92
         2        69        85        91        92
         2        69        84        85        91
         2        63        64        70        90
         2        64        70        71        90
         2        70        71        83        90
         2        63        70        90        91
         2        70        84        90        91
         2        70        83        84        90
         2        64        65        71        89
         2        65        71        72        89
         2        71        72        82        89
         2        64        71        89        90
         2        71        83        89        90
         2        71        82        83        89
         2        65        66        72        88
         2        66        72        73        88
         2        72        73        81        88
         2        65        72        88        89
         2        72        82        88        89
         2        72        81        82        88
         2        66        67        73        87
         2        67        73        74        87
         2        73        74        80        87
         2        66        73        87        88
         2        73        81        87        88
         2        73        80        81        87
         2        61        67        74        86
         2        61        68        74        86
         2        68        74        79        86
         2        67        74        86        87
         2        74        80        86        87
         2        74        79        80        86
         2        26        68        69        85
         2        26        27        69        85
         2        26        27        76        85
         2        26        68        79        85
         2        26        75        79        85
         2        26        75        76        85
         2        27        69        70        84
         2        27        28        70        84
         2        27        28        77        84
         2        27        69        84        85
         2        27        76        84        85
         2        27        76        77        84
         2        28        70        71        83
         2        28        29        71        83
         2        28        29        78        83
         2        28        70        83        84
         2        28        77        83        84
         2        28        77        78        83
         2        29        71        72        82
         2        29        30        72        82
         2        29        30        78        82
         2        29        71        82        83
         2        29        78        82        83
         2        29        78        78        82
         2        30        72        73        81
         2        30        31        73        81
         2        30        31        77        81
         2        30        72        81        82
         2        30        78        81        82
         2        30        77        78        81
         2        31        73        74        80
         2        31        32        74        80
         2        31        32        76        80
         2        31        73        80        81
         2        31        77        80        81
         2        31        76        77        80
         2        32        68        74        79
         2        26        32        68        79
         2        26        32        75        79
         2        32        74        79        80
         2        32        76        79        80
         2        32        75        76        79
