Automatically generated mesh
      67
Reciprocal lattice
    0.00000000000000    0.00000000000000    0.00000000000000             1
    0.09090909090909    0.00000000000000    0.00000000000000             2
    0.18181818181818    0.00000000000000    0.00000000000000             2
    0.27272727272727    0.00000000000000    0.00000000000000             2
    0.36363636363636    0.00000000000000    0.00000000000000             2
    0.45454545454546    0.00000000000000    0.00000000000000             2
    0.00000000000000    0.25000000000000    0.00000000000000             2
    0.09090909090909    0.25000000000000    0.00000000000000             2
    0.18181818181818    0.25000000000000    0.00000000000000             2
    0.27272727272727    0.25000000000000    0.00000000000000             2
    0.36363636363636    0.25000000000000    0.00000000000000             2
    0.45454545454546    0.25000000000000    0.00000000000000             2
   -0.45454545454545    0.25000000000000    0.00000000000000             2
   -0.36363636363636    0.25000000000000    0.00000000000000             2
   -0.27272727272727    0.25000000000000    0.00000000000000             2
   -0.18181818181818    0.25000000000000    0.00000000000000             2
   -0.09090909090909    0.25000000000000    0.00000000000000             2
    0.00000000000000    0.50000000000000    0.00000000000000             1
    0.09090909090909    0.50000000000000    0.00000000000000             2
    0.18181818181818    0.50000000000000    0.00000000000000             2
    0.27272727272727    0.50000000000000    0.00000000000000             2
    0.36363636363636    0.50000000000000    0.00000000000000             2
    0.45454545454546    0.50000000000000    0.00000000000000             2
    0.00000000000000    0.00000000000000    0.33333333333333             2
    0.09090909090909    0.00000000000000    0.33333333333333             2
    0.18181818181818    0.00000000000000    0.33333333333333             2
    0.27272727272727    0.00000000000000    0.33333333333333             2
    0.36363636363636    0.00000000000000    0.33333333333333             2
    0.45454545454546    0.00000000000000    0.33333333333333             2
   -0.45454545454545    0.00000000000000    0.33333333333333             2
   -0.36363636363636    0.00000000000000    0.33333333333333             2
   -0.27272727272727    0.00000000000000    0.33333333333333             2
   -0.18181818181818    0.00000000000000    0.33333333333333             2
   -0.09090909090909    0.00000000000000    0.33333333333333             2
    0.00000000000000    0.25000000000000    0.33333333333333             2
    0.09090909090909    0.25000000000000    0.33333333333333             2
    0.18181818181818    0.25000000000000    0.33333333333333             2
    0.27272727272727    0.25000000000000    0.33333333333333             2
    0.36363636363636    0.25000000000000    0.33333333333333             2
    0.45454545454546    0.25000000000000    0.33333333333333             2
   -0.45454545454545    0.25000000000000    0.33333333333333             2
   -0.36363636363636    0.25000000000000    0.33333333333333             2
   -0.27272727272727    0.25000000000000    0.33333333333333             2
   -0.18181818181818    0.25000000000000    0.33333333333333             2
   -0.09090909090909    0.25000000000000    0.33333333333333             2
    0.00000000000000    0.50000000000000    0.33333333333333             2
    0.09090909090909    0.50000000000000    0.33333333333333             2
    0.18181818181818    0.50000000000000    0.33333333333333             2
    0.27272727272727    0.50000000000000    0.33333333333333             2
    0.36363636363636    0.50000000000000    0.33333333333333             2
    0.45454545454546    0.50000000000000    0.33333333333333             2
   -0.45454545454545    0.50000000000000    0.33333333333333             2
   -0.36363636363636    0.50000000000000    0.33333333333333             2
   -0.27272727272727    0.50000000000000    0.33333333333333             2
   -0.18181818181818    0.50000000000000    0.33333333333333             2
   -0.09090909090909    0.50000000000000    0.33333333333333             2
    0.00000000000000   -0.25000000000000    0.33333333333333             2
    0.09090909090909   -0.25000000000000    0.33333333333333             2
    0.18181818181818   -0.25000000000000    0.33333333333333             2
    0.27272727272727   -0.25000000000000    0.33333333333333             2
    0.36363636363636   -0.25000000000000    0.33333333333333             2
    0.45454545454546   -0.25000000000000    0.33333333333333             2
   -0.45454545454545   -0.25000000000000    0.33333333333333             2
   -0.36363636363636   -0.25000000000000    0.33333333333333             2
   -0.27272727272727   -0.25000000000000    0.33333333333333             2
   -0.18181818181818   -0.25000000000000    0.33333333333333             2
   -0.09090909090909   -0.25000000000000    0.33333333333333             2
Tetrahedra
       394    0.00126262626263
         2         1         7         8        36
         2         1         2         8        36
         2         1         2        25        36
         2         1         7        35        36
         2         1        24        35        36
         2         1        24        25        36
         2         2         8         9        37
         2         2         3         9        37
         2         2         3        26        37
         2         2         8        36        37
         2         2        25        36        37
         2         2        25        26        37
         2         3         9        10        38
         2         3         4        10        38
         2         3         4        27        38
         2         3         9        37        38
         2         3        26        37        38
         2         3        26        27        38
         2         4        10        11        39
         2         4         5        11        39
         2         4         5        28        39
         2         4        10        38        39
         2         4        27        38        39
         2         4        27        28        39
         2         5        11        12        40
         2         5         6        12        40
         2         5         6        29        40
         2         5        11        39        40
         2         5        28        39        40
         2         5        28        29        40
         2         6        12        13        41
         2         6         6        13        41
         2         6         6        30        41
         2         6        12        40        41
         2         6        29        40        41
         2         6        29        30        41
         2         6        13        14        42
         2         5         6        14        42
         2         5         6        31        42
         2         6        13        41        42
         2         6        30        41        42
         2         6        30        31        42
         2         5        14        15        43
         2         4         5        15        43
         2         4         5        32        43
         2         5        14        42        43
         2         5        31        42        43
         2         5        31        32        43
         2         4        15        16        44
         2         3         4        16        44
         2         3         4        33        44
         2         4        15        43        44
         2         4        32        43        44
         2         4        32        33        44
         2         3        16        17        45
         2         2         3        17        45
         2         2         3        34        45
         2         3        16        44        45
         2         3        33        44        45
         2         3        33        34        45
         2         2         7        17        35
         2         1         2         7        35
         2         1         2        24        35
         2         2        17        35        45
         2         2        34        35        45
         2         2        24        34        35
         2         7        18        19        47
         2         7         8        19        47
         2         7         8        36        47
         2         7        18        46        47
         2         7        35        46        47
         2         7        35        36        47
         2         8        19        20        48
         2         8         9        20        48
         2         8         9        37        48
         2         8        19        47        48
         2         8        36        47        48
         2         8        36        37        48
         2         9        20        21        49
         2         9        10        21        49
         2         9        10        38        49
         2         9        20        48        49
         2         9        37        48        49
         2         9        37        38        49
         2        10        21        22        50
         2        10        11        22        50
         2        10        11        39        50
         2        10        21        49        50
         2        10        38        49        50
         2        10        38        39        50
         2        11        22        23        51
         2        11        12        23        51
         2        11        12        40        51
         2        11        22        50        51
         2        11        39        50        51
         2        11        39        40        51
         2        12        23        23        52
         2        12        13        23        52
         2        12        13        41        52
         2        12        23        51        52
         2        12        40        51        52
         2        12        40        41        52
         2        13        22        23        53
         2        13        14        22        53
         2        13        14        42        53
         2        13        23        52        53
         2        13        41        52        53
         2        13        41        42        53
         2        14        21        22        54
         2        14        15        21        54
         2        14        15        43        54
         2        14        22        53        54
         2        14        42        53        54
         2        14        42        43        54
         2        15        20        21        55
         2        15        16        20        55
         2        15        16        44        55
         2        15        21        54        55
         2        15        43        54        55
         2        15        43        44        55
         2        16        19        20        56
         2        16        17        19        56
         2        16        17        45        56
         2        16        20        55        56
         2        16        44        55        56
         2        16        44        45        56
         2        17        18        19        46
         2         7        17        18        46
         2         7        17        35        46
         2        17        19        46        56
         2        17        45        46        56
         2        17        35        45        46
         2         7        17        18        58
         2        17        18        19        58
         2        18        19        47        58
         2         7        18        57        58
         2        18        46        57        58
         2        18        46        47        58
         2        16        17        19        59
         2        16        19        20        59
         2        19        20        48        59
         2        17        19        58        59
         2        19        47        58        59
         2        19        47        48        59
         2        15        16        20        60
         2        15        20        21        60
         2        20        21        49        60
         2        16        20        59        60
         2        20        48        59        60
         2        20        48        49        60
         2        14        15        21        61
         2        14        21        22        61
         2        21        22        50        61
         2        15        21        60        61
         2        21        49        60        61
         2        21        49        50        61
         2        13        14        22        62
         2        13        22        23        62
         2        22        23        51        62
         2        14        22        61        62
         2        22        50        61        62
         2        22        50        51        62
         2        12        13        23        63
         2        12        23        23        63
         2        23        23        52        63
         2        13        23        62        63
         2        23        51        62        63
         2        23        51        52        63
         2        11        12        23        64
         2        11        22        23        64
         2        22        23        53        64
         2        12        23        63        64
         2        23        52        63        64
         2        23        52        53        64
         2        10        11        22        65
         2        10        21        22        65
         2        21        22        54        65
         2        11        22        64        65
         2        22        53        64        65
         2        22        53        54        65
         2         9        10        21        66
         2         9        20        21        66
         2        20        21        55        66
         2        10        21        65        66
         2        21        54        65        66
         2        21        54        55        66
         2         8         9        20        67
         2         8        19        20        67
         2        19        20        56        67
         2         9        20        66        67
         2        20        55        66        67
         2        20        55        56        67
         2         7         8        19        57
         2         7        18        19        57
         2        18        19        46        57
         2         8        19        57        67
         2        19        56        57        67
         2        19        46        56        57
         2         1         2         7        25
         2         2         7        17        25
         2         7        17        25        58
         2         1         7        24        25
         2         7        24        25        57
         2         7        25        57        58
         2         2         3        17        26
         2         3        16        17        26
         2        16        17        26        59
         2         2        17        25        26
         2        17        25        26        58
         2        17        26        58        59
         2         3         4        16        27
         2         4        15        16        27
         2        15        16        27        60
         2         3        16        26        27
         2        16        26        27        59
         2        16        27        59        60
         2         4         5        15        28
         2         5        14        15        28
         2        14        15        28        61
         2         4        15        27        28
         2        15        27        28        60
         2        15        28        60        61
         2         5         6        14        29
         2         6        13        14        29
         2        13        14        29        62
         2         5        14        28        29
         2        14        28        29        61
         2        14        29        61        62
         2         6         6        13        30
         2         6        12        13        30
         2        12        13        30        63
         2         6        13        29        30
         2        13        29        30        62
         2        13        30        62        63
         2         5         6        12        31
         2         5        11        12        31
         2        11        12        31        64
         2         6        12        30        31
         2        12        30        31        63
         2        12        31        63        64
         2         4         5        11        32
         2         4        10        11        32
         2        10        11        32        65
         2         5        11        31        32
         2        11        31        32        64
         2        11        32        64        65
         2         3         4        10        33
         2         3         9        10        33
         2         9        10        33        66
         2         4        10        32        33
         2        10        32        33        65
         2        10        33        65        66
         2         2         3         9        34
         2         2         8         9        34
         2         8         9        34        67
         2         3         9        33        34
         2         9        33        34        66
         2         9        34        66        67
         2         1         2         8        24
         2         1         7         8        24
         2         7         8        24        57
         2         2         8        24        34
         2         8        24        34        67
         2         8        24        57        67
         2        24        35        36        67
         2        24        25        36        67
         2        24        25        34        67
         2        24        35        57        67
         2        24        24        57        67
         2        24        24        34        67
         2        25        36        37        66
         2        25        26        37        66
         2        25        26        33        66
         2        25        36        66        67
         2        25        34        66        67
         2        25        33        34        66
         2        26        37        38        65
         2        26        27        38        65
         2        26        27        32        65
         2        26        37        65        66
         2        26        33        65        66
         2        26        32        33        65
         2        27        38        39        64
         2        27        28        39        64
         2        27        28        31        64
         2        27        38        64        65
         2        27        32        64        65
         2        27        31        32        64
         2        28        39        40        63
         2        28        29        40        63
         2        28        29        30        63
         2        28        39        63        64
         2        28        31        63        64
         2        28        30        31        63
         2        29        40        41        62
         2        29        30        41        62
         4        29        29        30        62
         2        29        40        62        63
         2        29        30        62        63
         2        30        41        42        61
         2        30        31        42        61
         2        28        30        31        61
         2        30        41        61        62
         2        29        30        61        62
         2        28        29        30        61
         2        31        42        43        60
         2        31        32        43        60
         2        27        31        32        60
         2        31        42        60        61
         2        28        31        60        61
         2        27        28        31        60
         2        32        43        44        59
         2        32        33        44        59
         2        26        32        33        59
         2        32        43        59        60
         2        27        32        59        60
         2        26        27        32        59
         2        33        44        45        58
         2        33        34        45        58
         2        25        33        34        58
         2        33        44        58        59
         2        26        33        58        59
         2        25        26        33        58
         2        34        35        45        57
         2        24        34        35        57
         2        24        24        34        57
         2        34        45        57        58
         2        25        34        57        58
         2        24        25        34        57
         2        35        46        47        56
         2        35        36        47        56
         2        35        36        56        67
         2        35        46        46        56
         2        35        46        56        57
         2        35        56        57        67
         2        36        47        48        55
         2        36        37        48        55
         2        36        37        55        66
         2        36        47        55        56
         2        36        55        56        67
         2        36        55        66        67
         2        37        48        49        54
         2        37        38        49        54
         2        37        38        54        65
         2        37        48        54        55
         2        37        54        55        66
         2        37        54        65        66
         2        38        49        50        53
         2        38        39        50        53
         2        38        39        53        64
         2        38        49        53        54
         2        38        53        54        65
         2        38        53        64        65
         2        39        50        51        52
         2        39        40        51        52
         2        39        40        52        63
         2        39        50        52        53
         2        39        52        53        64
         2        39        52        63        64
         4        40        51        51        52
         2        40        41        51        52
         2        40        41        51        62
         2        40        51        52        63
         2        40        51        62        63
         2        41        50        52        53
         2        41        42        50        53
         2        41        42        50        61
         2        41        50        51        52
         2        41        50        51        62
         2        41        50        61        62
         2        42        49        53        54
         2        42        43        49        54
         2        42        43        49        60
         2        42        49        50        53
         2        42        49        50        61
         2        42        49        60        61
         2        43        48        54        55
         2        43        44        48        55
         2        43        44        48        59
         2        43        48        49        54
         2        43        48        49        60
         2        43        48        59        60
         2        44        47        55        56
         2        44        45        47        56
         2        44        45        47        58
         2        44        47        48        55
         2        44        47        48        59
         2        44        47        58        59
         2        45        46        46        56
         2        35        45        46        46
         2        35        45        46        57
         2        45        46        47        56
         2        45        46        47        58
         2        45        46        57        58
