Automatically generated mesh
      32
Reciprocal lattice
    0.12500000000000    0.12500000000000    0.12500000000000             2
    0.37500000000000    0.12500000000000    0.12500000000000             2
   -0.37500000000000    0.12500000000000    0.12500000000000             2
   -0.12500000000000    0.12500000000000    0.12500000000000             2
    0.12500000000000    0.37500000000000    0.12500000000000             2
    0.37500000000000    0.37500000000000    0.12500000000000             2
   -0.37500000000000    0.37500000000000    0.12500000000000             2
   -0.12500000000000    0.37500000000000    0.12500000000000             2
    0.12500000000000   -0.37500000000000    0.12500000000000             2
    0.37500000000000   -0.37500000000000    0.12500000000000             2
   -0.37500000000000   -0.37500000000000    0.12500000000000             2
   -0.12500000000000   -0.37500000000000    0.12500000000000             2
    0.12500000000000   -0.12500000000000    0.12500000000000             2
    0.37500000000000   -0.12500000000000    0.12500000000000             2
   -0.37500000000000   -0.12500000000000    0.12500000000000             2
   -0.12500000000000   -0.12500000000000    0.12500000000000             2
    0.12500000000000    0.12500000000000    0.37500000000000             2
    0.37500000000000    0.12500000000000    0.37500000000000             2
   -0.37500000000000    0.12500000000000    0.37500000000000             2
   -0.12500000000000    0.12500000000000    0.37500000000000             2
    0.12500000000000    0.37500000000000    0.37500000000000             2
    0.37500000000000    0.37500000000000    0.37500000000000             2
   -0.37500000000000    0.37500000000000    0.37500000000000             2
   -0.12500000000000    0.37500000000000    0.37500000000000             2
    0.12500000000000   -0.37500000000000    0.37500000000000             2
    0.37500000000000   -0.37500000000000    0.37500000000000             2
   -0.37500000000000   -0.37500000000000    0.37500000000000             2
   -0.12500000000000   -0.37500000000000    0.37500000000000             2
    0.12500000000000   -0.12500000000000    0.37500000000000             2
    0.37500000000000   -0.12500000000000    0.37500000000000             2
   -0.37500000000000   -0.12500000000000    0.37500000000000             2
   -0.12500000000000   -0.12500000000000    0.37500000000000             2
Tetrahedra
       192    0.00260416666667
         2         1         5         6        22
         2         1         2         6        22
         2         1         2        18        22
         2         1         5        21        22
         2         1        17        21        22
         2         1        17        18        22
         2         2         6         7        23
         2         2         3         7        23
         2         2         3        19        23
         2         2         6        22        23
         2         2        18        22        23
         2         2        18        19        23
         2         3         7         8        24
         2         3         4         8        24
         2         3         4        20        24
         2         3         7        23        24
         2         3        19        23        24
         2         3        19        20        24
         2         4         5         8        21
         2         1         4         5        21
         2         1         4        17        21
         2         4         8        21        24
         2         4        20        21        24
         2         4        17        20        21
         2         5         9        10        26
         2         5         6        10        26
         2         5         6        22        26
         2         5         9        25        26
         2         5        21        25        26
         2         5        21        22        26
         2         6        10        11        27
         2         6         7        11        27
         2         6         7        23        27
         2         6        10        26        27
         2         6        22        26        27
         2         6        22        23        27
         2         7        11        12        28
         2         7         8        12        28
         2         7         8        24        28
         2         7        11        27        28
         2         7        23        27        28
         2         7        23        24        28
         2         8         9        12        25
         2         5         8         9        25
         2         5         8        21        25
         2         8        12        25        28
         2         8        24        25        28
         2         8        21        24        25
         2         9        13        14        30
         2         9        10        14        30
         2         9        10        26        30
         2         9        13        29        30
         2         9        25        29        30
         2         9        25        26        30
         2        10        14        15        31
         2        10        11        15        31
         2        10        11        27        31
         2        10        14        30        31
         2        10        26        30        31
         2        10        26        27        31
         2        11        15        16        32
         2        11        12        16        32
         2        11        12        28        32
         2        11        15        31        32
         2        11        27        31        32
         2        11        27        28        32
         2        12        13        16        29
         2         9        12        13        29
         2         9        12        25        29
         2        12        16        29        32
         2        12        28        29        32
         2        12        25        28        29
         2         1         2        13        18
         2         2        13        14        18
         2        13        14        18        30
         2         1        13        17        18
         2        13        17        18        29
         2        13        18        29        30
         2         2         3        14        19
         2         3        14        15        19
         2        14        15        19        31
         2         2        14        18        19
         2        14        18        19        30
         2        14        19        30        31
         2         3         4        15        20
         2         4        15        16        20
         2        15        16        20        32
         2         3        15        19        20
         2        15        19        20        31
         2        15        20        31        32
         2         1         4        16        17
         2         1        13        16        17
         2        13        16        17        29
         2         4        16        17        20
         2        16        17        20        32
         2        16        17        29        32
         2        17        21        22        27
         2        17        18        22        27
         2        17        18        27        31
         2        17        21        27        28
         2        17        27        28        32
         2        17        27        31        32
         2        18        22        23        26
         2        18        19        23        26
         2        18        19        26        30
         2        18        22        26        27
         2        18        26        27        31
         2        18        26        30        31
         2        19        23        24        25
         2        19        20        24        25
         2        19        20        25        29
         2        19        23        25        26
         2        19        25        26        30
         2        19        25        29        30
         2        20        21        24        28
         2        17        20        21        28
         2        17        20        28        32
         2        20        24        25        28
         2        20        25        28        29
         2        20        28        29        32
         2        21        23        25        26
         2        21        22        23        26
         2        21        22        23        27
         2        21        23        24        25
         2        21        23        24        28
         2        21        23        27        28
         2        22        22        26        27
         2        22        22        23        27
         2        22        22        23        26
         2        24        24        25        28
         2        21        24        24        25
         2        21        24        24        28
         2        17        18        29        31
         2        18        29        30        31
         2        19        29        30        31
         2        17        29        31        32
         2        20        29        31        32
         2        19        20        29        31
         2        18        19        30        30
         2        19        30        30        31
         2        18        30        30        31
         2        17        20        32        32
         2        17        29        32        32
         2        20        29        32        32
         2         6        11        12        16
         2         6        11        15        16
         2         2         6        15        16
         2         5         6        12        16
         2         1         5         6        16
         2         1         2         6        16
         2         7        10        11        15
         2         7        10        14        15
         2         3         7        14        15
         2         6         7        11        15
         2         2         6         7        15
         2         2         3         7        15
         2         8         9        10        14
         2         8         9        13        14
         2         4         8        13        14
         2         7         8        10        14
         2         3         7         8        14
         2         3         4         8        14
         2         5         9        12        13
         2         5        12        13        16
         2         1         5        13        16
         2         5         8         9        13
         2         4         5         8        13
         2         1         4         5        13
         2         7         8        10        12
         2         7        10        11        12
         2         6        10        11        12
         2         8         9        10        12
         2         5         9        10        12
         2         5         6        10        12
         2         6         7        11        11
         2         6        10        11        11
         2         7        10        11        11
         2         5         8         9         9
         2         8         9         9        12
         2         5         9         9        12
         2         2         4        15        16
         2         2         3         4        15
         2         2         3         4        14
         2         1         2         4        16
         2         1         2         4        13
         2         2         4        13        14
         2         3         3        14        15
         2         2         3         3        14
         2         2         3         3        15
         2         1         1        13        16
         2         1         1         4        16
         2         1         1         4        13
