Automatically generated mesh
      31
Reciprocal lattice
    0.00000000000000    0.00000000000000    0.00000000000000             1
    0.20000000000000    0.00000000000000    0.00000000000000             2
    0.40000000000000    0.00000000000000    0.00000000000000             2
    0.00000000000000    0.33333333333333    0.00000000000000             2
    0.20000000000000    0.33333333333333    0.00000000000000             2
    0.40000000000000    0.33333333333333    0.00000000000000             2
   -0.40000000000000    0.33333333333333    0.00000000000000             2
   -0.20000000000000    0.33333333333333    0.00000000000000             2
    0.00000000000000    0.00000000000000    0.25000000000000             2
    0.20000000000000    0.00000000000000    0.25000000000000             2
    0.40000000000000    0.00000000000000    0.25000000000000             2
   -0.40000000000000    0.00000000000000    0.25000000000000             2
   -0.20000000000000    0.00000000000000    0.25000000000000             2
    0.00000000000000    0.33333333333333    0.25000000000000             2
    0.20000000000000    0.33333333333333    0.25000000000000             2
    0.40000000000000    0.33333333333334    0.25000000000000             2
   -0.40000000000000    0.33333333333333    0.25000000000000             2
   -0.20000000000000    0.33333333333333    0.25000000000000             2
    0.00000000000000   -0.33333333333333    0.25000000000000             2
    0.20000000000000   -0.33333333333333    0.25000000000000             2
    0.40000000000000   -0.33333333333333    0.25000000000000             2
   -0.40000000000000   -0.33333333333333    0.25000000000000             2
   -0.20000000000000   -0.33333333333333    0.25000000000000             2
    0.00000000000000    0.00000000000000    0.50000000000000             1
    0.20000000000000    0.00000000000000    0.50000000000000             2
    0.40000000000000    0.00000000000000    0.50000000000000             2
    0.00000000000000    0.33333333333333    0.50000000000000             2
    0.20000000000000    0.33333333333333    0.50000000000000             2
    0.40000000000000    0.33333333333333    0.50000000000000             2
   -0.40000000000000    0.33333333333333    0.50000000000000             2
   -0.20000000000000    0.33333333333333    0.50000000000000             2
Tetrahedra
       178    0.00277777777778
         2         1         2         4        10
         2         2         4         5        10
         2         4         5        10        15
         2         1         4         9        10
         2         4         9        10        14
         2         4        10        14        15
         2         2         3         5        11
         2         3         5         6        11
         2         5         6        11        16
         2         2         5        10        11
         2         5        10        11        15
         2         5        11        15        16
         2         3         3         6        12
         2         3         6         7        12
         2         6         7        12        17
         2         3         6        11        12
         2         6        11        12        16
         2         6        12        16        17
         2         2         3         7        13
         2         2         7         8        13
         2         7         8        13        18
         2         3         7        12        13
         2         7        12        13        17
         2         7        13        17        18
         2         1         2         8         9
         2         1         4         8         9
         2         4         8         9        14
         2         2         8         9        13
         2         8         9        13        18
         2         8         9        14        18
         2         4         4         5        15
         2         4         5         8        15
         2         4         8        15        20
         2         4         4        14        15
         2         4        14        15        19
         2         4        15        19        20
         2         5         6         8        16
         2         6         7         8        16
         2         7         8        16        21
         2         5         8        15        16
         2         8        15        16        20
         2         8        16        20        21
         4         6         7         7        17
         2         6         7        17        22
         2         6         7        16        17
         2         7        16        17        21
         2         7        17        21        22
         2         6         7         8        18
         2         5         6         8        18
         2         5         6        18        23
         2         6         7        17        18
         2         6        17        18        22
         2         6        18        22        23
         2         4         5         8        14
         2         4         4         5        14
         2         4         5        14        19
         2         5         8        14        18
         2         5        14        18        23
         2         5        14        19        23
         2         1         4         8        20
         2         1         2         8        20
         2         1         2        10        20
         2         1         4        19        20
         2         1         9        19        20
         2         1         9        10        20
         2         2         7         8        21
         2         2         3         7        21
         2         2         3        11        21
         2         2         8        20        21
         2         2        10        20        21
         2         2        10        11        21
         2         3         6         7        22
         2         3         3         6        22
         2         3         3        12        22
         2         3         7        21        22
         2         3        11        21        22
         2         3        11        12        22
         2         3         5         6        23
         2         2         3         5        23
         2         2         3        13        23
         2         3         6        22        23
         2         3        12        22        23
         2         3        12        13        23
         2         2         4         5        19
         2         1         2         4        19
         2         1         2         9        19
         2         2         5        19        23
         2         2        13        19        23
         2         2         9        13        19
         2         9        10        14        25
         2        10        14        15        25
         2        14        15        25        28
         2         9        14        24        25
         2        14        24        25        27
         2        14        25        27        28
         2        10        11        15        26
         2        11        15        16        26
         2        15        16        26        29
         2        10        15        25        26
         2        15        25        26        28
         2        15        26        28        29
         2        11        12        16        26
         2        12        16        17        26
         2        16        17        26        30
         2        11        16        26        26
         2        16        26        26        29
         2        16        26        29        30
         2        12        13        17        25
         2        13        17        18        25
         2        17        18        25        31
         2        12        17        25        26
         2        17        25        26        30
         2        17        25        30        31
         2         9        13        18        24
         2         9        14        18        24
         2        14        18        24        27
         2        13        18        24        25
         2        18        24        25        31
         2        18        24        27        31
         2        14        15        19        28
         2        15        19        20        28
         2        19        20        28        31
         2        14        19        27        28
         2        19        27        27        28
         2        19        27        28        31
         2        15        16        20        29
         2        16        20        21        29
         2        20        21        29        30
         2        15        20        28        29
         2        20        28        29        31
         2        20        29        30        31
         2        16        17        21        30
         2        17        21        22        30
         2        21        22        29        30
         2        16        21        29        30
         4        21        29        30        30
         2        17        18        22        31
         2        18        22        23        31
         2        22        23        28        31
         2        17        22        30        31
         2        22        29        30        31
         2        22        28        29        31
         2        14        18        23        27
         2        14        19        23        27
         2        19        23        27        27
         2        18        23        27        31
         2        23        27        28        31
         2        23        27        27        28
         2         9        19        20        31
         2         9        10        20        31
         2         9        10        25        31
         2         9        19        27        31
         2         9        24        27        31
         2         9        24        25        31
         2        10        20        21        30
         2        10        11        21        30
         2        10        11        26        30
         2        10        20        30        31
         2        10        25        30        31
         2        10        25        26        30
         2        11        21        22        29
         2        11        12        22        29
         2        11        12        26        29
         2        11        21        29        30
         2        11        26        29        30
         2        11        26        26        29
         2        12        22        23        28
         2        12        13        23        28
         2        12        13        25        28
         2        12        22        28        29
         2        12        26        28        29
         2        12        25        26        28
         2        13        19        23        27
         2         9        13        19        27
         2         9        13        24        27
         2        13        23        27        28
         2        13        25        27        28
         2        13        24        25        27
