Automatically generated mesh
      56
Reciprocal lattice
    0.00000000000000    0.00000000000000    0.00000000000000             1
    0.11111111111111    0.00000000000000    0.00000000000000             2
    0.22222222222222    0.00000000000000    0.00000000000000             2
    0.33333333333333    0.00000000000000    0.00000000000000             2
    0.44444444444445    0.00000000000000    0.00000000000000             2
    0.00000000000000    0.16666666666667    0.00000000000000             2
    0.11111111111111    0.16666666666667    0.00000000000000             2
    0.22222222222222    0.16666666666667    0.00000000000000             2
    0.33333333333333    0.16666666666667    0.00000000000000             2
    0.44444444444444    0.16666666666667    0.00000000000000             2
   -0.44444444444444    0.16666666666667    0.00000000000000             2
   -0.33333333333333    0.16666666666667    0.00000000000000             2
   -0.22222222222222    0.16666666666667    0.00000000000000             2
   -0.11111111111111    0.16666666666667    0.00000000000000             2
    0.00000000000000    0.33333333333333    0.00000000000000             2
    0.11111111111111    0.33333333333333    0.00000000000000             2
    0.22222222222222    0.33333333333333    0.00000000000000             2
    0.33333333333333    0.33333333333333    0.00000000000000             2
    0.44444444444444    0.33333333333333    0.00000000000000             2
   -0.44444444444444    0.33333333333333    0.00000000000000             2
   -0.33333333333333    0.33333333333333    0.00000000000000             2
   -0.22222222222222    0.33333333333333    0.00000000000000             2
   -0.11111111111111    0.33333333333333    0.00000000000000             2
    0.00000000000000    0.50000000000000    0.00000000000000             1
    0.11111111111111    0.50000000000000    0.00000000000000             2
    0.22222222222222    0.50000000000000    0.00000000000000             2
    0.33333333333333    0.50000000000000    0.00000000000000             2
    0.44444444444444    0.50000000000000    0.00000000000000             2
    0.00000000000000    0.00000000000000    0.50000000000000             1
    0.11111111111111    0.00000000000000    0.50000000000000             2
    0.22222222222222    0.00000000000000    0.50000000000000             2
    0.33333333333333    0.00000000000000    0.50000000000000             2
    0.44444444444444    0.00000000000000    0.50000000000000             2
    0.00000000000000    0.16666666666667    0.50000000000000             2
    0.11111111111111    0.16666666666667    0.50000000000000             2
    0.22222222222222    0.16666666666667    0.50000000000000             2
    0.33333333333333    0.16666666666667    0.50000000000000             2
    0.44444444444444    0.16666666666667    0.50000000000000             2
   -0.44444444444444    0.16666666666667    0.50000000000000             2
   -0.33333333333333    0.16666666666667    0.50000000000000             2
   -0.22222222222222    0.16666666666667    0.50000000000000             2
   -0.11111111111111    0.16666666666667    0.50000000000000             2
    0.00000000000000    0.33333333333333    0.50000000000000             2
    0.11111111111111    0.33333333333333    0.50000000000000             2
    0.22222222222222    0.33333333333333    0.50000000000000             2
    0.33333333333333    0.33333333333333    0.50000000000000             2
    0.44444444444444    0.33333333333333    0.50000000000000             2
   -0.44444444444444    0.33333333333333    0.50000000000000             2
   -0.33333333333333    0.33333333333333    0.50000000000000             2
   -0.22222222222222    0.33333333333333    0.50000000000000             2
   -0.11111111111111    0.33333333333333    0.50000000000000             2
    0.00000000000000    0.50000000000000    0.50000000000000             1
    0.11111111111111    0.50000000000000    0.50000000000000             2
    0.22222222222222    0.50000000000000    0.50000000000000             2
    0.33333333333333    0.50000000000000    0.50000000000000             2
    0.44444444444444    0.50000000000000    0.50000000000000             2
Tetrahedra
       324    0.00154320987654
         2         2         6         7        34
         2         1         2         6        34
         2         1         2        29        34
         2         2         7        34        35
         2         2        30        34        35
         2         2        29        30        34
         2         3         7         8        35
         2         2         3         7        35
         2         2         3        30        35
         2         3         8        35        36
         2         3        31        35        36
         2         3        30        31        35
         2         4         8         9        36
         2         3         4         8        36
         2         3         4        31        36
         2         4         9        36        37
         2         4        32        36        37
         2         4        31        32        36
         2         5         9        10        37
         2         4         5         9        37
         2         4         5        32        37
         2         5        10        37        38
         2         5        33        37        38
         2         5        32        33        37
         2         5        10        11        38
         2         5         5        10        38
         2         5         5        33        38
         2         5        11        38        39
         2         5        33        38        39
         2         5        33        33        38
         2         4        11        12        39
         2         4         5        11        39
         2         4         5        33        39
         2         4        12        39        40
         2         4        32        39        40
         2         4        32        33        39
         2         3        12        13        40
         2         3         4        12        40
         2         3         4        32        40
         2         3        13        40        41
         2         3        31        40        41
         2         3        31        32        40
         2         2        13        14        41
         2         2         3        13        41
         2         2         3        31        41
         2         2        14        41        42
         2         2        30        41        42
         2         2        30        31        41
         2         1         6        14        42
         2         1         2        14        42
         2         1         2        30        42
         2         1         6        34        42
         2         1        29        34        42
         2         1        29        30        42
         2         7        15        16        43
         2         6         7        15        43
         2         6         7        34        43
         2         7        16        43        44
         2         7        35        43        44
         2         7        34        35        43
         2         8        16        17        44
         2         7         8        16        44
         2         7         8        35        44
         2         8        17        44        45
         2         8        36        44        45
         2         8        35        36        44
         2         9        17        18        45
         2         8         9        17        45
         2         8         9        36        45
         2         9        18        45        46
         2         9        37        45        46
         2         9        36        37        45
         2        10        18        19        46
         2         9        10        18        46
         2         9        10        37        46
         2        10        19        46        47
         2        10        38        46        47
         2        10        37        38        46
         2        11        19        20        47
         2        10        11        19        47
         2        10        11        38        47
         2        11        20        47        48
         2        11        39        47        48
         2        11        38        39        47
         2        12        20        21        48
         2        11        12        20        48
         2        11        12        39        48
         2        12        21        48        49
         2        12        40        48        49
         2        12        39        40        48
         2        13        21        22        49
         2        12        13        21        49
         2        12        13        40        49
         2        13        22        49        50
         2        13        41        49        50
         2        13        40        41        49
         2        14        22        23        50
         2        13        14        22        50
         2        13        14        41        50
         2        14        23        50        51
         2        14        42        50        51
         2        14        41        42        50
         2         6        15        23        51
         2         6        14        23        51
         2         6        14        42        51
         2         6        15        43        51
         2         6        34        43        51
         2         6        34        42        51
         2        16        24        25        52
         2        15        16        24        52
         2        15        16        43        52
         2        16        25        52        53
         2        16        44        52        53
         2        16        43        44        52
         2        17        25        26        53
         2        16        17        25        53
         2        16        17        44        53
         2        17        26        53        54
         2        17        45        53        54
         2        17        44        45        53
         2        18        26        27        54
         2        17        18        26        54
         2        17        18        45        54
         2        18        27        54        55
         2        18        46        54        55
         2        18        45        46        54
         2        19        27        28        55
         2        18        19        27        55
         2        18        19        46        55
         2        19        28        55        56
         2        19        47        55        56
         2        19        46        47        55
         2        20        28        28        56
         2        19        20        28        56
         2        19        20        47        56
         2        20        28        56        56
         2        20        48        56        56
         2        20        47        48        56
         2        21        27        28        56
         2        20        21        28        56
         2        20        21        48        56
         2        21        27        55        56
         2        21        49        55        56
         2        21        48        49        56
         2        22        26        27        55
         2        21        22        27        55
         2        21        22        49        55
         2        22        26        54        55
         2        22        50        54        55
         2        22        49        50        55
         2        23        25        26        54
         2        22        23        26        54
         2        22        23        50        54
         2        23        25        53        54
         2        23        51        53        54
         2        23        50        51        54
         2        15        24        25        53
         2        15        23        25        53
         2        15        23        51        53
         2        15        24        52        53
         2        15        43        52        53
         2        15        43        51        53
         2        15        23        25        43
         2        15        24        25        43
         2        24        25        43        52
         2        23        25        43        51
         2        25        43        51        53
         2        25        43        52        53
         2        22        23        26        51
         2        23        25        26        51
         2        25        26        51        53
         2        22        26        50        51
         2        26        50        51        54
         2        26        51        53        54
         2        21        22        27        50
         2        22        26        27        50
         2        26        27        50        54
         2        21        27        49        50
         2        27        49        50        55
         2        27        50        54        55
         2        20        21        28        49
         2        21        27        28        49
         2        27        28        49        55
         2        20        28        48        49
         2        28        48        49        56
         2        28        49        55        56
         2        19        20        28        48
         2        20        28        28        48
         2        28        28        48        56
         2        19        28        47        48
         2        28        47        48        56
         2        28        48        56        56
         2        18        19        27        47
         2        19        27        28        47
         2        27        28        47        56
         2        18        27        46        47
         2        27        46        47        55
         2        27        47        55        56
         2        17        18        26        46
         2        18        26        27        46
         2        26        27        46        55
         2        17        26        45        46
         2        26        45        46        54
         2        26        46        54        55
         2        16        17        25        45
         2        17        25        26        45
         2        25        26        45        54
         2        16        25        44        45
         2        25        44        45        53
         2        25        45        53        54
         2        15        16        24        44
         2        16        24        25        44
         2        24        25        44        53
         2        15        24        43        44
         2        24        43        44        52
         2        24        44        52        53
         2         6        14        23        34
         2         6        15        23        34
         2        15        23        34        43
         2        14        23        34        42
         2        23        34        42        51
         2        23        34        43        51
         2        13        14        22        42
         2        14        22        23        42
         2        22        23        42        51
         2        13        22        41        42
         2        22        41        42        50
         2        22        42        50        51
         2        12        13        21        41
         2        13        21        22        41
         2        21        22        41        50
         2        12        21        40        41
         2        21        40        41        49
         2        21        41        49        50
         2        11        12        20        40
         2        12        20        21        40
         2        20        21        40        49
         2        11        20        39        40
         2        20        39        40        48
         2        20        40        48        49
         2        10        11        19        39
         2        11        19        20        39
         2        19        20        39        48
         2        10        19        38        39
         2        19        38        39        47
         2        19        39        47        48
         2         9        10        18        38
         2        10        18        19        38
         2        18        19        38        47
         2         9        18        37        38
         2        18        37        38        46
         2        18        38        46        47
         2         8         9        17        37
         2         9        17        18        37
         2        17        18        37        46
         2         8        17        36        37
         2        17        36        37        45
         2        17        37        45        46
         2         7         8        16        36
         2         8        16        17        36
         2        16        17        36        45
         2         7        16        35        36
         2        16        35        36        44
         2        16        36        44        45
         2         6         7        15        35
         2         7        15        16        35
         2        15        16        35        44
         2         6        15        34        35
         2        15        34        35        43
         2        15        35        43        44
         2         1         2        14        29
         2         1         6        14        29
         2         6        14        29        34
         2         2        14        29        30
         2        14        29        30        42
         2        14        29        34        42
         2         2         3        13        30
         2         2        13        14        30
         2        13        14        30        42
         2         3        13        30        31
         2        13        30        31        41
         2        13        30        41        42
         2         3         4        12        31
         2         3        12        13        31
         2        12        13        31        41
         2         4        12        31        32
         2        12        31        32        40
         2        12        31        40        41
         2         4         5        11        32
         2         4        11        12        32
         2        11        12        32        40
         2         5        11        32        33
         2        11        32        33        39
         2        11        32        39        40
         2         5         5        10        33
         2         5        10        11        33
         2        10        11        33        39
         2         5        10        33        33
         2        10        33        33        38
         2        10        33        38        39
         2         4         5         9        33
         2         5         9        10        33
         2         9        10        33        38
         2         4         9        32        33
         2         9        32        33        37
         2         9        33        37        38
         2         3         4         8        32
         2         4         8         9        32
         2         8         9        32        37
         2         3         8        31        32
         2         8        31        32        36
         2         8        32        36        37
         2         2         3         7        31
         2         3         7         8        31
         2         7         8        31        36
         2         2         7        30        31
         2         7        30        31        35
         2         7        31        35        36
         2         1         2         6        30
         2         2         6         7        30
         2         6         7        30        35
         2         1         6        29        30
         2         6        29        30        34
         2         6        30        34        35
