Automatically generated mesh
      61
Reciprocal lattice
    0.00000000000000    0.00000000000000    0.00000000000000             1
    0.20000000000000    0.00000000000000    0.00000000000000             2
    0.40000000000000    0.00000000000000    0.00000000000000             2
    0.00000000000000    0.12500000000000    0.00000000000000             2
    0.20000000000000    0.12500000000000    0.00000000000000             2
    0.40000000000000    0.12500000000000    0.00000000000000             2
   -0.40000000000000    0.12500000000000    0.00000000000000             2
   -0.20000000000000    0.12500000000000    0.00000000000000             2
    0.00000000000000    0.25000000000000    0.00000000000000             2
    0.20000000000000    0.25000000000000    0.00000000000000             2
    0.40000000000000    0.25000000000000    0.00000000000000             2
   -0.40000000000000    0.25000000000000    0.00000000000000             2
   -0.20000000000000    0.25000000000000    0.00000000000000             2
    0.00000000000000    0.37500000000000    0.00000000000000             2
    0.20000000000000    0.37500000000000    0.00000000000000             2
    0.40000000000000    0.37500000000000    0.00000000000000             2
   -0.40000000000000    0.37500000000000    0.00000000000000             2
   -0.20000000000000    0.37500000000000    0.00000000000000             2
    0.00000000000000    0.50000000000000    0.00000000000000             1
    0.20000000000000    0.50000000000000    0.00000000000000             2
    0.40000000000000    0.50000000000000    0.00000000000000             2
    0.00000000000000    0.00000000000000    0.33333333333333             2
    0.20000000000000    0.00000000000000    0.33333333333333             2
    0.40000000000000    0.00000000000000    0.33333333333333             2
   -0.40000000000000    0.00000000000000    0.33333333333333             2
   -0.20000000000000    0.00000000000000    0.33333333333333             2
    0.00000000000000    0.12500000000000    0.33333333333333             2
    0.20000000000000    0.12500000000000    0.33333333333333             2
    0.40000000000000    0.12500000000000    0.33333333333333             2
   -0.40000000000000    0.12500000000000    0.33333333333333             2
   -0.20000000000000    0.12500000000000    0.33333333333333             2
    0.00000000000000    0.25000000000000    0.33333333333333             2
    0.20000000000000    0.25000000000000    0.33333333333333             2
    0.40000000000000    0.25000000000000    0.33333333333333             2
   -0.40000000000000    0.25000000000000    0.33333333333333             2
   -0.20000000000000    0.25000000000000    0.33333333333333             2
    0.00000000000000    0.37500000000000    0.33333333333333             2
    0.20000000000000    0.37500000000000    0.33333333333333             2
    0.40000000000000    0.37500000000000    0.33333333333333             2
   -0.40000000000000    0.37500000000000    0.33333333333333             2
   -0.20000000000000    0.37500000000000    0.33333333333333             2
    0.00000000000000    0.50000000000000    0.33333333333333             2
    0.20000000000000    0.50000000000000    0.33333333333333             2
    0.40000000000000    0.50000000000000    0.33333333333333             2
   -0.40000000000000    0.50000000000000    0.33333333333333             2
   -0.20000000000000    0.50000000000000    0.33333333333333             2
    0.00000000000000   -0.37500000000000    0.33333333333333             2
    0.20000000000000   -0.37500000000000    0.33333333333333             2
    0.40000000000000   -0.37500000000000    0.33333333333333             2
   -0.40000000000000   -0.37500000000000    0.33333333333333             2
   -0.20000000000000   -0.37500000000000    0.33333333333333             2
    0.00000000000000   -0.25000000000000    0.33333333333333             2
    0.20000000000000   -0.25000000000000    0.33333333333333             2
    0.40000000000000   -0.25000000000000    0.33333333333333             2
   -0.40000000000000   -0.25000000000000    0.33333333333333             2
   -0.20000000000000   -0.25000000000000    0.33333333333333             2
    0.00000000000000   -0.12500000000000    0.33333333333333             2
    0.20000000000000   -0.12500000000000    0.33333333333333             2
    0.40000000000000   -0.12500000000000    0.33333333333333             2
   -0.40000000000000   -0.12500000000000    0.33333333333333             2
   -0.20000000000000   -0.12500000000000    0.33333333333333             2
Tetrahedra
       358    0.00138888888889
         2         2         4         5        27
         2         1         2         4        27
         2         1         2        22        27
         2         2         5        27        28
         2         2        23        27        28
         2         2        22        23        27
         2         3         5         6        28
         2         2         3         5        28
         2         2         3        23        28
         2         3         6        28        29
         2         3        24        28        29
         2         3        23        24        28
         2         3         6         7        29
         2         3         3         6        29
         2         3         3        24        29
         2         3         7        29        30
         2         3        25        29        30
         2         3        24        25        29
         2         2         7         8        30
         2         2         3         7        30
         2         2         3        25        30
         2         2         8        30        31
         2         2        26        30        31
         2         2        25        26        30
         2         1         4         8        31
         2         1         2         8        31
         2         1         2        26        31
         2         1         4        27        31
         2         1        22        27        31
         2         1        22        26        31
         2         5         9        10        32
         2         4         5         9        32
         2         4         5        27        32
         2         5        10        32        33
         2         5        28        32        33
         2         5        27        28        32
         2         6        10        11        33
         2         5         6        10        33
         2         5         6        28        33
         2         6        11        33        34
         2         6        29        33        34
         2         6        28        29        33
         2         7        11        12        34
         2         6         7        11        34
         2         6         7        29        34
         2         7        12        34        35
         2         7        30        34        35
         2         7        29        30        34
         2         8        12        13        35
         2         7         8        12        35
         2         7         8        30        35
         2         8        13        35        36
         2         8        31        35        36
         2         8        30        31        35
         2         4         9        13        36
         2         4         8        13        36
         2         4         8        31        36
         2         4         9        32        36
         2         4        27        32        36
         2         4        27        31        36
         2        10        14        15        37
         2         9        10        14        37
         2         9        10        32        37
         2        10        15        37        38
         2        10        33        37        38
         2        10        32        33        37
         2        11        15        16        38
         2        10        11        15        38
         2        10        11        33        38
         2        11        16        38        39
         2        11        34        38        39
         2        11        33        34        38
         2        12        16        17        39
         2        11        12        16        39
         2        11        12        34        39
         2        12        17        39        40
         2        12        35        39        40
         2        12        34        35        39
         2        13        17        18        40
         2        12        13        17        40
         2        12        13        35        40
         2        13        18        40        41
         2        13        36        40        41
         2        13        35        36        40
         2         9        14        18        41
         2         9        13        18        41
         2         9        13        36        41
         2         9        14        37        41
         2         9        32        37        41
         2         9        32        36        41
         2        15        19        20        42
         2        14        15        19        42
         2        14        15        37        42
         2        15        20        42        43
         2        15        38        42        43
         2        15        37        38        42
         2        16        20        21        43
         2        15        16        20        43
         2        15        16        38        43
         2        16        21        43        44
         2        16        39        43        44
         2        16        38        39        43
         2        17        21        21        44
         2        16        17        21        44
         2        16        17        39        44
         2        17        21        44        45
         2        17        40        44        45
         2        17        39        40        44
         2        18        20        21        45
         2        17        18        21        45
         2        17        18        40        45
         2        18        20        45        46
         2        18        41        45        46
         2        18        40        41        45
         2        14        19        20        46
         2        14        18        20        46
         2        14        18        41        46
         2        14        19        42        46
         2        14        37        42        46
         2        14        37        41        46
         2        14        18        20        47
         2        14        19        20        47
         2        19        20        42        47
         2        18        20        47        48
         2        20        43        47        48
         2        20        42        43        47
         2        17        18        21        48
         2        18        20        21        48
         2        20        21        43        48
         2        17        21        48        49
         2        21        44        48        49
         2        21        43        44        48
         2        16        17        21        49
         2        17        21        21        49
         2        21        21        44        49
         2        16        21        49        50
         2        21        45        49        50
         2        21        44        45        49
         2        15        16        20        50
         2        16        20        21        50
         2        20        21        45        50
         2        15        20        50        51
         2        20        46        50        51
         2        20        45        46        50
         2        14        15        19        51
         2        15        19        20        51
         2        19        20        46        51
         2        14        19        47        51
         2        19        42        47        51
         2        19        42        46        51
         2         9        13        18        52
         2         9        14        18        52
         2        14        18        47        52
         2        13        18        52        53
         2        18        48        52        53
         2        18        47        48        52
         2        12        13        17        53
         2        13        17        18        53
         2        17        18        48        53
         2        12        17        53        54
         2        17        49        53        54
         2        17        48        49        53
         2        11        12        16        54
         2        12        16        17        54
         2        16        17        49        54
         2        11        16        54        55
         2        16        50        54        55
         2        16        49        50        54
         2        10        11        15        55
         2        11        15        16        55
         2        15        16        50        55
         2        10        15        55        56
         2        15        51        55        56
         2        15        50        51        55
         2         9        10        14        56
         2        10        14        15        56
         2        14        15        51        56
         2         9        14        52        56
         2        14        47        52        56
         2        14        47        51        56
         2         4         8        13        57
         2         4         9        13        57
         2         9        13        52        57
         2         8        13        57        58
         2        13        53        57        58
         2        13        52        53        57
         2         7         8        12        58
         2         8        12        13        58
         2        12        13        53        58
         2         7        12        58        59
         2        12        54        58        59
         2        12        53        54        58
         2         6         7        11        59
         2         7        11        12        59
         2        11        12        54        59
         2         6        11        59        60
         2        11        55        59        60
         2        11        54        55        59
         2         5         6        10        60
         2         6        10        11        60
         2        10        11        55        60
         2         5        10        60        61
         2        10        56        60        61
         2        10        55        56        60
         2         4         5         9        61
         2         5         9        10        61
         2         9        10        56        61
         2         4         9        57        61
         2         9        52        57        61
         2         9        52        56        61
         2         1         2         8        22
         2         1         4         8        22
         2         4         8        22        57
         2         2         8        22        23
         2         8        22        23        58
         2         8        22        57        58
         2         2         3         7        23
         2         2         7         8        23
         2         7         8        23        58
         2         3         7        23        24
         2         7        23        24        59
         2         7        23        58        59
         2         3         3         6        24
         2         3         6         7        24
         2         6         7        24        59
         2         3         6        24        25
         2         6        24        25        60
         2         6        24        59        60
         2         2         3         5        25
         2         3         5         6        25
         2         5         6        25        60
         2         2         5        25        26
         2         5        25        26        61
         2         5        25        60        61
         2         1         2         4        26
         2         2         4         5        26
         2         4         5        26        61
         2         1         4        22        26
         2         4        22        26        57
         2         4        26        57        61
         2        23        27        28        57
         2        22        23        27        57
         2        22        22        23        57
         2        23        28        57        61
         2        23        26        57        61
         2        22        23        26        57
         2        24        28        29        61
         2        23        24        28        61
         2        23        24        26        61
         2        24        29        60        61
         2        24        25        60        61
         2        24        25        26        61
         2        25        29        30        60
         2        24        25        29        60
         4        24        25        25        60
         2        25        30        59        60
         2        24        25        59        60
         2        26        30        31        59
         2        25        26        30        59
         2        24        25        26        59
         2        26        31        58        59
         2        23        26        58        59
         2        23        24        26        59
         2        22        27        31        58
         2        22        26        31        58
         2        22        23        26        58
         2        22        27        57        58
         2        22        22        57        58
         2        22        22        23        58
         2        28        32        33        52
         2        27        28        32        52
         2        27        28        52        57
         2        28        33        52        56
         2        28        52        56        61
         2        28        52        57        61
         2        29        33        34        56
         2        28        29        33        56
         2        28        29        56        61
         2        29        34        55        56
         2        29        55        56        60
         2        29        56        60        61
         2        30        34        35        55
         2        29        30        34        55
         2        29        30        55        60
         2        30        35        54        55
         2        30        54        55        59
         2        30        55        59        60
         2        31        35        36        54
         2        30        31        35        54
         2        30        31        54        59
         2        31        36        53        54
         2        31        53        54        58
         2        31        54        58        59
         2        27        32        36        53
         2        27        31        36        53
         2        27        31        53        58
         2        27        32        52        53
         2        27        52        53        57
         2        27        53        57        58
         2        33        37        38        47
         2        32        33        37        47
         2        32        33        47        52
         2        33        38        47        51
         2        33        47        51        56
         2        33        47        52        56
         2        34        38        39        51
         2        33        34        38        51
         2        33        34        51        56
         2        34        39        50        51
         2        34        50        51        55
         2        34        51        55        56
         2        35        39        40        50
         2        34        35        39        50
         2        34        35        50        55
         2        35        40        49        50
         2        35        49        50        54
         2        35        50        54        55
         2        36        40        41        49
         2        35        36        40        49
         2        35        36        49        54
         2        36        41        48        49
         2        36        48        49        53
         2        36        49        53        54
         2        32        37        41        48
         2        32        36        41        48
         2        32        36        48        53
         2        32        37        47        48
         2        32        47        48        52
         2        32        48        52        53
         2        38        42        42        43
         2        37        38        42        42
         2        37        38        42        47
         2        38        42        43        46
         2        38        42        46        51
         2        38        42        47        51
         2        39        43        44        46
         2        38        39        43        46
         2        38        39        46        51
         2        39        44        45        46
         2        39        45        46        50
         2        39        46        50        51
         4        40        44        45        45
         2        39        40        44        45
         2        39        40        45        50
         2        40        44        45        49
         2        40        45        49        50
         2        41        44        45        46
         2        40        41        44        45
         2        40        41        44        49
         2        41        43        44        46
         2        41        43        44        48
         2        41        44        48        49
         2        37        42        43        46
         2        37        41        43        46
         2        37        41        43        48
         2        37        42        42        43
         2        37        42        43        47
         2        37        43        47        48
