Automatically generated mesh
      26
Reciprocal lattice
    0.00000000000000    0.00000000000000    0.00000000000000             1
    0.25000000000000    0.00000000000000    0.00000000000000             2
    0.50000000000000    0.00000000000000    0.00000000000000             1
    0.00000000000000    0.33333333333333    0.00000000000000             2
    0.25000000000000    0.33333333333333    0.00000000000000             2
    0.50000000000000    0.33333333333333    0.00000000000000             2
   -0.25000000000000    0.33333333333333    0.00000000000000             2
    0.00000000000000    0.00000000000000    0.25000000000000             2
    0.25000000000000    0.00000000000000    0.25000000000000             2
    0.50000000000000    0.00000000000000    0.25000000000000             2
   -0.25000000000000    0.00000000000000    0.25000000000000             2
    0.00000000000000    0.33333333333333    0.25000000000000             2
    0.25000000000000    0.33333333333333    0.25000000000000             2
    0.50000000000000    0.33333333333333    0.25000000000000             2
   -0.25000000000000    0.33333333333333    0.25000000000000             2
    0.00000000000000   -0.33333333333333    0.25000000000000             2
    0.25000000000000   -0.33333333333333    0.25000000000000             2
    0.50000000000000   -0.33333333333333    0.25000000000000             2
   -0.25000000000000   -0.33333333333333    0.25000000000000             2
    0.00000000000000    0.00000000000000    0.50000000000000             1
    0.25000000000000    0.00000000000000    0.50000000000000             2
    0.50000000000000    0.00000000000000    0.50000000000000             1
    0.00000000000000    0.33333333333333    0.50000000000000             2
    0.25000000000000    0.33333333333333    0.50000000000000             2
    0.50000000000000    0.33333333333333    0.50000000000000             2
   -0.25000000000000    0.33333333333333    0.50000000000000             2
Tetrahedra
       144    0.00347222222222
         2         1         2         5         8
         2         1         4         5         8
         2         4         5         8        12
         2         2         5         8         9
         2         5         8         9        13
         2         5         8        12        13
         2         2         3         6         9
         2         2         5         6         9
         2         5         6         9        13
         2         3         6         9        10
         2         6         9        10        14
         2         6         9        13        14
         2         2         3         7        10
         2         3         6         7        10
         2         6         7        10        14
         2         2         7        10        11
         2         7        10        11        15
         2         7        10        14        15
         2         1         2         4        11
         2         2         4         7        11
         2         4         7        11        15
         2         1         4         8        11
         2         4         8        11        12
         2         4        11        12        15
         2         4         5         7        12
         2         4         4         7        12
         2         4         7        12        16
         2         5         7        12        13
         2         7        12        13        17
         2         7        12        16        17
         2         5         6         6        13
         2         5         6         7        13
         2         6         7        13        17
         2         6         6        13        14
         2         6        13        14        18
         2         6        13        17        18
         2         5         6         7        14
         2         5         6         6        14
         2         5         6        14        18
         2         5         7        14        15
         2         5        14        15        19
         2         5        14        18        19
         2         4         4         7        15
         2         4         5         7        15
         2         4         5        15        19
         2         4         4        12        15
         2         4        12        15        16
         2         4        15        16        19
         2         2         4         7        16
         2         1         2         4        16
         2         1         2         8        16
         2         2         7        16        17
         2         2         9        16        17
         2         2         8         9        16
         2         3         6         7        17
         2         2         3         7        17
         2         2         3         9        17
         2         3         6        17        18
         2         3        10        17        18
         2         3         9        10        17
         2         2         5         6        18
         2         2         3         6        18
         2         2         3        10        18
         2         2         5        18        19
         2         2        11        18        19
         2         2        10        11        18
         2         1         4         5        19
         2         1         2         5        19
         2         1         2        11        19
         2         1         4        16        19
         2         1         8        16        19
         2         1         8        11        19
         2         8         9        13        20
         2         8        12        13        20
         2        12        13        20        23
         2         9        13        20        21
         2        13        20        21        24
         2        13        20        23        24
         2         9        10        14        21
         2         9        13        14        21
         2        13        14        21        24
         2        10        14        21        22
         2        14        21        22        25
         2        14        21        24        25
         2        10        11        15        22
         2        10        14        15        22
         2        14        15        22        25
         2        11        15        21        22
         2        15        21        22        26
         2        15        22        25        26
         2         8        11        12        21
         2        11        12        15        21
         2        12        15        21        26
         2         8        12        20        21
         2        12        20        21        23
         2        12        21        23        26
         2        12        13        17        23
         2        12        16        17        23
         2        16        17        23        23
         2        13        17        23        24
         2        17        23        24        26
         2        17        23        23        26
         2        13        14        18        24
         2        13        17        18        24
         2        17        18        24        26
         2        14        18        24        25
         2        18        24        25        25
         2        18        24        25        26
         2        14        15        19        25
         2        14        18        19        25
         2        18        19        25        25
         2        15        19        25        26
         2        19        24        25        26
         2        19        24        25        25
         2        12        15        16        26
         2        15        16        19        26
         2        16        19        24        26
         2        12        16        23        26
         2        16        23        23        26
         2        16        23        24        26
         2         9        16        17        23
         2         8         9        16        23
         2         8         9        20        23
         2         9        17        23        26
         2         9        21        23        26
         2         9        20        21        23
         2        10        17        18        26
         2         9        10        17        26
         2         9        10        21        26
         2        10        18        25        26
         2        10        22        25        26
         2        10        21        22        26
         2        11        18        19        25
         2        10        11        18        25
         2        10        11        22        25
         2        11        19        24        25
         2        11        21        24        25
         2        11        21        22        25
         2         8        16        19        24
         2         8        11        19        24
         2         8        11        21        24
         2         8        16        23        24
         2         8        20        23        24
         2         8        20        21        24
