Automatically generated mesh
      64
Reciprocal lattice
    0.00000000000000    0.00000000000000    0.00000000000000             1
    0.14285714285714    0.00000000000000    0.00000000000000             2
    0.28571428571429    0.00000000000000    0.00000000000000             2
    0.42857142857143    0.00000000000000    0.00000000000000             2
    0.00000000000000    0.16666666666667    0.00000000000000             2
    0.14285714285714    0.16666666666667    0.00000000000000             2
    0.28571428571429    0.16666666666667    0.00000000000000             2
    0.42857142857143    0.16666666666667    0.00000000000000             2
   -0.42857142857143    0.16666666666667    0.00000000000000             2
   -0.28571428571429    0.16666666666667    0.00000000000000             2
   -0.14285714285714    0.16666666666667    0.00000000000000             2
    0.00000000000000    0.33333333333333    0.00000000000000             2
    0.14285714285714    0.33333333333333    0.00000000000000             2
    0.28571428571429    0.33333333333333    0.00000000000000             2
    0.42857142857143    0.33333333333333    0.00000000000000             2
   -0.42857142857143    0.33333333333333    0.00000000000000             2
   -0.28571428571429    0.33333333333333    0.00000000000000             2
   -0.14285714285714    0.33333333333333    0.00000000000000             2
    0.00000000000000    0.50000000000000    0.00000000000000             1
    0.14285714285714    0.50000000000000    0.00000000000000             2
    0.28571428571429    0.50000000000000    0.00000000000000             2
    0.42857142857143    0.50000000000000    0.00000000000000             2
    0.00000000000000    0.00000000000000    0.33333333333333             2
    0.14285714285714    0.00000000000000    0.33333333333333             2
    0.28571428571429    0.00000000000000    0.33333333333333             2
    0.42857142857143    0.00000000000000    0.33333333333333             2
   -0.42857142857143    0.00000000000000    0.33333333333333             2
   -0.28571428571429    0.00000000000000    0.33333333333333             2
   -0.14285714285714    0.00000000000000    0.33333333333333             2
    0.00000000000000    0.16666666666667    0.33333333333333             2
    0.14285714285714    0.16666666666667    0.33333333333333             2
    0.28571428571429    0.16666666666667    0.33333333333333             2
    0.42857142857143    0.16666666666667    0.33333333333333             2
   -0.42857142857143    0.16666666666667    0.33333333333333             2
   -0.28571428571429    0.16666666666667    0.33333333333333             2
   -0.14285714285714    0.16666666666667    0.33333333333333             2
    0.00000000000000    0.33333333333333    0.33333333333333             2
    0.14285714285714    0.33333333333333    0.33333333333333             2
    0.28571428571429    0.33333333333333    0.33333333333333             2
    0.42857142857143    0.33333333333333    0.33333333333333             2
   -0.42857142857143    0.33333333333333    0.33333333333333             2
   -0.28571428571429    0.33333333333333    0.33333333333333             2
   -0.14285714285714    0.33333333333333    0.33333333333333             2
    0.00000000000000    0.50000000000000    0.33333333333333             2
    0.14285714285714    0.50000000000000    0.33333333333333             2
    0.28571428571429    0.50000000000000    0.33333333333333             2
    0.42857142857143    0.50000000000000    0.33333333333333             2
   -0.42857142857143    0.50000000000000    0.33333333333333             2
   -0.28571428571429    0.50000000000000    0.33333333333333             2
   -0.14285714285714    0.50000000000000    0.33333333333333             2
    0.00000000000000   -0.33333333333333    0.33333333333333             2
    0.14285714285714   -0.33333333333333    0.33333333333333             2
    0.28571428571429   -0.33333333333333    0.33333333333333             2
    0.42857142857143   -0.33333333333333    0.33333333333333             2
   -0.42857142857143   -0.33333333333333    0.33333333333333             2
   -0.28571428571429   -0.33333333333333    0.33333333333333             2
   -0.14285714285714   -0.33333333333333    0.33333333333333             2
    0.00000000000000   -0.16666666666667    0.33333333333333             2
    0.14285714285714   -0.16666666666667    0.33333333333333             2
    0.28571428571429   -0.16666666666667    0.33333333333333             2
    0.42857142857143   -0.16666666666667    0.33333333333333             2
   -0.42857142857143   -0.16666666666667    0.33333333333333             2
   -0.28571428571429   -0.16666666666667    0.33333333333333             2
   -0.14285714285714   -0.16666666666667    0.33333333333333             2
Tetrahedra
       376    0.00132275132275
         2         1         2         6        23
         2         1         5         6        23
         2         5         6        23        30
         2         2         6        23        24
         2         6        23        24        31
         2         6        23        30        31
         2         2         3         7        24
         2         2         6         7        24
         2         6         7        24        31
         2         3         7        24        25
         2         7        24        25        32
         2         7        24        31        32
         2         3         4         8        25
         2         3         7         8        25
         2         7         8        25        32
         2         4         8        25        26
         2         8        25        26        33
         2         8        25        32        33
         2         4         4         9        26
         2         4         8         9        26
         2         8         9        26        33
         2         4         9        26        27
         2         9        26        27        34
         2         9        26        33        34
         2         3         4        10        27
         2         4         9        10        27
         2         9        10        27        34
         2         3        10        27        28
         2        10        27        28        35
         2        10        27        34        35
         2         2         3        11        28
         2         3        10        11        28
         2        10        11        28        35
         2         2        11        28        29
         2        11        28        29        36
         2        11        28        35        36
         2         1         2         5        29
         2         2         5        11        29
         2         5        11        29        36
         2         1         5        23        29
         2         5        23        29        30
         2         5        29        30        36
         2         5         6        13        30
         2         5        12        13        30
         2        12        13        30        37
         2         6        13        30        31
         2        13        30        31        38
         2        13        30        37        38
         2         6         7        14        31
         2         6        13        14        31
         2        13        14        31        38
         2         7        14        31        32
         2        14        31        32        39
         2        14        31        38        39
         2         7         8        15        32
         2         7        14        15        32
         2        14        15        32        39
         2         8        15        32        33
         2        15        32        33        40
         2        15        32        39        40
         2         8         9        16        33
         2         8        15        16        33
         2        15        16        33        40
         2         9        16        33        34
         2        16        33        34        41
         2        16        33        40        41
         2         9        10        17        34
         2         9        16        17        34
         2        16        17        34        41
         2        10        17        34        35
         2        17        34        35        42
         2        17        34        41        42
         2        10        11        18        35
         2        10        17        18        35
         2        17        18        35        42
         2        11        18        35        36
         2        18        35        36        43
         2        18        35        42        43
         2         5        11        12        36
         2        11        12        18        36
         2        12        18        36        43
         2         5        12        30        36
         2        12        30        36        37
         2        12        36        37        43
         2        12        13        20        37
         2        12        19        20        37
         2        19        20        37        44
         2        13        20        37        38
         2        20        37        38        45
         2        20        37        44        45
         2        13        14        21        38
         2        13        20        21        38
         2        20        21        38        45
         2        14        21        38        39
         2        21        38        39        46
         2        21        38        45        46
         2        14        15        22        39
         2        14        21        22        39
         2        21        22        39        46
         2        15        22        39        40
         2        22        39        40        47
         2        22        39        46        47
         2        15        16        22        40
         2        15        22        22        40
         2        22        22        40        47
         2        16        22        40        41
         2        22        40        41        48
         2        22        40        47        48
         2        16        17        21        41
         2        16        21        22        41
         2        21        22        41        48
         2        17        21        41        42
         2        21        41        42        49
         2        21        41        48        49
         2        17        18        20        42
         2        17        20        21        42
         2        20        21        42        49
         2        18        20        42        43
         2        20        42        43        50
         2        20        42        49        50
         2        12        18        19        43
         2        18        19        20        43
         2        19        20        43        50
         2        12        19        37        43
         2        19        37        43        44
         2        19        43        44        50
         2        18        19        20        44
         2        12        18        19        44
         2        12        18        44        51
         2        18        20        44        45
         2        18        44        45        52
         2        18        44        51        52
         2        17        20        21        45
         2        17        18        20        45
         2        17        18        45        52
         2        17        21        45        46
         2        17        45        46        53
         2        17        45        52        53
         2        16        21        22        46
         2        16        17        21        46
         2        16        17        46        53
         2        16        22        46        47
         2        16        46        47        54
         2        16        46        53        54
         2        15        22        22        47
         2        15        16        22        47
         2        15        16        47        54
         2        15        22        47        48
         2        15        47        48        55
         2        15        47        54        55
         2        14        21        22        48
         2        14        15        22        48
         2        14        15        48        55
         2        14        21        48        49
         2        14        48        49        56
         2        14        48        55        56
         2        13        20        21        49
         2        13        14        21        49
         2        13        14        49        56
         2        13        20        49        50
         2        13        49        50        57
         2        13        49        56        57
         2        12        19        20        50
         2        12        13        20        50
         2        12        13        50        57
         2        12        19        44        50
         2        12        44        50        51
         2        12        50        51        57
         2        11        12        18        51
         2         5        11        12        51
         2         5        11        51        58
         2        11        18        51        52
         2        11        51        52        59
         2        11        51        58        59
         2        10        17        18        52
         2        10        11        18        52
         2        10        11        52        59
         2        10        17        52        53
         2        10        52        53        60
         2        10        52        59        60
         2         9        16        17        53
         2         9        10        17        53
         2         9        10        53        60
         2         9        16        53        54
         2         9        53        54        61
         2         9        53        60        61
         2         8        15        16        54
         2         8         9        16        54
         2         8         9        54        61
         2         8        15        54        55
         2         8        54        55        62
         2         8        54        61        62
         2         7        14        15        55
         2         7         8        15        55
         2         7         8        55        62
         2         7        14        55        56
         2         7        55        56        63
         2         7        55        62        63
         2         6        13        14        56
         2         6         7        14        56
         2         6         7        56        63
         2         6        13        56        57
         2         6        56        57        64
         2         6        56        63        64
         2         5        12        13        57
         2         5         6        13        57
         2         5         6        57        64
         2         5        12        51        57
         2         5        51        57        58
         2         5        57        58        64
         2         2         5        11        58
         2         1         2         5        58
         2         1         2        23        58
         2         2        11        58        59
         2         2        24        58        59
         2         2        23        24        58
         2         3        10        11        59
         2         2         3        11        59
         2         2         3        24        59
         2         3        10        59        60
         2         3        25        59        60
         2         3        24        25        59
         2         4         9        10        60
         2         3         4        10        60
         2         3         4        25        60
         2         4         9        60        61
         2         4        26        60        61
         2         4        25        26        60
         2         4         8         9        61
         2         4         4         9        61
         2         4         4        26        61
         2         4         8        61        62
         2         4        27        61        62
         2         4        26        27        61
         2         3         7         8        62
         2         3         4         8        62
         2         3         4        27        62
         2         3         7        62        63
         2         3        28        62        63
         2         3        27        28        62
         2         2         6         7        63
         2         2         3         7        63
         2         2         3        28        63
         2         2         6        63        64
         2         2        29        63        64
         2         2        28        29        63
         2         1         5         6        64
         2         1         2         6        64
         2         1         2        29        64
         2         1         5        58        64
         2         1        23        58        64
         2         1        23        29        64
         2        23        23        24        31
         2        23        23        30        31
         2        23        30        31        58
         2        23        24        29        31
         2        23        29        31        64
         2        23        31        58        64
         2        24        25        29        32
         2        24        29        31        32
         2        29        31        32        64
         2        25        28        29        32
         2        28        29        32        63
         2        29        32        63        64
         2        25        26        28        33
         2        25        28        32        33
         2        28        32        33        63
         2        26        27        28        33
         2        27        28        33        62
         2        28        33        62        63
         4        26        27        27        34
         2        26        27        33        34
         2        27        33        34        62
         2        26        27        34        61
         2        27        34        61        62
         2        26        27        28        35
         2        26        27        34        35
         2        26        34        35        61
         2        25        26        28        35
         2        25        26        35        60
         2        26        35        60        61
         2        25        28        29        36
         2        25        28        35        36
         2        25        35        36        60
         2        24        25        29        36
         2        24        25        36        59
         2        25        36        59        60
         2        23        24        29        30
         2        24        29        30        36
         2        24        30        36        59
         2        23        23        24        30
         2        23        24        30        58
         2        24        30        58        59
         2        30        31        38        58
         2        30        37        38        58
         2        37        38        51        58
         2        31        38        58        64
         2        38        57        58        64
         2        38        51        57        58
         2        31        32        39        64
         2        31        38        39        64
         2        38        39        57        64
         2        32        39        63        64
         2        39        56        63        64
         2        39        56        57        64
         2        32        33        40        63
         2        32        39        40        63
         2        39        40        56        63
         2        33        40        62        63
         2        40        55        62        63
         2        40        55        56        63
         2        33        34        41        62
         2        33        40        41        62
         2        40        41        55        62
         2        34        41        61        62
         2        41        54        61        62
         2        41        54        55        62
         2        34        35        42        61
         2        34        41        42        61
         2        41        42        54        61
         2        35        42        60        61
         2        42        53        60        61
         2        42        53        54        61
         2        35        36        43        60
         2        35        42        43        60
         2        42        43        53        60
         2        36        43        59        60
         2        43        52        59        60
         2        43        52        53        60
         2        30        36        37        59
         2        36        37        43        59
         2        37        43        52        59
         2        30        37        58        59
         2        37        51        58        59
         2        37        51        52        59
         2        37        38        45        51
         2        37        44        45        51
         2        44        44        45        51
         2        38        45        51        57
         2        45        50        51        57
         2        44        45        50        51
         2        38        39        46        57
         2        38        45        46        57
         2        45        46        50        57
         2        39        46        56        57
         2        46        49        56        57
         2        46        49        50        57
         2        39        40        47        56
         2        39        46        47        56
         2        46        47        49        56
         2        40        47        55        56
         2        47        48        55        56
         2        47        48        49        56
         2        40        41        48        55
         2        40        47        48        55
         4        47        48        48        55
         2        41        48        54        55
         2        47        48        54        55
         2        41        42        49        54
         2        41        48        49        54
         2        47        48        49        54
         2        42        49        53        54
         2        46        49        53        54
         2        46        47        49        54
         2        42        43        50        53
         2        42        49        50        53
         2        46        49        50        53
         2        43        50        52        53
         2        45        50        52        53
         2        45        46        50        53
         2        37        43        44        52
         2        43        44        50        52
         2        44        45        50        52
         2        37        44        51        52
         2        44        44        51        52
         2        44        44        45        52
