Automatically generated mesh
     354
Reciprocal lattice
    0.00000000000000    0.00000000000000    0.00000000000000             1
    0.12500000000000    0.00000000000000    0.00000000000000             2
    0.25000000000000    0.00000000000000    0.00000000000000             2
    0.37500000000000    0.00000000000000    0.00000000000000             2
    0.50000000000000    0.00000000000000    0.00000000000000             1
    0.00000000000000    0.09090909090909    0.00000000000000             2
    0.12500000000000    0.09090909090909    0.00000000000000             2
    0.25000000000000    0.09090909090909    0.00000000000000             2
    0.37500000000000    0.09090909090909    0.00000000000000             2
    0.50000000000000    0.09090909090909    0.00000000000000             2
   -0.37500000000000    0.09090909090909    0.00000000000000             2
   -0.25000000000000    0.09090909090909    0.00000000000000             2
   -0.12500000000000    0.09090909090909    0.00000000000000             2
    0.00000000000000    0.18181818181818    0.00000000000000             2
    0.12500000000000    0.18181818181818    0.00000000000000             2
    0.25000000000000    0.18181818181818    0.00000000000000             2
    0.37500000000000    0.18181818181818    0.00000000000000             2
    0.50000000000000    0.18181818181818    0.00000000000000             2
   -0.37500000000000    0.18181818181818    0.00000000000000             2
   -0.25000000000000    0.18181818181818    0.00000000000000             2
   -0.12500000000000    0.18181818181818    0.00000000000000             2
    0.00000000000000    0.27272727272727    0.00000000000000             2
    0.12500000000000    0.27272727272727    0.00000000000000             2
    0.25000000000000    0.27272727272727    0.00000000000000             2
    0.37500000000000    0.27272727272727    0.00000000000000             2
    0.50000000000000    0.27272727272727    0.00000000000000             2
   -0.37500000000000    0.27272727272727    0.00000000000000             2
   -0.25000000000000    0.27272727272727    0.00000000000000             2
   -0.12500000000000    0.27272727272727    0.00000000000000             2
    0.00000000000000    0.36363636363636    0.00000000000000             2
    0.12500000000000    0.36363636363636    0.00000000000000             2
    0.25000000000000    0.36363636363636    0.00000000000000             2
    0.37500000000000    0.36363636363636    0.00000000000000             2
    0.50000000000000    0.36363636363636    0.00000000000000             2
   -0.37500000000000    0.36363636363636    0.00000000000000             2
   -0.25000000000000    0.36363636363636    0.00000000000000             2
   -0.12500000000000    0.36363636363636    0.00000000000000             2
    0.00000000000000    0.45454545454546    0.00000000000000             2
    0.12500000000000    0.45454545454546    0.00000000000000             2
    0.25000000000000    0.45454545454546    0.00000000000000             2
    0.37500000000000    0.45454545454546    0.00000000000000             2
    0.50000000000000    0.45454545454546    0.00000000000000             2
   -0.37500000000000    0.45454545454546    0.00000000000000             2
   -0.25000000000000    0.45454545454546    0.00000000000000             2
   -0.12500000000000    0.45454545454546    0.00000000000000             2
    0.00000000000000    0.00000000000000    0.12500000000000             2
    0.12500000000000    0.00000000000000    0.12500000000000             2
    0.25000000000000    0.00000000000000    0.12500000000000             2
    0.37500000000000    0.00000000000000    0.12500000000000             2
    0.50000000000000    0.00000000000000    0.12500000000000             2
   -0.37500000000000    0.00000000000000    0.12500000000000             2
   -0.25000000000000    0.00000000000000    0.12500000000000             2
   -0.12500000000000    0.00000000000000    0.12500000000000             2
    0.00000000000000    0.09090909090909    0.12500000000000             2
    0.12500000000000    0.09090909090909    0.12500000000000             2
    0.25000000000000    0.09090909090909    0.12500000000000             2
    0.37500000000000    0.09090909090909    0.12500000000000             2
    0.50000000000000    0.09090909090909    0.12500000000000             2
   -0.37500000000000    0.09090909090909    0.12500000000000             2
   -0.25000000000000    0.09090909090909    0.12500000000000             2
   -0.12500000000000    0.09090909090909    0.12500000000000             2
    0.00000000000000    0.18181818181818    0.12500000000000             2
    0.12500000000000    0.18181818181818    0.12500000000000             2
    0.25000000000000    0.18181818181818    0.12500000000000             2
    0.37500000000000    0.18181818181818    0.12500000000000             2
    0.50000000000000    0.18181818181818    0.12500000000000             2
   -0.37500000000000    0.18181818181818    0.12500000000000             2
   -0.25000000000000    0.18181818181818    0.12500000000000             2
   -0.12500000000000    0.18181818181818    0.12500000000000             2
    0.00000000000000    0.27272727272727    0.12500000000000             2
    0.12500000000000    0.27272727272727    0.12500000000000             2
    0.25000000000000    0.27272727272727    0.12500000000000             2
    0.37500000000000    0.27272727272727    0.12500000000000             2
    0.50000000000000    0.27272727272727    0.12500000000000             2
   -0.37500000000000    0.27272727272727    0.12500000000000             2
   -0.25000000000000    0.27272727272727    0.12500000000000             2
   -0.12500000000000    0.27272727272727    0.12500000000000             2
    0.00000000000000    0.36363636363636    0.12500000000000             2
    0.12500000000000    0.36363636363636    0.12500000000000             2
    0.25000000000000    0.36363636363636    0.12500000000000             2
    0.37500000000000    0.36363636363636    0.12500000000000             2
    0.50000000000000    0.36363636363636    0.12500000000000             2
   -0.37500000000000    0.36363636363636    0.12500000000000             2
   -0.25000000000000    0.36363636363636    0.12500000000000             2
   -0.12500000000000    0.36363636363636    0.12500000000000             2
    0.00000000000000    0.45454545454545    0.12500000000000             2
    0.12500000000000    0.45454545454546    0.12500000000000             2
    0.25000000000000    0.45454545454546    0.12500000000000             2
    0.37500000000000    0.45454545454546    0.12500000000000             2
    0.50000000000000    0.45454545454546    0.12500000000000             2
   -0.37500000000000    0.45454545454546    0.12500000000000             2
   -0.25000000000000    0.45454545454546    0.12500000000000             2
   -0.12500000000000    0.45454545454546    0.12500000000000             2
    0.00000000000000   -0.45454545454545    0.12500000000000             2
    0.12500000000000   -0.45454545454545    0.12500000000000             2
    0.25000000000000   -0.45454545454545    0.12500000000000             2
    0.37500000000000   -0.45454545454545    0.12500000000000             2
    0.50000000000000   -0.45454545454545    0.12500000000000             2
   -0.37500000000000   -0.45454545454545    0.12500000000000             2
   -0.25000000000000   -0.45454545454545    0.12500000000000             2
   -0.12500000000000   -0.45454545454545    0.12500000000000             2
    0.00000000000000   -0.36363636363636    0.12500000000000             2
    0.12500000000000   -0.36363636363636    0.12500000000000             2
    0.25000000000000   -0.36363636363636    0.12500000000000             2
    0.37500000000000   -0.36363636363636    0.12500000000000             2
    0.50000000000000   -0.36363636363636    0.12500000000000             2
   -0.37500000000000   -0.36363636363636    0.12500000000000             2
   -0.25000000000000   -0.36363636363636    0.12500000000000             2
   -0.12500000000000   -0.36363636363636    0.12500000000000             2
    0.00000000000000   -0.27272727272727    0.12500000000000             2
    0.12500000000000   -0.27272727272727    0.12500000000000             2
    0.25000000000000   -0.27272727272727    0.12500000000000             2
    0.37500000000000   -0.27272727272727    0.12500000000000             2
    0.50000000000000   -0.27272727272727    0.12500000000000             2
   -0.37500000000000   -0.27272727272727    0.12500000000000             2
   -0.25000000000000   -0.27272727272727    0.12500000000000             2
   -0.12500000000000   -0.27272727272727    0.12500000000000             2
    0.00000000000000   -0.18181818181818    0.12500000000000             2
    0.12500000000000   -0.18181818181818    0.12500000000000             2
    0.25000000000000   -0.18181818181818    0.12500000000000             2
    0.37500000000000   -0.18181818181818    0.12500000000000             2
    0.50000000000000   -0.18181818181818    0.12500000000000             2
   -0.37500000000000   -0.18181818181818    0.12500000000000             2
   -0.25000000000000   -0.18181818181818    0.12500000000000             2
   -0.12500000000000   -0.18181818181818    0.12500000000000             2
    0.00000000000000   -0.09090909090909    0.12500000000000             2
    0.12500000000000   -0.09090909090909    0.12500000000000             2
    0.25000000000000   -0.09090909090909    0.12500000000000             2
    0.37500000000000   -0.09090909090909    0.12500000000000             2
    0.50000000000000   -0.09090909090909    0.12500000000000             2
   -0.37500000000000   -0.09090909090909    0.12500000000000             2
   -0.25000000000000   -0.09090909090909    0.12500000000000             2
   -0.12500000000000   -0.09090909090909    0.12500000000000             2
    0.00000000000000    0.00000000000000    0.25000000000000             2
    0.12500000000000    0.00000000000000    0.25000000000000             2
    0.25000000000000    0.00000000000000    0.25000000000000             2
    0.37500000000000    0.00000000000000    0.25000000000000             2
    0.50000000000000    0.00000000000000    0.25000000000000             2
   -0.37500000000000    0.00000000000000    0.25000000000000             2
   -0.25000000000000    0.00000000000000    0.25000000000000             2
   -0.12500000000000    0.00000000000000    0.25000000000000             2
    0.00000000000000    0.09090909090909    0.25000000000000             2
    0.12500000000000    0.09090909090909    0.25000000000000             2
    0.25000000000000    0.09090909090909    0.25000000000000             2
    0.37500000000000    0.09090909090909    0.25000000000000             2
    0.50000000000000    0.09090909090909    0.25000000000000             2
   -0.37500000000000    0.09090909090909    0.25000000000000             2
   -0.25000000000000    0.09090909090909    0.25000000000000             2
   -0.12500000000000    0.09090909090909    0.25000000000000             2
    0.00000000000000    0.18181818181818    0.25000000000000             2
    0.12500000000000    0.18181818181818    0.25000000000000             2
    0.25000000000000    0.18181818181818    0.25000000000000             2
    0.37500000000000    0.18181818181818    0.25000000000000             2
    0.50000000000000    0.18181818181818    0.25000000000000             2
   -0.37500000000000    0.18181818181818    0.25000000000000             2
   -0.25000000000000    0.18181818181818    0.25000000000000             2
   -0.12500000000000    0.18181818181818    0.25000000000000             2
    0.00000000000000    0.27272727272727    0.25000000000000             2
    0.12500000000000    0.27272727272727    0.25000000000000             2
    0.25000000000000    0.27272727272727    0.25000000000000             2
    0.37500000000000    0.27272727272727    0.25000000000000             2
    0.50000000000000    0.27272727272727    0.25000000000000             2
   -0.37500000000000    0.27272727272727    0.25000000000000             2
   -0.25000000000000    0.27272727272727    0.25000000000000             2
   -0.12500000000000    0.27272727272727    0.25000000000000             2
    0.00000000000000    0.36363636363636    0.25000000000000             2
    0.12500000000000    0.36363636363636    0.25000000000000             2
    0.25000000000000    0.36363636363636    0.25000000000000             2
    0.37500000000000    0.36363636363636    0.25000000000000             2
    0.50000000000000    0.36363636363636    0.25000000000000             2
   -0.37500000000000    0.36363636363636    0.25000000000000             2
   -0.25000000000000    0.36363636363636    0.25000000000000             2
   -0.12500000000000    0.36363636363636    0.25000000000000             2
    0.00000000000000    0.45454545454546    0.25000000000000             2
    0.12500000000000    0.45454545454545    0.25000000000000             2
    0.25000000000000    0.45454545454545    0.25000000000000             2
    0.37500000000000    0.45454545454546    0.25000000000000             2
    0.50000000000000    0.45454545454546    0.25000000000000             2
   -0.37500000000000    0.45454545454546    0.25000000000000             2
   -0.25000000000000    0.45454545454546    0.25000000000000             2
   -0.12500000000000    0.45454545454546    0.25000000000000             2
    0.00000000000000   -0.45454545454545    0.25000000000000             2
    0.12500000000000   -0.45454545454545    0.25000000000000             2
    0.25000000000000   -0.45454545454545    0.25000000000000             2
    0.37500000000000   -0.45454545454545    0.25000000000000             2
    0.50000000000000   -0.45454545454545    0.25000000000000             2
   -0.37500000000000   -0.45454545454545    0.25000000000000             2
   -0.25000000000000   -0.45454545454545    0.25000000000000             2
   -0.12500000000000   -0.45454545454545    0.25000000000000             2
    0.00000000000000   -0.36363636363636    0.25000000000000             2
    0.12500000000000   -0.36363636363636    0.25000000000000             2
    0.25000000000000   -0.36363636363636    0.25000000000000             2
    0.37500000000000   -0.36363636363636    0.25000000000000             2
    0.50000000000000   -0.36363636363636    0.25000000000000             2
   -0.37500000000000   -0.36363636363636    0.25000000000000             2
   -0.25000000000000   -0.36363636363636    0.25000000000000             2
   -0.12500000000000   -0.36363636363636    0.25000000000000             2
    0.00000000000000   -0.27272727272727    0.25000000000000             2
    0.12500000000000   -0.27272727272727    0.25000000000000             2
    0.25000000000000   -0.27272727272727    0.25000000000000             2
    0.37500000000000   -0.27272727272727    0.25000000000000             2
    0.50000000000000   -0.27272727272727    0.25000000000000             2
   -0.37500000000000   -0.27272727272727    0.25000000000000             2
   -0.25000000000000   -0.27272727272727    0.25000000000000             2
   -0.12500000000000   -0.27272727272727    0.25000000000000             2
    0.00000000000000   -0.18181818181818    0.25000000000000             2
    0.12500000000000   -0.18181818181818    0.25000000000000             2
    0.25000000000000   -0.18181818181818    0.25000000000000             2
    0.37500000000000   -0.18181818181818    0.25000000000000             2
    0.50000000000000   -0.18181818181818    0.25000000000000             2
   -0.37500000000000   -0.18181818181818    0.25000000000000             2
   -0.25000000000000   -0.18181818181818    0.25000000000000             2
   -0.12500000000000   -0.18181818181818    0.25000000000000             2
    0.00000000000000   -0.09090909090909    0.25000000000000             2
    0.12500000000000   -0.09090909090909    0.25000000000000             2
    0.25000000000000   -0.09090909090909    0.25000000000000             2
    0.37500000000000   -0.09090909090909    0.25000000000000             2
    0.50000000000000   -0.09090909090909    0.25000000000000             2
   -0.37500000000000   -0.09090909090909    0.25000000000000             2
   -0.25000000000000   -0.09090909090909    0.25000000000000             2
   -0.12500000000000   -0.09090909090909    0.25000000000000             2
    0.00000000000000    0.00000000000000    0.37500000000000             2
    0.12500000000000    0.00000000000000    0.37500000000000             2
    0.25000000000000    0.00000000000000    0.37500000000000             2
    0.37500000000000    0.00000000000000    0.37500000000000             2
    0.50000000000000    0.00000000000000    0.37500000000000             2
   -0.37500000000000    0.00000000000000    0.37500000000000             2
   -0.25000000000000    0.00000000000000    0.37500000000000             2
   -0.12500000000000    0.00000000000000    0.37500000000000             2
    0.00000000000000    0.09090909090909    0.37500000000000             2
    0.12500000000000    0.09090909090909    0.37500000000000             2
    0.25000000000000    0.09090909090909    0.37500000000000             2
    0.37500000000000    0.09090909090909    0.37500000000000             2
    0.50000000000000    0.09090909090909    0.37500000000000             2
   -0.37500000000000    0.09090909090909    0.37500000000000             2
   -0.25000000000000    0.09090909090909    0.37500000000000             2
   -0.12500000000000    0.09090909090909    0.37500000000000             2
    0.00000000000000    0.18181818181818    0.37500000000000             2
    0.12500000000000    0.18181818181818    0.37500000000000             2
    0.25000000000000    0.18181818181818    0.37500000000000             2
    0.37500000000000    0.18181818181818    0.37500000000000             2
    0.50000000000000    0.18181818181818    0.37500000000000             2
   -0.37500000000000    0.18181818181818    0.37500000000000             2
   -0.25000000000000    0.18181818181818    0.37500000000000             2
   -0.12500000000000    0.18181818181818    0.37500000000000             2
    0.00000000000000    0.27272727272727    0.37500000000000             2
    0.12500000000000    0.27272727272727    0.37500000000000             2
    0.25000000000000    0.27272727272727    0.37500000000000             2
    0.37500000000000    0.27272727272727    0.37500000000000             2
    0.50000000000000    0.27272727272727    0.37500000000000             2
   -0.37500000000000    0.27272727272727    0.37500000000000             2
   -0.25000000000000    0.27272727272727    0.37500000000000             2
   -0.12500000000000    0.27272727272727    0.37500000000000             2
    0.00000000000000    0.36363636363636    0.37500000000000             2
    0.12500000000000    0.36363636363636    0.37500000000000             2
    0.25000000000000    0.36363636363636    0.37500000000000             2
    0.37500000000000    0.36363636363636    0.37500000000000             2
    0.50000000000000    0.36363636363636    0.37500000000000             2
   -0.37500000000000    0.36363636363636    0.37500000000000             2
   -0.25000000000000    0.36363636363636    0.37500000000000             2
   -0.12500000000000    0.36363636363636    0.37500000000000             2
    0.00000000000000    0.45454545454546    0.37500000000000             2
    0.12500000000000    0.45454545454545    0.37500000000000             2
    0.25000000000000    0.45454545454545    0.37500000000000             2
    0.37500000000000    0.45454545454546    0.37500000000000             2
    0.50000000000000    0.45454545454546    0.37500000000000             2
   -0.37500000000000    0.45454545454546    0.37500000000000             2
   -0.25000000000000    0.45454545454546    0.37500000000000             2
   -0.12500000000000    0.45454545454546    0.37500000000000             2
    0.00000000000000   -0.45454545454545    0.37500000000000             2
    0.12500000000000   -0.45454545454545    0.37500000000000             2
    0.25000000000000   -0.45454545454545    0.37500000000000             2
    0.37500000000000   -0.45454545454545    0.37500000000000             2
    0.50000000000000   -0.45454545454545    0.37500000000000             2
   -0.37500000000000   -0.45454545454545    0.37500000000000             2
   -0.25000000000000   -0.45454545454545    0.37500000000000             2
   -0.12500000000000   -0.45454545454545    0.37500000000000             2
    0.00000000000000   -0.36363636363636    0.37500000000000             2
    0.12500000000000   -0.36363636363636    0.37500000000000             2
    0.25000000000000   -0.36363636363636    0.37500000000000             2
    0.37500000000000   -0.36363636363636    0.37500000000000             2
    0.50000000000000   -0.36363636363636    0.37500000000000             2
   -0.37500000000000   -0.36363636363636    0.37500000000000             2
   -0.25000000000000   -0.36363636363636    0.37500000000000             2
   -0.12500000000000   -0.36363636363636    0.37500000000000             2
    0.00000000000000   -0.27272727272727    0.37500000000000             2
    0.12500000000000   -0.27272727272727    0.37500000000000             2
    0.25000000000000   -0.27272727272727    0.37500000000000             2
    0.37500000000000   -0.27272727272727    0.37500000000000             2
    0.50000000000000   -0.27272727272727    0.37500000000000             2
   -0.37500000000000   -0.27272727272727    0.37500000000000             2
   -0.25000000000000   -0.27272727272727    0.37500000000000             2
   -0.12500000000000   -0.27272727272727    0.37500000000000             2
    0.00000000000000   -0.18181818181818    0.37500000000000             2
    0.12500000000000   -0.18181818181818    0.37500000000000             2
    0.25000000000000   -0.18181818181818    0.37500000000000             2
    0.37500000000000   -0.18181818181818    0.37500000000000             2
    0.50000000000000   -0.18181818181818    0.37500000000000             2
   -0.37500000000000   -0.18181818181818    0.37500000000000             2
   -0.25000000000000   -0.18181818181818    0.37500000000000             2
   -0.12500000000000   -0.18181818181818    0.37500000000000             2
    0.00000000000000   -0.09090909090909    0.37500000000000             2
    0.12500000000000   -0.09090909090909    0.37500000000000             2
    0.25000000000000   -0.09090909090909    0.37500000000000             2
    0.37500000000000   -0.09090909090909    0.37500000000000             2
    0.50000000000000   -0.09090909090909    0.37500000000000             2
   -0.37500000000000   -0.09090909090909    0.37500000000000             2
   -0.25000000000000   -0.09090909090909    0.37500000000000             2
   -0.12500000000000   -0.09090909090909    0.37500000000000             2
    0.00000000000000    0.00000000000000    0.50000000000000             1
    0.12500000000000    0.00000000000000    0.50000000000000             2
    0.25000000000000    0.00000000000000    0.50000000000000             2
    0.37500000000000    0.00000000000000    0.50000000000000             2
    0.50000000000000    0.00000000000000    0.50000000000000             1
    0.00000000000000    0.09090909090909    0.50000000000000             2
    0.12500000000000    0.09090909090909    0.50000000000000             2
    0.25000000000000    0.09090909090909    0.50000000000000             2
    0.37500000000000    0.09090909090909    0.50000000000000             2
    0.50000000000000    0.09090909090909    0.50000000000000             2
   -0.37500000000000    0.09090909090909    0.50000000000000             2
   -0.25000000000000    0.09090909090909    0.50000000000000             2
   -0.12500000000000    0.09090909090909    0.50000000000000             2
    0.00000000000000    0.18181818181818    0.50000000000000             2
    0.12500000000000    0.18181818181818    0.50000000000000             2
    0.25000000000000    0.18181818181818    0.50000000000000             2
    0.37500000000000    0.18181818181818    0.50000000000000             2
    0.50000000000000    0.18181818181818    0.50000000000000             2
   -0.37500000000000    0.18181818181818    0.50000000000000             2
   -0.25000000000000    0.18181818181818    0.50000000000000             2
   -0.12500000000000    0.18181818181818    0.50000000000000             2
    0.00000000000000    0.27272727272727    0.50000000000000             2
    0.12500000000000    0.27272727272727    0.50000000000000             2
    0.25000000000000    0.27272727272727    0.50000000000000             2
    0.37500000000000    0.27272727272727    0.50000000000000             2
    0.50000000000000    0.27272727272727    0.50000000000000             2
   -0.37500000000000    0.27272727272727    0.50000000000000             2
   -0.25000000000000    0.27272727272727    0.50000000000000             2
   -0.12500000000000    0.27272727272727    0.50000000000000             2
    0.00000000000000    0.36363636363636    0.50000000000000             2
    0.12500000000000    0.36363636363636    0.50000000000000             2
    0.25000000000000    0.36363636363636    0.50000000000000             2
    0.37500000000000    0.36363636363636    0.50000000000000             2
    0.50000000000000    0.36363636363636    0.50000000000000             2
   -0.37500000000000    0.36363636363636    0.50000000000000             2
   -0.25000000000000    0.36363636363636    0.50000000000000             2
   -0.12500000000000    0.36363636363636    0.50000000000000             2
    0.00000000000000    0.45454545454546    0.50000000000000             2
    0.12500000000000    0.45454545454546    0.50000000000000             2
    0.25000000000000    0.45454545454546    0.50000000000000             2
    0.37500000000000    0.45454545454545    0.50000000000000             2
    0.50000000000000    0.45454545454546    0.50000000000000             2
   -0.37500000000000    0.45454545454546    0.50000000000000             2
   -0.25000000000000    0.45454545454546    0.50000000000000             2
   -0.12500000000000    0.45454545454546    0.50000000000000             2
