Automatically generated mesh
      91
Reciprocal lattice
    0.00000000000000    0.00000000000000    0.00000000000000             1
    0.11111111111111    0.00000000000000    0.00000000000000             2
    0.22222222222222    0.00000000000000    0.00000000000000             2
    0.33333333333333    0.00000000000000    0.00000000000000             2
    0.44444444444445    0.00000000000000    0.00000000000000             2
    0.00000000000000    0.20000000000000    0.00000000000000             2
    0.11111111111111    0.20000000000000    0.00000000000000             2
    0.22222222222222    0.20000000000000    0.00000000000000             2
    0.33333333333333    0.20000000000000    0.00000000000000             2
    0.44444444444445    0.20000000000000    0.00000000000000             2
   -0.44444444444444    0.20000000000000    0.00000000000000             2
   -0.33333333333333    0.20000000000000    0.00000000000000             2
   -0.22222222222222    0.20000000000000    0.00000000000000             2
   -0.11111111111111    0.20000000000000    0.00000000000000             2
    0.00000000000000    0.40000000000000    0.00000000000000             2
    0.11111111111111    0.40000000000000    0.00000000000000             2
    0.22222222222222    0.40000000000000    0.00000000000000             2
    0.33333333333333    0.40000000000000    0.00000000000000             2
    0.44444444444445    0.40000000000000    0.00000000000000             2
   -0.44444444444444    0.40000000000000    0.00000000000000             2
   -0.33333333333333    0.40000000000000    0.00000000000000             2
   -0.22222222222222    0.40000000000000    0.00000000000000             2
   -0.11111111111111    0.40000000000000    0.00000000000000             2
    0.00000000000000    0.00000000000000    0.25000000000000             2
    0.11111111111111    0.00000000000000    0.25000000000000             2
    0.22222222222222    0.00000000000000    0.25000000000000             2
    0.33333333333333    0.00000000000000    0.25000000000000             2
    0.44444444444444    0.00000000000000    0.25000000000000             2
   -0.44444444444444    0.00000000000000    0.25000000000000             2
   -0.33333333333333    0.00000000000000    0.25000000000000             2
   -0.22222222222222    0.00000000000000    0.25000000000000             2
   -0.11111111111111    0.00000000000000    0.25000000000000             2
    0.00000000000000    0.20000000000000    0.25000000000000             2
    0.11111111111111    0.20000000000000    0.25000000000000             2
    0.22222222222222    0.20000000000000    0.25000000000000             2
    0.33333333333333    0.20000000000000    0.25000000000000             2
    0.44444444444445    0.20000000000000    0.25000000000000             2
   -0.44444444444444    0.20000000000000    0.25000000000000             2
   -0.33333333333333    0.20000000000000    0.25000000000000             2
   -0.22222222222222    0.20000000000000    0.25000000000000             2
   -0.11111111111111    0.20000000000000    0.25000000000000             2
    0.00000000000000    0.40000000000000    0.25000000000000             2
    0.11111111111111    0.40000000000000    0.25000000000000             2
    0.22222222222222    0.40000000000000    0.25000000000000             2
    0.33333333333333    0.40000000000000    0.25000000000000             2
    0.44444444444444    0.40000000000000    0.25000000000000             2
   -0.44444444444444    0.40000000000000    0.25000000000000             2
   -0.33333333333333    0.40000000000000    0.25000000000000             2
   -0.22222222222222    0.40000000000000    0.25000000000000             2
   -0.11111111111111    0.40000000000000    0.25000000000000             2
    0.00000000000000   -0.40000000000000    0.25000000000000             2
    0.11111111111111   -0.40000000000000    0.25000000000000             2
    0.22222222222222   -0.40000000000000    0.25000000000000             2
    0.33333333333333   -0.40000000000000    0.25000000000000             2
    0.44444444444445   -0.40000000000000    0.25000000000000             2
   -0.44444444444444   -0.40000000000000    0.25000000000000             2
   -0.33333333333333   -0.40000000000000    0.25000000000000             2
   -0.22222222222222   -0.40000000000000    0.25000000000000             2
   -0.11111111111111   -0.40000000000000    0.25000000000000             2
    0.00000000000000   -0.20000000000000    0.25000000000000             2
    0.11111111111111   -0.20000000000000    0.25000000000000             2
    0.22222222222222   -0.20000000000000    0.25000000000000             2
    0.33333333333333   -0.20000000000000    0.25000000000000             2
    0.44444444444445   -0.20000000000000    0.25000000000000             2
   -0.44444444444444   -0.20000000000000    0.25000000000000             2
   -0.33333333333333   -0.20000000000000    0.25000000000000             2
   -0.22222222222222   -0.20000000000000    0.25000000000000             2
   -0.11111111111111   -0.20000000000000    0.25000000000000             2
    0.00000000000000    0.00000000000000    0.50000000000000             1
    0.11111111111111    0.00000000000000    0.50000000000000             2
    0.22222222222222    0.00000000000000    0.50000000000000             2
    0.33333333333333    0.00000000000000    0.50000000000000             2
    0.44444444444444    0.00000000000000    0.50000000000000             2
    0.00000000000000    0.20000000000000    0.50000000000000             2
    0.11111111111111    0.20000000000000    0.50000000000000             2
    0.22222222222222    0.20000000000000    0.50000000000000             2
    0.33333333333333    0.20000000000000    0.50000000000000             2
    0.44444444444445    0.20000000000000    0.50000000000000             2
   -0.44444444444444    0.20000000000000    0.50000000000000             2
   -0.33333333333333    0.20000000000000    0.50000000000000             2
   -0.22222222222222    0.20000000000000    0.50000000000000             2
   -0.11111111111111    0.20000000000000    0.50000000000000             2
    0.00000000000000    0.40000000000000    0.50000000000000             2
    0.11111111111111    0.40000000000000    0.50000000000000             2
    0.22222222222222    0.40000000000000    0.50000000000000             2
    0.33333333333333    0.40000000000000    0.50000000000000             2
    0.44444444444444    0.40000000000000    0.50000000000000             2
   -0.44444444444444    0.40000000000000    0.50000000000000             2
   -0.33333333333333    0.40000000000000    0.50000000000000             2
   -0.22222222222222    0.40000000000000    0.50000000000000             2
   -0.11111111111111    0.40000000000000    0.50000000000000             2
Tetrahedra
       538    0.00092592592593
         2         1         6         7        34
         2         1         2         7        34
         2         1         2        25        34
         2         1         6        33        34
         2         1        24        33        34
         2         1        24        25        34
         2         2         7         8        35
         2         2         3         8        35
         2         2         3        26        35
         2         2         7        34        35
         2         2        25        34        35
         2         2        25        26        35
         2         3         8         9        36
         2         3         4         9        36
         2         3         4        27        36
         2         3         8        35        36
         2         3        26        35        36
         2         3        26        27        36
         2         4         9        10        37
         2         4         5        10        37
         2         4         5        28        37
         2         4         9        36        37
         2         4        27        36        37
         2         4        27        28        37
         2         5        10        11        38
         2         5         5        11        38
         2         5         5        29        38
         2         5        10        37        38
         2         5        28        37        38
         2         5        28        29        38
         2         5        11        12        39
         2         4         5        12        39
         2         4         5        30        39
         2         5        11        38        39
         2         5        29        38        39
         2         5        29        30        39
         2         4        12        13        40
         2         3         4        13        40
         2         3         4        31        40
         2         4        12        39        40
         2         4        30        39        40
         2         4        30        31        40
         2         3        13        14        41
         2         2         3        14        41
         2         2         3        32        41
         2         3        13        40        41
         2         3        31        40        41
         2         3        31        32        41
         2         2         6        14        33
         2         1         2         6        33
         2         1         2        24        33
         2         2        14        33        41
         2         2        32        33        41
         2         2        24        32        33
         2         6        15        16        43
         2         6         7        16        43
         2         6         7        34        43
         2         6        15        42        43
         2         6        33        42        43
         2         6        33        34        43
         2         7        16        17        44
         2         7         8        17        44
         2         7         8        35        44
         2         7        16        43        44
         2         7        34        43        44
         2         7        34        35        44
         2         8        17        18        45
         2         8         9        18        45
         2         8         9        36        45
         2         8        17        44        45
         2         8        35        44        45
         2         8        35        36        45
         2         9        18        19        46
         2         9        10        19        46
         2         9        10        37        46
         2         9        18        45        46
         2         9        36        45        46
         2         9        36        37        46
         2        10        19        20        47
         2        10        11        20        47
         2        10        11        38        47
         2        10        19        46        47
         2        10        37        46        47
         2        10        37        38        47
         2        11        20        21        48
         2        11        12        21        48
         2        11        12        39        48
         2        11        20        47        48
         2        11        38        47        48
         2        11        38        39        48
         2        12        21        22        49
         2        12        13        22        49
         2        12        13        40        49
         2        12        21        48        49
         2        12        39        48        49
         2        12        39        40        49
         2        13        22        23        50
         2        13        14        23        50
         2        13        14        41        50
         2        13        22        49        50
         2        13        40        49        50
         2        13        40        41        50
         2        14        15        23        42
         2         6        14        15        42
         2         6        14        33        42
         2        14        23        42        50
         2        14        41        42        50
         2        14        33        41        42
         2        15        15        23        52
         2        15        16        23        52
         2        15        16        43        52
         2        15        15        51        52
         2        15        42        51        52
         2        15        42        43        52
         2        16        22        23        53
         2        16        17        22        53
         2        16        17        44        53
         2        16        23        52        53
         2        16        43        52        53
         2        16        43        44        53
         2        17        21        22        54
         2        17        18        21        54
         2        17        18        45        54
         2        17        22        53        54
         2        17        44        53        54
         2        17        44        45        54
         2        18        20        21        55
         2        18        19        20        55
         2        18        19        46        55
         2        18        21        54        55
         2        18        45        54        55
         2        18        45        46        55
         4        19        19        20        56
         2        19        20        47        56
         2        19        20        55        56
         2        19        46        55        56
         2        19        46        47        56
         2        18        19        20        57
         2        18        20        21        57
         2        20        21        48        57
         2        19        20        56        57
         2        20        47        56        57
         2        20        47        48        57
         2        17        18        21        58
         2        17        21        22        58
         2        21        22        49        58
         2        18        21        57        58
         2        21        48        57        58
         2        21        48        49        58
         2        16        17        22        59
         2        16        22        23        59
         2        22        23        50        59
         2        17        22        58        59
         2        22        49        58        59
         2        22        49        50        59
         2        15        16        23        51
         2        15        15        23        51
         2        15        23        42        51
         2        16        23        51        59
         2        23        50        51        59
         2        23        42        50        51
         2         6        14        15        61
         2        14        15        23        61
         2        15        23        52        61
         2         6        15        60        61
         2        15        51        60        61
         2        15        51        52        61
         2        13        14        23        62
         2        13        22        23        62
         2        22        23        53        62
         2        14        23        61        62
         2        23        52        61        62
         2        23        52        53        62
         2        12        13        22        63
         2        12        21        22        63
         2        21        22        54        63
         2        13        22        62        63
         2        22        53        62        63
         2        22        53        54        63
         2        11        12        21        64
         2        11        20        21        64
         2        20        21        55        64
         2        12        21        63        64
         2        21        54        63        64
         2        21        54        55        64
         2        10        11        20        65
         2        10        19        20        65
         2        19        20        56        65
         2        11        20        64        65
         2        20        55        64        65
         2        20        55        56        65
         2         9        10        19        66
         2         9        18        19        66
         2        18        19        57        66
         2        10        19        65        66
         2        19        56        65        66
         2        19        56        57        66
         2         8         9        18        67
         2         8        17        18        67
         2        17        18        58        67
         2         9        18        66        67
         2        18        57        66        67
         2        18        57        58        67
         2         7         8        17        68
         2         7        16        17        68
         2        16        17        59        68
         2         8        17        67        68
         2        17        58        67        68
         2        17        58        59        68
         2         6         7        16        60
         2         6        15        16        60
         2        15        16        51        60
         2         7        16        60        68
         2        16        59        60        68
         2        16        51        59        60
         2         1         2         6        25
         2         2         6        14        25
         2         6        14        25        61
         2         1         6        24        25
         2         6        24        25        60
         2         6        25        60        61
         2         2         3        14        26
         2         3        13        14        26
         2        13        14        26        62
         2         2        14        25        26
         2        14        25        26        61
         2        14        26        61        62
         2         3         4        13        27
         2         4        12        13        27
         2        12        13        27        63
         2         3        13        26        27
         2        13        26        27        62
         2        13        27        62        63
         2         4         5        12        28
         2         5        11        12        28
         2        11        12        28        64
         2         4        12        27        28
         2        12        27        28        63
         2        12        28        63        64
         2         5         5        11        29
         2         5        10        11        29
         2        10        11        29        65
         2         5        11        28        29
         2        11        28        29        64
         2        11        29        64        65
         2         4         5        10        30
         2         4         9        10        30
         2         9        10        30        66
         2         5        10        29        30
         2        10        29        30        65
         2        10        30        65        66
         2         3         4         9        31
         2         3         8         9        31
         2         8         9        31        67
         2         4         9        30        31
         2         9        30        31        66
         2         9        31        66        67
         2         2         3         8        32
         2         2         7         8        32
         2         7         8        32        68
         2         3         8        31        32
         2         8        31        32        67
         2         8        32        67        68
         2         1         2         7        24
         2         1         6         7        24
         2         6         7        24        60
         2         2         7        24        32
         2         7        24        32        68
         2         7        24        60        68
         2        24        33        34        75
         2        24        25        34        75
         2        24        25        70        75
         2        24        33        74        75
         2        24        69        74        75
         2        24        69        70        75
         2        25        34        35        76
         2        25        26        35        76
         2        25        26        71        76
         2        25        34        75        76
         2        25        70        75        76
         2        25        70        71        76
         2        26        35        36        77
         2        26        27        36        77
         2        26        27        72        77
         2        26        35        76        77
         2        26        71        76        77
         2        26        71        72        77
         2        27        36        37        78
         2        27        28        37        78
         2        27        28        73        78
         2        27        36        77        78
         2        27        72        77        78
         2        27        72        73        78
         2        28        37        38        79
         2        28        29        38        79
         2        28        29        73        79
         2        28        37        78        79
         2        28        73        78        79
         2        28        73        73        79
         2        29        38        39        80
         2        29        30        39        80
         2        29        30        72        80
         2        29        38        79        80
         2        29        73        79        80
         2        29        72        73        80
         2        30        39        40        81
         2        30        31        40        81
         2        30        31        71        81
         2        30        39        80        81
         2        30        72        80        81
         2        30        71        72        81
         2        31        40        41        82
         2        31        32        41        82
         2        31        32        70        82
         2        31        40        81        82
         2        31        71        81        82
         2        31        70        71        82
         2        32        33        41        74
         2        24        32        33        74
         2        24        32        69        74
         2        32        41        74        82
         2        32        70        74        82
         2        32        69        70        74
         2        33        42        43        84
         2        33        34        43        84
         2        33        34        75        84
         2        33        42        83        84
         2        33        74        83        84
         2        33        74        75        84
         2        34        43        44        85
         2        34        35        44        85
         2        34        35        76        85
         2        34        43        84        85
         2        34        75        84        85
         2        34        75        76        85
         2        35        44        45        86
         2        35        36        45        86
         2        35        36        77        86
         2        35        44        85        86
         2        35        76        85        86
         2        35        76        77        86
         2        36        45        46        87
         2        36        37        46        87
         2        36        37        78        87
         2        36        45        86        87
         2        36        77        86        87
         2        36        77        78        87
         2        37        46        47        88
         2        37        38        47        88
         2        37        38        79        88
         2        37        46        87        88
         2        37        78        87        88
         2        37        78        79        88
         2        38        47        48        89
         2        38        39        48        89
         2        38        39        80        89
         2        38        47        88        89
         2        38        79        88        89
         2        38        79        80        89
         2        39        48        49        90
         2        39        40        49        90
         2        39        40        81        90
         2        39        48        89        90
         2        39        80        89        90
         2        39        80        81        90
         2        40        49        50        91
         2        40        41        50        91
         2        40        41        82        91
         2        40        49        90        91
         2        40        81        90        91
         2        40        81        82        91
         2        41        42        50        83
         2        33        41        42        83
         2        33        41        74        83
         2        41        50        83        91
         2        41        82        83        91
         2        41        74        82        83
         2        42        51        52        91
         2        42        43        52        91
         2        42        43        84        91
         2        42        51        83        91
         2        42        83        83        91
         2        42        83        84        91
         2        43        52        53        90
         2        43        44        53        90
         2        43        44        85        90
         2        43        52        90        91
         2        43        84        90        91
         2        43        84        85        90
         2        44        53        54        89
         2        44        45        54        89
         2        44        45        86        89
         2        44        53        89        90
         2        44        85        89        90
         2        44        85        86        89
         2        45        54        55        88
         2        45        46        55        88
         2        45        46        87        88
         2        45        54        88        89
         2        45        86        88        89
         2        45        86        87        88
         2        46        55        56        87
         2        46        47        56        87
         2        46        47        87        88
         2        46        55        87        88
         4        46        87        87        88
         2        47        56        57        86
         2        47        48        57        86
         2        47        48        86        89
         2        47        56        86        87
         2        47        86        87        88
         2        47        86        88        89
         2        48        57        58        85
         2        48        49        58        85
         2        48        49        85        90
         2        48        57        85        86
         2        48        85        86        89
         2        48        85        89        90
         2        49        58        59        84
         2        49        50        59        84
         2        49        50        84        91
         2        49        58        84        85
         2        49        84        85        90
         2        49        84        90        91
         2        50        51        59        83
         2        42        50        51        83
         2        42        50        83        83
         2        50        59        83        84
         2        50        83        84        91
         2        50        83        83        91
         2        51        60        61        82
         2        51        52        61        82
         2        51        52        82        91
         2        51        60        74        82
         2        51        74        82        83
         2        51        82        83        91
         2        52        61        62        81
         2        52        53        62        81
         2        52        53        81        90
         2        52        61        81        82
         2        52        81        82        91
         2        52        81        90        91
         2        53        62        63        80
         2        53        54        63        80
         2        53        54        80        89
         2        53        62        80        81
         2        53        80        81        90
         2        53        80        89        90
         2        54        63        64        79
         2        54        55        64        79
         2        54        55        79        88
         2        54        63        79        80
         2        54        79        80        89
         2        54        79        88        89
         2        55        64        65        78
         2        55        56        65        78
         2        55        56        78        87
         2        55        64        78        79
         2        55        78        79        88
         2        55        78        87        88
         2        56        65        66        77
         2        56        57        66        77
         2        56        57        77        86
         2        56        65        77        78
         2        56        77        78        87
         2        56        77        86        87
         2        57        66        67        76
         2        57        58        67        76
         2        57        58        76        85
         2        57        66        76        77
         2        57        76        77        86
         2        57        76        85        86
         2        58        67        68        75
         2        58        59        68        75
         2        58        59        75        84
         2        58        67        75        76
         2        58        75        76        85
         2        58        75        84        85
         2        59        60        68        74
         2        51        59        60        74
         2        51        59        74        83
         2        59        68        74        75
         2        59        74        75        84
         2        59        74        83        84
         2        24        25        60        70
         2        25        60        61        70
         2        60        61        70        82
         2        24        60        69        70
         2        60        69        70        74
         2        60        70        74        82
         2        25        26        61        71
         2        26        61        62        71
         2        61        62        71        81
         2        25        61        70        71
         2        61        70        71        82
         2        61        71        81        82
         2        26        27        62        72
         2        27        62        63        72
         2        62        63        72        80
         2        26        62        71        72
         2        62        71        72        81
         2        62        72        80        81
         2        27        28        63        73
         2        28        63        64        73
         2        63        64        73        79
         2        27        63        72        73
         2        63        72        73        80
         2        63        73        79        80
         2        28        29        64        73
         2        29        64        65        73
         2        64        65        73        78
         2        28        64        73        73
         2        64        73        73        79
         2        64        73        78        79
         2        29        30        65        72
         2        30        65        66        72
         2        65        66        72        77
         2        29        65        72        73
         2        65        72        73        78
         2        65        72        77        78
         2        30        31        66        71
         2        31        66        67        71
         2        66        67        71        76
         2        30        66        71        72
         2        66        71        72        77
         2        66        71        76        77
         2        31        32        67        70
         2        32        67        68        70
         2        67        68        70        75
         2        31        67        70        71
         2        67        70        71        76
         2        67        70        75        76
         2        24        32        68        69
         2        24        60        68        69
         2        60        68        69        74
         2        32        68        69        70
         2        68        69        70        75
         2        68        69        74        75
