Automatically generated mesh
     379
Reciprocal lattice
    0.00000000000000    0.00000000000000    0.00000000000000             1
    0.08333333333333    0.00000000000000    0.00000000000000             2
    0.16666666666667    0.00000000000000    0.00000000000000             2
    0.25000000000000    0.00000000000000    0.00000000000000             2
    0.33333333333333    0.00000000000000    0.00000000000000             2
    0.41666666666667    0.00000000000000    0.00000000000000             2
    0.50000000000000    0.00000000000000    0.00000000000000             1
    0.00000000000000    0.11111111111111    0.00000000000000             2
    0.08333333333333    0.11111111111111    0.00000000000000             2
    0.16666666666667    0.11111111111111    0.00000000000000             2
    0.25000000000000    0.11111111111111    0.00000000000000             2
    0.33333333333333    0.11111111111111    0.00000000000000             2
    0.41666666666667    0.11111111111111    0.00000000000000             2
    0.50000000000000    0.11111111111111    0.00000000000000             2
   -0.41666666666667    0.11111111111111    0.00000000000000             2
   -0.33333333333333    0.11111111111111    0.00000000000000             2
   -0.25000000000000    0.11111111111111    0.00000000000000             2
   -0.16666666666667    0.11111111111111    0.00000000000000             2
   -0.08333333333333    0.11111111111111    0.00000000000000             2
    0.00000000000000    0.22222222222222    0.00000000000000             2
    0.08333333333333    0.22222222222222    0.00000000000000             2
    0.16666666666667    0.22222222222222    0.00000000000000             2
    0.25000000000000    0.22222222222222    0.00000000000000             2
    0.33333333333333    0.22222222222222    0.00000000000000             2
    0.41666666666667    0.22222222222222    0.00000000000000             2
    0.50000000000000    0.22222222222222    0.00000000000000             2
   -0.41666666666667    0.22222222222222    0.00000000000000             2
   -0.33333333333333    0.22222222222222    0.00000000000000             2
   -0.25000000000000    0.22222222222222    0.00000000000000             2
   -0.16666666666667    0.22222222222222    0.00000000000000             2
   -0.08333333333333    0.22222222222222    0.00000000000000             2
    0.00000000000000    0.33333333333333    0.00000000000000             2
    0.08333333333333    0.33333333333333    0.00000000000000             2
    0.16666666666667    0.33333333333333    0.00000000000000             2
    0.25000000000000    0.33333333333333    0.00000000000000             2
    0.33333333333333    0.33333333333333    0.00000000000000             2
    0.41666666666667    0.33333333333333    0.00000000000000             2
    0.50000000000000    0.33333333333333    0.00000000000000             2
   -0.41666666666667    0.33333333333333    0.00000000000000             2
   -0.33333333333333    0.33333333333333    0.00000000000000             2
   -0.25000000000000    0.33333333333333    0.00000000000000             2
   -0.16666666666667    0.33333333333333    0.00000000000000             2
   -0.08333333333333    0.33333333333333    0.00000000000000             2
    0.00000000000000    0.44444444444445    0.00000000000000             2
    0.08333333333333    0.44444444444445    0.00000000000000             2
    0.16666666666667    0.44444444444445    0.00000000000000             2
    0.25000000000000    0.44444444444445    0.00000000000000             2
    0.33333333333333    0.44444444444445    0.00000000000000             2
    0.41666666666667    0.44444444444445    0.00000000000000             2
    0.50000000000000    0.44444444444445    0.00000000000000             2
   -0.41666666666667    0.44444444444445    0.00000000000000             2
   -0.33333333333333    0.44444444444444    0.00000000000000             2
   -0.25000000000000    0.44444444444445    0.00000000000000             2
   -0.16666666666667    0.44444444444445    0.00000000000000             2
   -0.08333333333333    0.44444444444444    0.00000000000000             2
    0.00000000000000    0.00000000000000    0.14285714285714             2
    0.08333333333333    0.00000000000000    0.14285714285714             2
    0.16666666666667    0.00000000000000    0.14285714285714             2
    0.25000000000000    0.00000000000000    0.14285714285714             2
    0.33333333333333    0.00000000000000    0.14285714285714             2
    0.41666666666667    0.00000000000000    0.14285714285714             2
    0.50000000000000    0.00000000000000    0.14285714285714             2
   -0.41666666666667    0.00000000000000    0.14285714285714             2
   -0.33333333333333    0.00000000000000    0.14285714285714             2
   -0.25000000000000    0.00000000000000    0.14285714285714             2
   -0.16666666666667    0.00000000000000    0.14285714285714             2
   -0.08333333333333    0.00000000000000    0.14285714285714             2
    0.00000000000000    0.11111111111111    0.14285714285714             2
    0.08333333333333    0.11111111111111    0.14285714285714             2
    0.16666666666667    0.11111111111111    0.14285714285714             2
    0.25000000000000    0.11111111111111    0.14285714285714             2
    0.33333333333333    0.11111111111111    0.14285714285714             2
    0.41666666666667    0.11111111111111    0.14285714285714             2
    0.50000000000000    0.11111111111111    0.14285714285714             2
   -0.41666666666667    0.11111111111111    0.14285714285714             2
   -0.33333333333333    0.11111111111111    0.14285714285714             2
   -0.25000000000000    0.11111111111111    0.14285714285714             2
   -0.16666666666667    0.11111111111111    0.14285714285714             2
   -0.08333333333333    0.11111111111111    0.14285714285714             2
    0.00000000000000    0.22222222222222    0.14285714285714             2
    0.08333333333333    0.22222222222222    0.14285714285714             2
    0.16666666666667    0.22222222222222    0.14285714285714             2
    0.25000000000000    0.22222222222222    0.14285714285714             2
    0.33333333333333    0.22222222222222    0.14285714285714             2
    0.41666666666667    0.22222222222222    0.14285714285714             2
    0.50000000000000    0.22222222222222    0.14285714285714             2
   -0.41666666666667    0.22222222222222    0.14285714285714             2
   -0.33333333333333    0.22222222222222    0.14285714285714             2
   -0.25000000000000    0.22222222222222    0.14285714285714             2
   -0.16666666666667    0.22222222222222    0.14285714285714             2
   -0.08333333333333    0.22222222222222    0.14285714285714             2
    0.00000000000000    0.33333333333333    0.14285714285714             2
    0.08333333333333    0.33333333333333    0.14285714285714             2
    0.16666666666667    0.33333333333333    0.14285714285714             2
    0.25000000000000    0.33333333333333    0.14285714285714             2
    0.33333333333333    0.33333333333333    0.14285714285714             2
    0.41666666666667    0.33333333333333    0.14285714285714             2
    0.50000000000000    0.33333333333333    0.14285714285714             2
   -0.41666666666667    0.33333333333333    0.14285714285714             2
   -0.33333333333333    0.33333333333333    0.14285714285714             2
   -0.25000000000000    0.33333333333333    0.14285714285714             2
   -0.16666666666667    0.33333333333333    0.14285714285714             2
   -0.08333333333333    0.33333333333333    0.14285714285714             2
    0.00000000000000    0.44444444444444    0.14285714285714             2
    0.08333333333333    0.44444444444445    0.14285714285714             2
    0.16666666666667    0.44444444444445    0.14285714285714             2
    0.25000000000000    0.44444444444444    0.14285714285714             2
    0.33333333333333    0.44444444444445    0.14285714285714             2
    0.41666666666667    0.44444444444444    0.14285714285714             2
    0.50000000000000    0.44444444444445    0.14285714285714             2
   -0.41666666666667    0.44444444444445    0.14285714285714             2
   -0.33333333333333    0.44444444444444    0.14285714285714             2
   -0.25000000000000    0.44444444444444    0.14285714285714             2
   -0.16666666666667    0.44444444444445    0.14285714285714             2
   -0.08333333333333    0.44444444444444    0.14285714285714             2
    0.00000000000000   -0.44444444444444    0.14285714285714             2
    0.08333333333333   -0.44444444444444    0.14285714285714             2
    0.16666666666667   -0.44444444444444    0.14285714285714             2
    0.25000000000000   -0.44444444444444    0.14285714285714             2
    0.33333333333333   -0.44444444444444    0.14285714285714             2
    0.41666666666667   -0.44444444444444    0.14285714285714             2
    0.50000000000000   -0.44444444444444    0.14285714285714             2
   -0.41666666666667   -0.44444444444444    0.14285714285714             2
   -0.33333333333333   -0.44444444444444    0.14285714285714             2
   -0.25000000000000   -0.44444444444444    0.14285714285714             2
   -0.16666666666667   -0.44444444444444    0.14285714285714             2
   -0.08333333333333   -0.44444444444444    0.14285714285714             2
    0.00000000000000   -0.33333333333333    0.14285714285714             2
    0.08333333333333   -0.33333333333333    0.14285714285714             2
    0.16666666666667   -0.33333333333333    0.14285714285714             2
    0.25000000000000   -0.33333333333333    0.14285714285714             2
    0.33333333333333   -0.33333333333333    0.14285714285714             2
    0.41666666666667   -0.33333333333333    0.14285714285714             2
    0.50000000000000   -0.33333333333333    0.14285714285714             2
   -0.41666666666667   -0.33333333333333    0.14285714285714             2
   -0.33333333333333   -0.33333333333333    0.14285714285714             2
   -0.25000000000000   -0.33333333333333    0.14285714285714             2
   -0.16666666666667   -0.33333333333333    0.14285714285714             2
   -0.08333333333333   -0.33333333333333    0.14285714285714             2
    0.00000000000000   -0.22222222222222    0.14285714285714             2
    0.08333333333333   -0.22222222222222    0.14285714285714             2
    0.16666666666667   -0.22222222222222    0.14285714285714             2
    0.25000000000000   -0.22222222222222    0.14285714285714             2
    0.33333333333333   -0.22222222222222    0.14285714285714             2
    0.41666666666667   -0.22222222222222    0.14285714285714             2
    0.50000000000000   -0.22222222222222    0.14285714285714             2
   -0.41666666666667   -0.22222222222222    0.14285714285714             2
   -0.33333333333333   -0.22222222222222    0.14285714285714             2
   -0.25000000000000   -0.22222222222222    0.14285714285714             2
   -0.16666666666667   -0.22222222222222    0.14285714285714             2
   -0.08333333333333   -0.22222222222222    0.14285714285714             2
    0.00000000000000   -0.11111111111111    0.14285714285714             2
    0.08333333333333   -0.11111111111111    0.14285714285714             2
    0.16666666666667   -0.11111111111111    0.14285714285714             2
    0.25000000000000   -0.11111111111111    0.14285714285714             2
    0.33333333333333   -0.11111111111111    0.14285714285714             2
    0.41666666666667   -0.11111111111111    0.14285714285714             2
    0.50000000000000   -0.11111111111111    0.14285714285714             2
   -0.41666666666667   -0.11111111111111    0.14285714285714             2
   -0.33333333333333   -0.11111111111111    0.14285714285714             2
   -0.25000000000000   -0.11111111111111    0.14285714285714             2
   -0.16666666666667   -0.11111111111111    0.14285714285714             2
   -0.08333333333333   -0.11111111111111    0.14285714285714             2
    0.00000000000000    0.00000000000000    0.28571428571429             2
    0.08333333333333    0.00000000000000    0.28571428571429             2
    0.16666666666667    0.00000000000000    0.28571428571429             2
    0.25000000000000    0.00000000000000    0.28571428571429             2
    0.33333333333333    0.00000000000000    0.28571428571429             2
    0.41666666666667    0.00000000000000    0.28571428571429             2
    0.50000000000000    0.00000000000000    0.28571428571429             2
   -0.41666666666667    0.00000000000000    0.28571428571429             2
   -0.33333333333333    0.00000000000000    0.28571428571429             2
   -0.25000000000000    0.00000000000000    0.28571428571429             2
   -0.16666666666667    0.00000000000000    0.28571428571429             2
   -0.08333333333333    0.00000000000000    0.28571428571429             2
    0.00000000000000    0.11111111111111    0.28571428571429             2
    0.08333333333333    0.11111111111111    0.28571428571429             2
    0.16666666666667    0.11111111111111    0.28571428571429             2
    0.25000000000000    0.11111111111111    0.28571428571429             2
    0.33333333333333    0.11111111111111    0.28571428571429             2
    0.41666666666667    0.11111111111111    0.28571428571429             2
    0.50000000000000    0.11111111111111    0.28571428571429             2
   -0.41666666666667    0.11111111111111    0.28571428571429             2
   -0.33333333333333    0.11111111111111    0.28571428571429             2
   -0.25000000000000    0.11111111111111    0.28571428571429             2
   -0.16666666666667    0.11111111111111    0.28571428571429             2
   -0.08333333333333    0.11111111111111    0.28571428571429             2
    0.00000000000000    0.22222222222222    0.28571428571429             2
    0.08333333333333    0.22222222222222    0.28571428571429             2
    0.16666666666667    0.22222222222222    0.28571428571429             2
    0.25000000000000    0.22222222222222    0.28571428571429             2
    0.33333333333333    0.22222222222222    0.28571428571429             2
    0.41666666666667    0.22222222222222    0.28571428571429             2
    0.50000000000000    0.22222222222222    0.28571428571429             2
   -0.41666666666667    0.22222222222222    0.28571428571429             2
   -0.33333333333333    0.22222222222222    0.28571428571429             2
   -0.25000000000000    0.22222222222222    0.28571428571429             2
   -0.16666666666667    0.22222222222222    0.28571428571429             2
   -0.08333333333333    0.22222222222222    0.28571428571429             2
    0.00000000000000    0.33333333333333    0.28571428571429             2
    0.08333333333333    0.33333333333333    0.28571428571429             2
    0.16666666666667    0.33333333333333    0.28571428571429             2
    0.25000000000000    0.33333333333333    0.28571428571429             2
    0.33333333333333    0.33333333333333    0.28571428571429             2
    0.41666666666667    0.33333333333333    0.28571428571429             2
    0.50000000000000    0.33333333333333    0.28571428571429             2
   -0.41666666666667    0.33333333333333    0.28571428571429             2
   -0.33333333333333    0.33333333333333    0.28571428571429             2
   -0.25000000000000    0.33333333333333    0.28571428571429             2
   -0.16666666666667    0.33333333333333    0.28571428571429             2
   -0.08333333333333    0.33333333333333    0.28571428571429             2
    0.00000000000000    0.44444444444445    0.28571428571429             2
    0.08333333333333    0.44444444444445    0.28571428571429             2
    0.16666666666667    0.44444444444444    0.28571428571429             2
    0.25000000000000    0.44444444444445    0.28571428571429             2
    0.33333333333333    0.44444444444445    0.28571428571429             2
    0.41666666666667    0.44444444444445    0.28571428571429             2
    0.50000000000000    0.44444444444445    0.28571428571429             2
   -0.41666666666667    0.44444444444445    0.28571428571429             2
   -0.33333333333333    0.44444444444444    0.28571428571429             2
   -0.25000000000000    0.44444444444445    0.28571428571429             2
   -0.16666666666667    0.44444444444445    0.28571428571429             2
   -0.08333333333333    0.44444444444445    0.28571428571429             2
    0.00000000000000   -0.44444444444444    0.28571428571429             2
    0.08333333333333   -0.44444444444444    0.28571428571429             2
    0.16666666666667   -0.44444444444444    0.28571428571429             2
    0.25000000000000   -0.44444444444444    0.28571428571429             2
    0.33333333333333   -0.44444444444444    0.28571428571429             2
    0.41666666666667   -0.44444444444444    0.28571428571429             2
    0.50000000000000   -0.44444444444444    0.28571428571429             2
   -0.41666666666667   -0.44444444444444    0.28571428571429             2
   -0.33333333333333   -0.44444444444444    0.28571428571429             2
   -0.25000000000000   -0.44444444444444    0.28571428571429             2
   -0.16666666666667   -0.44444444444444    0.28571428571429             2
   -0.08333333333333   -0.44444444444444    0.28571428571429             2
    0.00000000000000   -0.33333333333333    0.28571428571429             2
    0.08333333333333   -0.33333333333333    0.28571428571429             2
    0.16666666666667   -0.33333333333333    0.28571428571429             2
    0.25000000000000   -0.33333333333333    0.28571428571429             2
    0.33333333333333   -0.33333333333333    0.28571428571429             2
    0.41666666666667   -0.33333333333333    0.28571428571429             2
    0.50000000000000   -0.33333333333333    0.28571428571429             2
   -0.41666666666667   -0.33333333333333    0.28571428571429             2
   -0.33333333333333   -0.33333333333333    0.28571428571429             2
   -0.25000000000000   -0.33333333333333    0.28571428571429             2
   -0.16666666666667   -0.33333333333333    0.28571428571429             2
   -0.08333333333333   -0.33333333333333    0.28571428571429             2
    0.00000000000000   -0.22222222222222    0.28571428571429             2
    0.08333333333333   -0.22222222222222    0.28571428571429             2
    0.16666666666667   -0.22222222222222    0.28571428571429             2
    0.25000000000000   -0.22222222222222    0.28571428571429             2
    0.33333333333333   -0.22222222222222    0.28571428571429             2
    0.41666666666667   -0.22222222222222    0.28571428571429             2
    0.50000000000000   -0.22222222222222    0.28571428571429             2
   -0.41666666666667   -0.22222222222222    0.28571428571429             2
   -0.33333333333333   -0.22222222222222    0.28571428571429             2
   -0.25000000000000   -0.22222222222222    0.28571428571429             2
   -0.16666666666667   -0.22222222222222    0.28571428571429             2
   -0.08333333333333   -0.22222222222222    0.28571428571429             2
    0.00000000000000   -0.11111111111111    0.28571428571429             2
    0.08333333333333   -0.11111111111111    0.28571428571429             2
    0.16666666666667   -0.11111111111111    0.28571428571429             2
    0.25000000000000   -0.11111111111111    0.28571428571429             2
    0.33333333333333   -0.11111111111111    0.28571428571429             2
    0.41666666666667   -0.11111111111111    0.28571428571429             2
    0.50000000000000   -0.11111111111111    0.28571428571429             2
   -0.41666666666667   -0.11111111111111    0.28571428571429             2
   -0.33333333333333   -0.11111111111111    0.28571428571429             2
   -0.25000000000000   -0.11111111111111    0.28571428571429             2
   -0.16666666666667   -0.11111111111111    0.28571428571429             2
   -0.08333333333333   -0.11111111111111    0.28571428571429             2
    0.00000000000000    0.00000000000000    0.42857142857143             2
    0.08333333333333    0.00000000000000    0.42857142857143             2
    0.16666666666667    0.00000000000000    0.42857142857143             2
    0.25000000000000    0.00000000000000    0.42857142857143             2
    0.33333333333333    0.00000000000000    0.42857142857143             2
    0.41666666666667    0.00000000000000    0.42857142857143             2
    0.50000000000000    0.00000000000000    0.42857142857143             2
   -0.41666666666667    0.00000000000000    0.42857142857143             2
   -0.33333333333333    0.00000000000000    0.42857142857143             2
   -0.25000000000000    0.00000000000000    0.42857142857143             2
   -0.16666666666667    0.00000000000000    0.42857142857143             2
   -0.08333333333333    0.00000000000000    0.42857142857143             2
    0.00000000000000    0.11111111111111    0.42857142857143             2
    0.08333333333333    0.11111111111111    0.42857142857143             2
    0.16666666666667    0.11111111111111    0.42857142857143             2
    0.25000000000000    0.11111111111111    0.42857142857143             2
    0.33333333333333    0.11111111111111    0.42857142857143             2
    0.41666666666667    0.11111111111111    0.42857142857143             2
    0.50000000000000    0.11111111111111    0.42857142857143             2
   -0.41666666666667    0.11111111111111    0.42857142857143             2
   -0.33333333333333    0.11111111111111    0.42857142857143             2
   -0.25000000000000    0.11111111111111    0.42857142857143             2
   -0.16666666666667    0.11111111111111    0.42857142857143             2
   -0.08333333333333    0.11111111111111    0.42857142857143             2
    0.00000000000000    0.22222222222222    0.42857142857143             2
    0.08333333333333    0.22222222222222    0.42857142857143             2
    0.16666666666667    0.22222222222222    0.42857142857143             2
    0.25000000000000    0.22222222222222    0.42857142857143             2
    0.33333333333333    0.22222222222222    0.42857142857143             2
    0.41666666666667    0.22222222222222    0.42857142857143             2
    0.50000000000000    0.22222222222222    0.42857142857143             2
   -0.41666666666667    0.22222222222222    0.42857142857143             2
   -0.33333333333333    0.22222222222222    0.42857142857143             2
   -0.25000000000000    0.22222222222222    0.42857142857143             2
   -0.16666666666667    0.22222222222222    0.42857142857143             2
   -0.08333333333333    0.22222222222222    0.42857142857143             2
    0.00000000000000    0.33333333333333    0.42857142857143             2
    0.08333333333333    0.33333333333333    0.42857142857143             2
    0.16666666666667    0.33333333333333    0.42857142857143             2
    0.25000000000000    0.33333333333333    0.42857142857143             2
    0.33333333333333    0.33333333333333    0.42857142857143             2
    0.41666666666667    0.33333333333333    0.42857142857143             2
    0.50000000000000    0.33333333333333    0.42857142857143             2
   -0.41666666666667    0.33333333333333    0.42857142857143             2
   -0.33333333333333    0.33333333333333    0.42857142857143             2
   -0.25000000000000    0.33333333333333    0.42857142857143             2
   -0.16666666666667    0.33333333333333    0.42857142857143             2
   -0.08333333333333    0.33333333333333    0.42857142857143             2
    0.00000000000000    0.44444444444445    0.42857142857143             2
    0.08333333333333    0.44444444444445    0.42857142857143             2
    0.16666666666667    0.44444444444445    0.42857142857143             2
    0.25000000000000    0.44444444444444    0.42857142857143             2
    0.33333333333333    0.44444444444445    0.42857142857143             2
    0.41666666666667    0.44444444444444    0.42857142857143             2
    0.50000000000000    0.44444444444445    0.42857142857143             2
   -0.41666666666667    0.44444444444444    0.42857142857143             2
   -0.33333333333333    0.44444444444444    0.42857142857143             2
   -0.25000000000000    0.44444444444445    0.42857142857143             2
   -0.16666666666667    0.44444444444445    0.42857142857143             2
   -0.08333333333333    0.44444444444445    0.42857142857143             2
    0.00000000000000   -0.44444444444444    0.42857142857143             2
    0.08333333333333   -0.44444444444444    0.42857142857143             2
    0.16666666666667   -0.44444444444444    0.42857142857143             2
    0.25000000000000   -0.44444444444444    0.42857142857143             2
    0.33333333333333   -0.44444444444444    0.42857142857143             2
    0.41666666666667   -0.44444444444444    0.42857142857143             2
    0.50000000000000   -0.44444444444444    0.42857142857143             2
   -0.41666666666667   -0.44444444444444    0.42857142857143             2
   -0.33333333333333   -0.44444444444444    0.42857142857143             2
   -0.25000000000000   -0.44444444444444    0.42857142857143             2
   -0.16666666666667   -0.44444444444444    0.42857142857143             2
   -0.08333333333333   -0.44444444444444    0.42857142857143             2
    0.00000000000000   -0.33333333333333    0.42857142857143             2
    0.08333333333333   -0.33333333333333    0.42857142857143             2
    0.16666666666667   -0.33333333333333    0.42857142857143             2
    0.25000000000000   -0.33333333333333    0.42857142857143             2
    0.33333333333333   -0.33333333333333    0.42857142857143             2
    0.41666666666667   -0.33333333333333    0.42857142857143             2
    0.50000000000000   -0.33333333333333    0.42857142857143             2
   -0.41666666666667   -0.33333333333333    0.42857142857143             2
   -0.33333333333333   -0.33333333333333    0.42857142857143             2
   -0.25000000000000   -0.33333333333333    0.42857142857143             2
   -0.16666666666667   -0.33333333333333    0.42857142857143             2
   -0.08333333333333   -0.33333333333333    0.42857142857143             2
    0.00000000000000   -0.22222222222222    0.42857142857143             2
    0.08333333333333   -0.22222222222222    0.42857142857143             2
    0.16666666666667   -0.22222222222222    0.42857142857143             2
    0.25000000000000   -0.22222222222222    0.42857142857143             2
    0.33333333333333   -0.22222222222222    0.42857142857143             2
    0.41666666666667   -0.22222222222222    0.42857142857143             2
    0.50000000000000   -0.22222222222222    0.42857142857143             2
   -0.41666666666667   -0.22222222222222    0.42857142857143             2
   -0.33333333333333   -0.22222222222222    0.42857142857143             2
   -0.25000000000000   -0.22222222222222    0.42857142857143             2
   -0.16666666666667   -0.22222222222222    0.42857142857143             2
   -0.08333333333333   -0.22222222222222    0.42857142857143             2
    0.00000000000000   -0.11111111111111    0.42857142857143             2
    0.08333333333333   -0.11111111111111    0.42857142857143             2
    0.16666666666667   -0.11111111111111    0.42857142857143             2
    0.25000000000000   -0.11111111111111    0.42857142857143             2
    0.33333333333333   -0.11111111111111    0.42857142857143             2
    0.41666666666667   -0.11111111111111    0.42857142857143             2
    0.50000000000000   -0.11111111111111    0.42857142857143             2
   -0.41666666666667   -0.11111111111111    0.42857142857143             2
   -0.33333333333333   -0.11111111111111    0.42857142857143             2
   -0.25000000000000   -0.11111111111111    0.42857142857143             2
   -0.16666666666667   -0.11111111111111    0.42857142857143             2
   -0.08333333333333   -0.11111111111111    0.42857142857143             2
