Automatically generated mesh
      68
Reciprocal lattice
    0.00000000000000    0.00000000000000    0.00000000000000             1
    0.11111111111111    0.00000000000000    0.00000000000000             2
    0.22222222222222    0.00000000000000    0.00000000000000             2
    0.33333333333333    0.00000000000000    0.00000000000000             2
    0.44444444444445    0.00000000000000    0.00000000000000             2
    0.00000000000000    0.20000000000000    0.00000000000000             2
    0.11111111111111    0.20000000000000    0.00000000000000             2
    0.22222222222222    0.20000000000000    0.00000000000000             2
    0.33333333333333    0.20000000000000    0.00000000000000             2
    0.44444444444444    0.20000000000000    0.00000000000000             2
   -0.44444444444444    0.20000000000000    0.00000000000000             2
   -0.33333333333333    0.20000000000000    0.00000000000000             2
   -0.22222222222222    0.20000000000000    0.00000000000000             2
   -0.11111111111111    0.20000000000000    0.00000000000000             2
    0.00000000000000    0.40000000000000    0.00000000000000             2
    0.11111111111111    0.40000000000000    0.00000000000000             2
    0.22222222222222    0.40000000000000    0.00000000000000             2
    0.33333333333333    0.40000000000000    0.00000000000000             2
    0.44444444444444    0.40000000000000    0.00000000000000             2
   -0.44444444444444    0.40000000000000    0.00000000000000             2
   -0.33333333333333    0.40000000000000    0.00000000000000             2
   -0.22222222222222    0.40000000000000    0.00000000000000             2
   -0.11111111111111    0.40000000000000    0.00000000000000             2
    0.00000000000000    0.00000000000000    0.33333333333333             2
    0.11111111111111    0.00000000000000    0.33333333333333             2
    0.22222222222222    0.00000000000000    0.33333333333333             2
    0.33333333333333    0.00000000000000    0.33333333333333             2
    0.44444444444444    0.00000000000000    0.33333333333333             2
   -0.44444444444444    0.00000000000000    0.33333333333333             2
   -0.33333333333333    0.00000000000000    0.33333333333333             2
   -0.22222222222222    0.00000000000000    0.33333333333333             2
   -0.11111111111111    0.00000000000000    0.33333333333333             2
    0.00000000000000    0.20000000000000    0.33333333333333             2
    0.11111111111111    0.20000000000000    0.33333333333333             2
    0.22222222222222    0.20000000000000    0.33333333333333             2
    0.33333333333333    0.20000000000000    0.33333333333333             2
    0.44444444444445    0.20000000000000    0.33333333333333             2
   -0.44444444444444    0.20000000000000    0.33333333333333             2
   -0.33333333333333    0.20000000000000    0.33333333333333             2
   -0.22222222222222    0.20000000000000    0.33333333333333             2
   -0.11111111111111    0.20000000000000    0.33333333333333             2
    0.00000000000000    0.40000000000000    0.33333333333333             2
    0.11111111111111    0.40000000000000    0.33333333333333             2
    0.22222222222222    0.40000000000000    0.33333333333333             2
    0.33333333333333    0.40000000000000    0.33333333333333             2
    0.44444444444444    0.40000000000000    0.33333333333333             2
   -0.44444444444444    0.40000000000000    0.33333333333333             2
   -0.33333333333333    0.40000000000000    0.33333333333333             2
   -0.22222222222222    0.40000000000000    0.33333333333333             2
   -0.11111111111111    0.40000000000000    0.33333333333333             2
    0.00000000000000   -0.40000000000000    0.33333333333333             2
    0.11111111111111   -0.40000000000000    0.33333333333333             2
    0.22222222222222   -0.40000000000000    0.33333333333333             2
    0.33333333333333   -0.40000000000000    0.33333333333333             2
    0.44444444444444   -0.40000000000000    0.33333333333333             2
   -0.44444444444444   -0.40000000000000    0.33333333333333             2
   -0.33333333333333   -0.40000000000000    0.33333333333333             2
   -0.22222222222222   -0.40000000000000    0.33333333333333             2
   -0.11111111111111   -0.40000000000000    0.33333333333333             2
    0.00000000000000   -0.20000000000000    0.33333333333333             2
    0.11111111111111   -0.20000000000000    0.33333333333333             2
    0.22222222222222   -0.20000000000000    0.33333333333333             2
    0.33333333333333   -0.20000000000000    0.33333333333333             2
    0.44444444444444   -0.20000000000000    0.33333333333333             2
   -0.44444444444444   -0.20000000000000    0.33333333333333             2
   -0.33333333333333   -0.20000000000000    0.33333333333333             2
   -0.22222222222222   -0.20000000000000    0.33333333333333             2
   -0.11111111111111   -0.20000000000000    0.33333333333333             2
Tetrahedra
       402    0.00123456790123
         2         1         2         7        24
         2         1         6         7        24
         2         6         7        24        33
         2         2         7        24        25
         2         7        24        25        34
         2         7        24        33        34
         2         2         3         8        25
         2         2         7         8        25
         2         7         8        25        34
         2         3         8        25        26
         2         8        25        26        35
         2         8        25        34        35
         2         3         4         9        26
         2         3         8         9        26
         2         8         9        26        35
         2         4         9        26        27
         2         9        26        27        36
         2         9        26        35        36
         2         4         5        10        27
         2         4         9        10        27
         2         9        10        27        36
         2         5        10        27        28
         2        10        27        28        37
         2        10        27        36        37
         2         5         5        11        28
         2         5        10        11        28
         2        10        11        28        37
         2         5        11        28        29
         2        11        28        29        38
         2        11        28        37        38
         2         4         5        12        29
         2         5        11        12        29
         2        11        12        29        38
         2         4        12        29        30
         2        12        29        30        39
         2        12        29        38        39
         2         3         4        13        30
         2         4        12        13        30
         2        12        13        30        39
         2         3        13        30        31
         2        13        30        31        40
         2        13        30        39        40
         2         2         3        14        31
         2         3        13        14        31
         2        13        14        31        40
         2         2        14        31        32
         2        14        31        32        41
         2        14        31        40        41
         2         1         2         6        32
         2         2         6        14        32
         2         6        14        32        41
         2         1         6        24        32
         2         6        24        32        33
         2         6        32        33        41
         2         6         7        16        33
         2         6        15        16        33
         2        15        16        33        42
         2         7        16        33        34
         2        16        33        34        43
         2        16        33        42        43
         2         7         8        17        34
         2         7        16        17        34
         2        16        17        34        43
         2         8        17        34        35
         2        17        34        35        44
         2        17        34        43        44
         2         8         9        18        35
         2         8        17        18        35
         2        17        18        35        44
         2         9        18        35        36
         2        18        35        36        45
         2        18        35        44        45
         2         9        10        19        36
         2         9        18        19        36
         2        18        19        36        45
         2        10        19        36        37
         2        19        36        37        46
         2        19        36        45        46
         2        10        11        20        37
         2        10        19        20        37
         2        19        20        37        46
         2        11        20        37        38
         2        20        37        38        47
         2        20        37        46        47
         2        11        12        21        38
         2        11        20        21        38
         2        20        21        38        47
         2        12        21        38        39
         2        21        38        39        48
         2        21        38        47        48
         2        12        13        22        39
         2        12        21        22        39
         2        21        22        39        48
         2        13        22        39        40
         2        22        39        40        49
         2        22        39        48        49
         2        13        14        23        40
         2        13        22        23        40
         2        22        23        40        49
         2        14        23        40        41
         2        23        40        41        50
         2        23        40        49        50
         2         6        14        15        41
         2        14        15        23        41
         2        15        23        41        50
         2         6        15        33        41
         2        15        33        41        42
         2        15        41        42        50
         2        15        16        23        42
         2        15        15        23        42
         2        15        23        42        51
         2        16        23        42        43
         2        23        42        43        52
         2        23        42        51        52
         2        16        17        22        43
         2        16        22        23        43
         2        22        23        43        52
         2        17        22        43        44
         2        22        43        44        53
         2        22        43        52        53
         2        17        18        21        44
         2        17        21        22        44
         2        21        22        44        53
         2        18        21        44        45
         2        21        44        45        54
         2        21        44        53        54
         2        18        19        20        45
         2        18        20        21        45
         2        20        21        45        54
         2        19        20        45        46
         2        20        45        46        55
         2        20        45        54        55
         4        19        19        20        46
         2        19        20        46        55
         2        19        20        46        47
         2        19        46        47        56
         2        19        46        55        56
         2        18        20        21        47
         2        18        19        20        47
         2        18        19        47        56
         2        18        21        47        48
         2        18        47        48        57
         2        18        47        56        57
         2        17        21        22        48
         2        17        18        21        48
         2        17        18        48        57
         2        17        22        48        49
         2        17        48        49        58
         2        17        48        57        58
         2        16        22        23        49
         2        16        17        22        49
         2        16        17        49        58
         2        16        23        49        50
         2        16        49        50        59
         2        16        49        58        59
         2        15        15        23        50
         2        15        16        23        50
         2        15        16        50        59
         2        15        15        42        50
         2        15        42        50        51
         2        15        50        51        59
         2        14        15        23        51
         2         6        14        15        51
         2         6        14        51        60
         2        14        23        51        52
         2        14        51        52        61
         2        14        51        60        61
         2        13        22        23        52
         2        13        14        23        52
         2        13        14        52        61
         2        13        22        52        53
         2        13        52        53        62
         2        13        52        61        62
         2        12        21        22        53
         2        12        13        22        53
         2        12        13        53        62
         2        12        21        53        54
         2        12        53        54        63
         2        12        53        62        63
         2        11        20        21        54
         2        11        12        21        54
         2        11        12        54        63
         2        11        20        54        55
         2        11        54        55        64
         2        11        54        63        64
         2        10        19        20        55
         2        10        11        20        55
         2        10        11        55        64
         2        10        19        55        56
         2        10        55        56        65
         2        10        55        64        65
         2         9        18        19        56
         2         9        10        19        56
         2         9        10        56        65
         2         9        18        56        57
         2         9        56        57        66
         2         9        56        65        66
         2         8        17        18        57
         2         8         9        18        57
         2         8         9        57        66
         2         8        17        57        58
         2         8        57        58        67
         2         8        57        66        67
         2         7        16        17        58
         2         7         8        17        58
         2         7         8        58        67
         2         7        16        58        59
         2         7        58        59        68
         2         7        58        67        68
         2         6        15        16        59
         2         6         7        16        59
         2         6         7        59        68
         2         6        15        51        59
         2         6        51        59        60
         2         6        59        60        68
         2         2         6        14        60
         2         1         2         6        60
         2         1         2        24        60
         2         2        14        60        61
         2         2        25        60        61
         2         2        24        25        60
         2         3        13        14        61
         2         2         3        14        61
         2         2         3        25        61
         2         3        13        61        62
         2         3        26        61        62
         2         3        25        26        61
         2         4        12        13        62
         2         3         4        13        62
         2         3         4        26        62
         2         4        12        62        63
         2         4        27        62        63
         2         4        26        27        62
         2         5        11        12        63
         2         4         5        12        63
         2         4         5        27        63
         2         5        11        63        64
         2         5        28        63        64
         2         5        27        28        63
         2         5        10        11        64
         2         5         5        11        64
         2         5         5        28        64
         2         5        10        64        65
         2         5        29        64        65
         2         5        28        29        64
         2         4         9        10        65
         2         4         5        10        65
         2         4         5        29        65
         2         4         9        65        66
         2         4        30        65        66
         2         4        29        30        65
         2         3         8         9        66
         2         3         4         9        66
         2         3         4        30        66
         2         3         8        66        67
         2         3        31        66        67
         2         3        30        31        66
         2         2         7         8        67
         2         2         3         8        67
         2         2         3        31        67
         2         2         7        67        68
         2         2        32        67        68
         2         2        31        32        67
         2         1         6         7        68
         2         1         2         7        68
         2         1         2        32        68
         2         1         6        60        68
         2         1        24        60        68
         2         1        24        32        68
         2        24        24        25        34
         2        24        24        33        34
         2        24        33        34        60
         2        24        25        32        34
         2        24        32        34        68
         2        24        34        60        68
         2        25        26        32        35
         2        25        32        34        35
         2        32        34        35        68
         2        26        31        32        35
         2        31        32        35        67
         2        32        35        67        68
         2        26        27        31        36
         2        26        31        35        36
         2        31        35        36        67
         2        27        30        31        36
         2        30        31        36        66
         2        31        36        66        67
         2        27        28        30        37
         2        27        30        36        37
         2        30        36        37        66
         2        28        29        30        37
         2        29        30        37        65
         2        30        37        65        66
         4        28        29        29        38
         2        28        29        37        38
         2        29        37        38        65
         2        28        29        38        64
         2        29        38        64        65
         2        28        29        30        39
         2        28        29        38        39
         2        28        38        39        64
         2        27        28        30        39
         2        27        28        39        63
         2        28        39        63        64
         2        27        30        31        40
         2        27        30        39        40
         2        27        39        40        63
         2        26        27        31        40
         2        26        27        40        62
         2        27        40        62        63
         2        26        31        32        41
         2        26        31        40        41
         2        26        40        41        62
         2        25        26        32        41
         2        25        26        41        61
         2        26        41        61        62
         2        24        25        32        33
         2        25        32        33        41
         2        25        33        41        61
         2        24        24        25        33
         2        24        25        33        60
         2        25        33        60        61
         2        33        34        43        60
         2        33        42        43        60
         2        42        43        51        60
         2        34        43        60        68
         2        43        59        60        68
         2        43        51        59        60
         2        34        35        44        68
         2        34        43        44        68
         2        43        44        59        68
         2        35        44        67        68
         2        44        58        67        68
         2        44        58        59        68
         2        35        36        45        67
         2        35        44        45        67
         2        44        45        58        67
         2        36        45        66        67
         2        45        57        66        67
         2        45        57        58        67
         2        36        37        46        66
         2        36        45        46        66
         2        45        46        57        66
         2        37        46        65        66
         2        46        56        65        66
         2        46        56        57        66
         2        37        38        47        65
         2        37        46        47        65
         2        46        47        56        65
         2        38        47        64        65
         2        47        55        64        65
         2        47        55        56        65
         2        38        39        48        64
         2        38        47        48        64
         2        47        48        55        64
         2        39        48        63        64
         2        48        54        63        64
         2        48        54        55        64
         2        39        40        49        63
         2        39        48        49        63
         2        48        49        54        63
         2        40        49        62        63
         2        49        53        62        63
         2        49        53        54        63
         2        40        41        50        62
         2        40        49        50        62
         2        49        50        53        62
         2        41        50        61        62
         2        50        52        61        62
         2        50        52        53        62
         2        33        41        42        61
         2        41        42        50        61
         2        42        50        52        61
         2        33        42        60        61
         2        42        51        60        61
         2        42        51        52        61
         2        42        43        51        52
         4        42        51        51        52
         2        43        51        52        59
         2        50        51        52        59
         2        42        50        51        52
         2        43        44        53        59
         2        43        52        53        59
         2        50        52        53        59
         2        44        53        58        59
         2        49        53        58        59
         2        49        50        53        59
         2        44        45        54        58
         2        44        53        54        58
         2        49        53        54        58
         2        45        54        57        58
         2        48        54        57        58
         2        48        49        54        58
         2        45        46        55        57
         2        45        54        55        57
         2        48        54        55        57
         2        46        55        56        57
         2        47        55        56        57
         2        47        48        55        57
         2        46        47        56        56
         2        46        55        56        56
         2        47        55        56        56
