Automatically generated mesh
     282
Reciprocal lattice
    0.00000000000000    0.00000000000000    0.00000000000000             1
    0.10000000000000    0.00000000000000    0.00000000000000             2
    0.20000000000000    0.00000000000000    0.00000000000000             2
    0.30000000000000    0.00000000000000    0.00000000000000             2
    0.40000000000000    0.00000000000000    0.00000000000000             2
    0.50000000000000    0.00000000000000    0.00000000000000             1
    0.00000000000000    0.12500000000000    0.00000000000000             2
    0.10000000000000    0.12500000000000    0.00000000000000             2
    0.20000000000000    0.12500000000000    0.00000000000000             2
    0.30000000000000    0.12500000000000    0.00000000000000             2
    0.40000000000000    0.12500000000000    0.00000000000000             2
    0.50000000000000    0.12500000000000    0.00000000000000             2
   -0.40000000000000    0.12500000000000    0.00000000000000             2
   -0.30000000000000    0.12500000000000    0.00000000000000             2
   -0.20000000000000    0.12500000000000    0.00000000000000             2
   -0.10000000000000    0.12500000000000    0.00000000000000             2
    0.00000000000000    0.25000000000000    0.00000000000000             2
    0.10000000000000    0.25000000000000    0.00000000000000             2
    0.20000000000000    0.25000000000000    0.00000000000000             2
    0.30000000000000    0.25000000000000    0.00000000000000             2
    0.40000000000000    0.25000000000000    0.00000000000000             2
    0.50000000000000    0.25000000000000    0.00000000000000             2
   -0.40000000000000    0.25000000000000    0.00000000000000             2
   -0.30000000000000    0.25000000000000    0.00000000000000             2
   -0.20000000000000    0.25000000000000    0.00000000000000             2
   -0.10000000000000    0.25000000000000    0.00000000000000             2
    0.00000000000000    0.37500000000000    0.00000000000000             2
    0.10000000000000    0.37500000000000    0.00000000000000             2
    0.20000000000000    0.37500000000000    0.00000000000000             2
    0.30000000000000    0.37500000000000    0.00000000000000             2
    0.40000000000000    0.37500000000000    0.00000000000000             2
    0.50000000000000    0.37500000000000    0.00000000000000             2
   -0.40000000000000    0.37500000000000    0.00000000000000             2
   -0.30000000000000    0.37500000000000    0.00000000000000             2
   -0.20000000000000    0.37500000000000    0.00000000000000             2
   -0.10000000000000    0.37500000000000    0.00000000000000             2
    0.00000000000000    0.50000000000000    0.00000000000000             1
    0.10000000000000    0.50000000000000    0.00000000000000             2
    0.20000000000000    0.50000000000000    0.00000000000000             2
    0.30000000000000    0.50000000000000    0.00000000000000             2
    0.40000000000000    0.50000000000000    0.00000000000000             2
    0.50000000000000    0.50000000000000    0.00000000000000             1
    0.00000000000000    0.00000000000000    0.14285714285714             2
    0.10000000000000    0.00000000000000    0.14285714285714             2
    0.20000000000000    0.00000000000000    0.14285714285714             2
    0.30000000000000    0.00000000000000    0.14285714285714             2
    0.40000000000000    0.00000000000000    0.14285714285714             2
    0.50000000000000    0.00000000000000    0.14285714285714             2
   -0.40000000000000    0.00000000000000    0.14285714285714             2
   -0.30000000000000    0.00000000000000    0.14285714285714             2
   -0.20000000000000    0.00000000000000    0.14285714285714             2
   -0.10000000000000    0.00000000000000    0.14285714285714             2
    0.00000000000000    0.12500000000000    0.14285714285714             2
    0.10000000000000    0.12500000000000    0.14285714285714             2
    0.20000000000000    0.12500000000000    0.14285714285714             2
    0.30000000000000    0.12500000000000    0.14285714285714             2
    0.40000000000000    0.12500000000000    0.14285714285714             2
    0.50000000000000    0.12500000000000    0.14285714285714             2
   -0.40000000000000    0.12500000000000    0.14285714285714             2
   -0.30000000000000    0.12500000000000    0.14285714285714             2
   -0.20000000000000    0.12500000000000    0.14285714285714             2
   -0.10000000000000    0.12500000000000    0.14285714285714             2
    0.00000000000000    0.25000000000000    0.14285714285714             2
    0.10000000000000    0.25000000000000    0.14285714285714             2
    0.20000000000000    0.25000000000000    0.14285714285714             2
    0.30000000000000    0.25000000000000    0.14285714285714             2
    0.40000000000000    0.25000000000000    0.14285714285714             2
    0.50000000000000    0.25000000000000    0.14285714285714             2
   -0.40000000000000    0.25000000000000    0.14285714285714             2
   -0.30000000000000    0.25000000000000    0.14285714285714             2
   -0.20000000000000    0.25000000000000    0.14285714285714             2
   -0.10000000000000    0.25000000000000    0.14285714285714             2
    0.00000000000000    0.37500000000000    0.14285714285714             2
    0.10000000000000    0.37500000000000    0.14285714285714             2
    0.20000000000000    0.37500000000000    0.14285714285714             2
    0.30000000000000    0.37500000000000    0.14285714285714             2
    0.40000000000000    0.37500000000000    0.14285714285714             2
    0.50000000000000    0.37500000000000    0.14285714285714             2
   -0.40000000000000    0.37500000000000    0.14285714285714             2
   -0.30000000000000    0.37500000000000    0.14285714285714             2
   -0.20000000000000    0.37500000000000    0.14285714285714             2
   -0.10000000000000    0.37500000000000    0.14285714285714             2
    0.00000000000000    0.50000000000000    0.14285714285714             2
    0.10000000000000    0.50000000000000    0.14285714285714             2
    0.20000000000000    0.50000000000000    0.14285714285714             2
    0.30000000000000    0.50000000000000    0.14285714285714             2
    0.40000000000000    0.50000000000000    0.14285714285714             2
    0.50000000000000    0.50000000000000    0.14285714285714             2
   -0.40000000000000    0.50000000000000    0.14285714285714             2
   -0.30000000000000    0.50000000000000    0.14285714285714             2
   -0.20000000000000    0.50000000000000    0.14285714285714             2
   -0.10000000000000    0.50000000000000    0.14285714285714             2
    0.00000000000000   -0.37500000000000    0.14285714285714             2
    0.10000000000000   -0.37500000000000    0.14285714285714             2
    0.20000000000000   -0.37500000000000    0.14285714285714             2
    0.30000000000000   -0.37500000000000    0.14285714285714             2
    0.40000000000000   -0.37500000000000    0.14285714285714             2
    0.50000000000000   -0.37500000000000    0.14285714285714             2
   -0.40000000000000   -0.37500000000000    0.14285714285714             2
   -0.30000000000000   -0.37500000000000    0.14285714285714             2
   -0.20000000000000   -0.37500000000000    0.14285714285714             2
   -0.10000000000000   -0.37500000000000    0.14285714285714             2
    0.00000000000000   -0.25000000000000    0.14285714285714             2
    0.10000000000000   -0.25000000000000    0.14285714285714             2
    0.20000000000000   -0.25000000000000    0.14285714285714             2
    0.30000000000000   -0.25000000000000    0.14285714285714             2
    0.40000000000000   -0.25000000000000    0.14285714285714             2
    0.50000000000000   -0.25000000000000    0.14285714285714             2
   -0.40000000000000   -0.25000000000000    0.14285714285714             2
   -0.30000000000000   -0.25000000000000    0.14285714285714             2
   -0.20000000000000   -0.25000000000000    0.14285714285714             2
   -0.10000000000000   -0.25000000000000    0.14285714285714             2
    0.00000000000000   -0.12500000000000    0.14285714285714             2
    0.10000000000000   -0.12500000000000    0.14285714285714             2
    0.20000000000000   -0.12500000000000    0.14285714285714             2
    0.30000000000000   -0.12500000000000    0.14285714285714             2
    0.40000000000000   -0.12500000000000    0.14285714285714             2
    0.50000000000000   -0.12500000000000    0.14285714285714             2
   -0.40000000000000   -0.12500000000000    0.14285714285714             2
   -0.30000000000000   -0.12500000000000    0.14285714285714             2
   -0.20000000000000   -0.12500000000000    0.14285714285714             2
   -0.10000000000000   -0.12500000000000    0.14285714285714             2
    0.00000000000000    0.00000000000000    0.28571428571429             2
    0.10000000000000    0.00000000000000    0.28571428571429             2
    0.20000000000000    0.00000000000000    0.28571428571429             2
    0.30000000000000    0.00000000000000    0.28571428571429             2
    0.40000000000000    0.00000000000000    0.28571428571429             2
    0.50000000000000    0.00000000000000    0.28571428571429             2
   -0.40000000000000    0.00000000000000    0.28571428571429             2
   -0.30000000000000    0.00000000000000    0.28571428571429             2
   -0.20000000000000    0.00000000000000    0.28571428571429             2
   -0.10000000000000    0.00000000000000    0.28571428571429             2
    0.00000000000000    0.12500000000000    0.28571428571429             2
    0.10000000000000    0.12500000000000    0.28571428571429             2
    0.20000000000000    0.12500000000000    0.28571428571429             2
    0.30000000000000    0.12500000000000    0.28571428571429             2
    0.40000000000000    0.12500000000000    0.28571428571429             2
    0.50000000000000    0.12500000000000    0.28571428571429             2
   -0.40000000000000    0.12500000000000    0.28571428571429             2
   -0.30000000000000    0.12500000000000    0.28571428571429             2
   -0.20000000000000    0.12500000000000    0.28571428571429             2
   -0.10000000000000    0.12500000000000    0.28571428571429             2
    0.00000000000000    0.25000000000000    0.28571428571429             2
    0.10000000000000    0.25000000000000    0.28571428571429             2
    0.20000000000000    0.25000000000000    0.28571428571429             2
    0.30000000000000    0.25000000000000    0.28571428571429             2
    0.40000000000000    0.25000000000000    0.28571428571429             2
    0.50000000000000    0.25000000000000    0.28571428571429             2
   -0.40000000000000    0.25000000000000    0.28571428571429             2
   -0.30000000000000    0.25000000000000    0.28571428571429             2
   -0.20000000000000    0.25000000000000    0.28571428571429             2
   -0.10000000000000    0.25000000000000    0.28571428571429             2
    0.00000000000000    0.37500000000000    0.28571428571429             2
    0.10000000000000    0.37500000000000    0.28571428571429             2
    0.20000000000000    0.37500000000000    0.28571428571429             2
    0.30000000000000    0.37500000000000    0.28571428571429             2
    0.40000000000000    0.37500000000000    0.28571428571429             2
    0.50000000000000    0.37500000000000    0.28571428571429             2
   -0.40000000000000    0.37500000000000    0.28571428571429             2
   -0.30000000000000    0.37500000000000    0.28571428571429             2
   -0.20000000000000    0.37500000000000    0.28571428571429             2
   -0.10000000000000    0.37500000000000    0.28571428571429             2
    0.00000000000000    0.50000000000000    0.28571428571429             2
    0.10000000000000    0.50000000000000    0.28571428571429             2
    0.20000000000000    0.50000000000000    0.28571428571429             2
    0.30000000000000    0.50000000000000    0.28571428571429             2
    0.40000000000000    0.50000000000000    0.28571428571429             2
    0.50000000000000    0.50000000000000    0.28571428571429             2
   -0.40000000000000    0.50000000000000    0.28571428571429             2
   -0.30000000000000    0.50000000000000    0.28571428571429             2
   -0.20000000000000    0.50000000000000    0.28571428571429             2
   -0.10000000000000    0.50000000000000    0.28571428571429             2
    0.00000000000000   -0.37500000000000    0.28571428571429             2
    0.10000000000000   -0.37500000000000    0.28571428571429             2
    0.20000000000000   -0.37500000000000    0.28571428571429             2
    0.30000000000000   -0.37500000000000    0.28571428571429             2
    0.40000000000000   -0.37500000000000    0.28571428571429             2
    0.50000000000000   -0.37500000000000    0.28571428571429             2
   -0.40000000000000   -0.37500000000000    0.28571428571429             2
   -0.30000000000000   -0.37500000000000    0.28571428571429             2
   -0.20000000000000   -0.37500000000000    0.28571428571429             2
   -0.10000000000000   -0.37500000000000    0.28571428571429             2
    0.00000000000000   -0.25000000000000    0.28571428571429             2
    0.10000000000000   -0.25000000000000    0.28571428571429             2
    0.20000000000000   -0.25000000000000    0.28571428571429             2
    0.30000000000000   -0.25000000000000    0.28571428571429             2
    0.40000000000000   -0.25000000000000    0.28571428571429             2
    0.50000000000000   -0.25000000000000    0.28571428571429             2
   -0.40000000000000   -0.25000000000000    0.28571428571429             2
   -0.30000000000000   -0.25000000000000    0.28571428571429             2
   -0.20000000000000   -0.25000000000000    0.28571428571429             2
   -0.10000000000000   -0.25000000000000    0.28571428571429             2
    0.00000000000000   -0.12500000000000    0.28571428571429             2
    0.10000000000000   -0.12500000000000    0.28571428571429             2
    0.20000000000000   -0.12500000000000    0.28571428571429             2
    0.30000000000000   -0.12500000000000    0.28571428571429             2
    0.40000000000000   -0.12500000000000    0.28571428571429             2
    0.50000000000000   -0.12500000000000    0.28571428571429             2
   -0.40000000000000   -0.12500000000000    0.28571428571429             2
   -0.30000000000000   -0.12500000000000    0.28571428571429             2
   -0.20000000000000   -0.12500000000000    0.28571428571429             2
   -0.10000000000000   -0.12500000000000    0.28571428571429             2
    0.00000000000000    0.00000000000000    0.42857142857143             2
    0.10000000000000    0.00000000000000    0.42857142857143             2
    0.20000000000000    0.00000000000000    0.42857142857143             2
    0.30000000000000    0.00000000000000    0.42857142857143             2
    0.40000000000000    0.00000000000000    0.42857142857143             2
    0.50000000000000    0.00000000000000    0.42857142857143             2
   -0.40000000000000    0.00000000000000    0.42857142857143             2
   -0.30000000000000    0.00000000000000    0.42857142857143             2
   -0.20000000000000    0.00000000000000    0.42857142857143             2
   -0.10000000000000    0.00000000000000    0.42857142857143             2
    0.00000000000000    0.12500000000000    0.42857142857143             2
    0.10000000000000    0.12500000000000    0.42857142857143             2
    0.20000000000000    0.12500000000000    0.42857142857143             2
    0.30000000000000    0.12500000000000    0.42857142857143             2
    0.40000000000000    0.12500000000000    0.42857142857143             2
    0.50000000000000    0.12500000000000    0.42857142857143             2
   -0.40000000000000    0.12500000000000    0.42857142857143             2
   -0.30000000000000    0.12500000000000    0.42857142857143             2
   -0.20000000000000    0.12500000000000    0.42857142857143             2
   -0.10000000000000    0.12500000000000    0.42857142857143             2
    0.00000000000000    0.25000000000000    0.42857142857143             2
    0.10000000000000    0.25000000000000    0.42857142857143             2
    0.20000000000000    0.25000000000000    0.42857142857143             2
    0.30000000000000    0.25000000000000    0.42857142857143             2
    0.40000000000000    0.25000000000000    0.42857142857143             2
    0.50000000000000    0.25000000000000    0.42857142857143             2
   -0.40000000000000    0.25000000000000    0.42857142857143             2
   -0.30000000000000    0.25000000000000    0.42857142857143             2
   -0.20000000000000    0.25000000000000    0.42857142857143             2
   -0.10000000000000    0.25000000000000    0.42857142857143             2
    0.00000000000000    0.37500000000000    0.42857142857143             2
    0.10000000000000    0.37500000000000    0.42857142857143             2
    0.20000000000000    0.37500000000000    0.42857142857143             2
    0.30000000000000    0.37500000000000    0.42857142857143             2
    0.40000000000000    0.37500000000000    0.42857142857143             2
    0.50000000000000    0.37500000000000    0.42857142857143             2
   -0.40000000000000    0.37500000000000    0.42857142857143             2
   -0.30000000000000    0.37500000000000    0.42857142857143             2
   -0.20000000000000    0.37500000000000    0.42857142857143             2
   -0.10000000000000    0.37500000000000    0.42857142857143             2
    0.00000000000000    0.50000000000000    0.42857142857143             2
    0.10000000000000    0.50000000000000    0.42857142857143             2
    0.20000000000000    0.50000000000000    0.42857142857143             2
    0.30000000000000    0.50000000000000    0.42857142857143             2
    0.40000000000000    0.50000000000000    0.42857142857143             2
    0.50000000000000    0.50000000000000    0.42857142857143             2
   -0.40000000000000    0.50000000000000    0.42857142857143             2
   -0.30000000000000    0.50000000000000    0.42857142857143             2
   -0.20000000000000    0.50000000000000    0.42857142857143             2
   -0.10000000000000    0.50000000000000    0.42857142857143             2
    0.00000000000000   -0.37500000000000    0.42857142857143             2
    0.10000000000000   -0.37500000000000    0.42857142857143             2
    0.20000000000000   -0.37500000000000    0.42857142857143             2
    0.30000000000000   -0.37500000000000    0.42857142857143             2
    0.40000000000000   -0.37500000000000    0.42857142857143             2
    0.50000000000000   -0.37500000000000    0.42857142857143             2
   -0.40000000000000   -0.37500000000000    0.42857142857143             2
   -0.30000000000000   -0.37500000000000    0.42857142857143             2
   -0.20000000000000   -0.37500000000000    0.42857142857143             2
   -0.10000000000000   -0.37500000000000    0.42857142857143             2
    0.00000000000000   -0.25000000000000    0.42857142857143             2
    0.10000000000000   -0.25000000000000    0.42857142857143             2
    0.20000000000000   -0.25000000000000    0.42857142857143             2
    0.30000000000000   -0.25000000000000    0.42857142857143             2
    0.40000000000000   -0.25000000000000    0.42857142857143             2
    0.50000000000000   -0.25000000000000    0.42857142857143             2
   -0.40000000000000   -0.25000000000000    0.42857142857143             2
   -0.30000000000000   -0.25000000000000    0.42857142857143             2
   -0.20000000000000   -0.25000000000000    0.42857142857143             2
   -0.10000000000000   -0.25000000000000    0.42857142857143             2
    0.00000000000000   -0.12500000000000    0.42857142857143             2
    0.10000000000000   -0.12500000000000    0.42857142857143             2
    0.20000000000000   -0.12500000000000    0.42857142857143             2
    0.30000000000000   -0.12500000000000    0.42857142857143             2
    0.40000000000000   -0.12500000000000    0.42857142857143             2
    0.50000000000000   -0.12500000000000    0.42857142857143             2
   -0.40000000000000   -0.12500000000000    0.42857142857143             2
   -0.30000000000000   -0.12500000000000    0.42857142857143             2
   -0.20000000000000   -0.12500000000000    0.42857142857143             2
   -0.10000000000000   -0.12500000000000    0.42857142857143             2
