Automatically generated mesh
      42
Reciprocal lattice
    0.00000000000000    0.00000000000000    0.00000000000000             1
    0.25000000000000    0.00000000000000    0.00000000000000             2
    0.50000000000000    0.00000000000000    0.00000000000000             1
    0.00000000000000    0.20000000000000    0.00000000000000             2
    0.25000000000000    0.20000000000000    0.00000000000000             2
    0.50000000000000    0.20000000000000    0.00000000000000             2
   -0.25000000000000    0.20000000000000    0.00000000000000             2
    0.00000000000000    0.40000000000000    0.00000000000000             2
    0.25000000000000    0.40000000000000    0.00000000000000             2
    0.50000000000000    0.40000000000000    0.00000000000000             2
   -0.25000000000000    0.40000000000000    0.00000000000000             2
    0.00000000000000    0.00000000000000    0.25000000000000             2
    0.25000000000000    0.00000000000000    0.25000000000000             2
    0.50000000000000   -0.00000000000000    0.25000000000000             2
   -0.25000000000000    0.00000000000000    0.25000000000000             2
    0.00000000000000    0.20000000000000    0.25000000000000             2
    0.25000000000000    0.20000000000000    0.25000000000000             2
    0.50000000000000    0.20000000000000    0.25000000000000             2
   -0.25000000000000    0.20000000000000    0.25000000000000             2
    0.00000000000000    0.40000000000000    0.25000000000000             2
    0.25000000000000    0.40000000000000    0.25000000000000             2
    0.50000000000000    0.40000000000000    0.25000000000000             2
   -0.25000000000000    0.40000000000000    0.25000000000000             2
    0.00000000000000   -0.40000000000000    0.25000000000000             2
    0.25000000000000   -0.40000000000000    0.25000000000000             2
    0.50000000000000   -0.40000000000000    0.25000000000000             2
   -0.25000000000000   -0.40000000000000    0.25000000000000             2
    0.00000000000000   -0.20000000000000    0.25000000000000             2
    0.25000000000000   -0.20000000000000    0.25000000000000             2
    0.50000000000000   -0.20000000000000    0.25000000000000             2
   -0.25000000000000   -0.20000000000000    0.25000000000000             2
    0.00000000000000    0.00000000000000    0.50000000000000             1
    0.25000000000000    0.00000000000000    0.50000000000000             2
    0.50000000000000    0.00000000000000    0.50000000000000             1
    0.00000000000000    0.20000000000000    0.50000000000000             2
    0.25000000000000    0.20000000000000    0.50000000000000             2
    0.50000000000000    0.20000000000000    0.50000000000000             2
   -0.25000000000000    0.20000000000000    0.50000000000000             2
    0.00000000000000    0.40000000000000    0.50000000000000             2
    0.25000000000000    0.40000000000000    0.50000000000000             2
    0.50000000000000    0.40000000000000    0.50000000000000             2
   -0.25000000000000    0.40000000000000    0.50000000000000             2
Tetrahedra
       240    0.00208333333333
         2         1         2         5        12
         2         1         4         5        12
         2         4         5        12        16
         2         2         5        12        13
         2         5        12        13        17
         2         5        12        16        17
         2         2         3         6        13
         2         2         5         6        13
         2         5         6        13        17
         2         3         6        13        14
         2         6        13        14        18
         2         6        13        17        18
         2         2         3         7        14
         2         3         6         7        14
         2         6         7        14        18
         2         2         7        14        15
         2         7        14        15        19
         2         7        14        18        19
         2         1         2         4        15
         2         2         4         7        15
         2         4         7        15        19
         2         1         4        12        15
         2         4        12        15        16
         2         4        15        16        19
         2         4         5         9        16
         2         4         8         9        16
         2         8         9        16        20
         2         5         9        16        17
         2         9        16        17        21
         2         9        16        20        21
         2         5         6        10        17
         2         5         9        10        17
         2         9        10        17        21
         2         6        10        17        18
         2        10        17        18        22
         2        10        17        21        22
         2         6         7        11        18
         2         6        10        11        18
         2        10        11        18        22
         2         7        11        18        19
         2        11        18        19        23
         2        11        18        22        23
         2         4         7         8        19
         2         7         8        11        19
         2         8        11        19        23
         2         4         8        16        19
         2         8        16        19        20
         2         8        19        20        23
         2         8         9        11        20
         2         8         8        11        20
         2         8        11        20        24
         2         9        11        20        21
         2        11        20        21        25
         2        11        20        24        25
         2         9        10        10        21
         2         9        10        11        21
         2        10        11        21        25
         2        10        10        21        22
         2        10        21        22        26
         2        10        21        25        26
         2         9        10        11        22
         2         9        10        10        22
         2         9        10        22        26
         2         9        11        22        23
         2         9        22        23        27
         2         9        22        26        27
         2         8         8        11        23
         2         8         9        11        23
         2         8         9        23        27
         2         8         8        20        23
         2         8        20        23        24
         2         8        23        24        27
         2         7         8        11        24
         2         4         7         8        24
         2         4         7        24        28
         2         7        11        24        25
         2         7        24        25        29
         2         7        24        28        29
         2         6        10        11        25
         2         6         7        11        25
         2         6         7        25        29
         2         6        10        25        26
         2         6        25        26        30
         2         6        25        29        30
         2         5         9        10        26
         2         5         6        10        26
         2         5         6        26        30
         2         5         9        26        27
         2         5        26        27        31
         2         5        26        30        31
         2         4         8         9        27
         2         4         5         9        27
         2         4         5        27        31
         2         4         8        24        27
         2         4        24        27        28
         2         4        27        28        31
         2         2         4         7        28
         2         1         2         4        28
         2         1         2        12        28
         2         2         7        28        29
         2         2        13        28        29
         2         2        12        13        28
         2         3         6         7        29
         2         2         3         7        29
         2         2         3        13        29
         2         3         6        29        30
         2         3        14        29        30
         2         3        13        14        29
         2         2         5         6        30
         2         2         3         6        30
         2         2         3        14        30
         2         2         5        30        31
         2         2        15        30        31
         2         2        14        15        30
         2         1         4         5        31
         2         1         2         5        31
         2         1         2        15        31
         2         1         4        28        31
         2         1        12        28        31
         2         1        12        15        31
         2        12        13        17        32
         2        12        16        17        32
         2        16        17        32        35
         2        13        17        32        33
         2        17        32        33        36
         2        17        32        35        36
         2        13        14        18        33
         2        13        17        18        33
         2        17        18        33        36
         2        14        18        33        34
         2        18        33        34        37
         2        18        33        36        37
         2        14        15        19        34
         2        14        18        19        34
         2        18        19        34        37
         2        15        19        33        34
         2        19        33        34        38
         2        19        34        37        38
         2        12        15        16        33
         2        15        16        19        33
         2        16        19        33        38
         2        12        16        32        33
         2        16        32        33        35
         2        16        33        35        38
         2        16        17        21        35
         2        16        20        21        35
         2        20        21        35        39
         2        17        21        35        36
         2        21        35        36        40
         2        21        35        39        40
         2        17        18        22        36
         2        17        21        22        36
         2        21        22        36        40
         2        18        22        36        37
         2        22        36        37        41
         2        22        36        40        41
         2        18        19        23        37
         2        18        22        23        37
         2        22        23        37        41
         2        19        23        37        38
         2        23        37        38        42
         2        23        37        41        42
         2        16        19        20        38
         2        19        20        23        38
         2        20        23        38        42
         2        16        20        35        38
         2        20        35        38        39
         2        20        38        39        42
         2        20        21        25        39
         2        20        24        25        39
         2        24        25        39        39
         2        21        25        39        40
         2        25        39        40        42
         2        25        39        39        42
         2        21        22        26        40
         2        21        25        26        40
         2        25        26        40        42
         2        22        26        40        41
         2        26        40        41        41
         2        26        40        41        42
         2        22        23        27        41
         2        22        26        27        41
         2        26        27        41        41
         2        23        27        41        42
         2        27        40        41        42
         2        27        40        41        41
         2        20        23        24        42
         2        23        24        27        42
         2        24        27        40        42
         2        20        24        39        42
         2        24        39        39        42
         2        24        39        40        42
         2        24        25        29        39
         2        24        28        29        39
         2        28        29        35        39
         2        25        29        39        42
         2        29        38        39        42
         2        29        35        38        39
         2        25        26        30        42
         2        25        29        30        42
         2        29        30        38        42
         2        26        30        41        42
         2        30        37        41        42
         2        30        37        38        42
         2        26        27        31        41
         2        26        30        31        41
         2        30        31        37        41
         2        27        31        40        41
         2        31        36        40        41
         2        31        36        37        41
         2        24        27        28        40
         2        27        28        31        40
         2        28        31        36        40
         2        24        28        39        40
         2        28        35        39        40
         2        28        35        36        40
         2        13        28        29        35
         2        12        13        28        35
         2        12        13        32        35
         2        13        29        35        38
         2        13        33        35        38
         2        13        32        33        35
         2        14        29        30        38
         2        13        14        29        38
         2        13        14        33        38
         2        14        30        37        38
         2        14        34        37        38
         2        14        33        34        38
         2        15        30        31        37
         2        14        15        30        37
         2        14        15        34        37
         2        15        31        36        37
         2        15        33        36        37
         2        15        33        34        37
         2        12        28        31        36
         2        12        15        31        36
         2        12        15        33        36
         2        12        28        35        36
         2        12        32        35        36
         2        12        32        33        36
