Automatically generated mesh
      38
Reciprocal lattice
    0.00000000000000    0.00000000000000    0.00000000000000             1
    0.20000000000000    0.00000000000000    0.00000000000000             2
    0.40000000000000    0.00000000000000    0.00000000000000             2
    0.00000000000000    0.20000000000000    0.00000000000000             2
    0.20000000000000    0.20000000000000    0.00000000000000             2
    0.40000000000000    0.20000000000000    0.00000000000000             2
   -0.40000000000000    0.20000000000000    0.00000000000000             2
   -0.20000000000000    0.20000000000000    0.00000000000000             2
    0.00000000000000    0.40000000000000    0.00000000000000             2
    0.20000000000000    0.40000000000000    0.00000000000000             2
    0.40000000000000    0.40000000000000    0.00000000000000             2
   -0.40000000000000    0.40000000000000    0.00000000000000             2
   -0.20000000000000    0.40000000000000    0.00000000000000             2
    0.00000000000000    0.00000000000000    0.33333333333333             2
    0.20000000000000    0.00000000000000    0.33333333333333             2
    0.40000000000000    0.00000000000000    0.33333333333333             2
   -0.40000000000000    0.00000000000000    0.33333333333333             2
   -0.20000000000000    0.00000000000000    0.33333333333333             2
    0.00000000000000    0.20000000000000    0.33333333333333             2
    0.20000000000000    0.20000000000000    0.33333333333333             2
    0.40000000000000    0.20000000000000    0.33333333333333             2
   -0.40000000000000    0.20000000000000    0.33333333333333             2
   -0.20000000000000    0.20000000000000    0.33333333333333             2
    0.00000000000000    0.40000000000000    0.33333333333333             2
    0.20000000000000    0.40000000000000    0.33333333333333             2
    0.40000000000000    0.40000000000000    0.33333333333333             2
   -0.40000000000000    0.40000000000000    0.33333333333333             2
   -0.20000000000000    0.40000000000000    0.33333333333333             2
    0.00000000000000   -0.40000000000000    0.33333333333333             2
    0.20000000000000   -0.40000000000000    0.33333333333333             2
    0.40000000000000   -0.40000000000000    0.33333333333333             2
   -0.40000000000000   -0.40000000000000    0.33333333333333             2
   -0.20000000000000   -0.40000000000000    0.33333333333333             2
    0.00000000000000   -0.20000000000000    0.33333333333333             2
    0.20000000000000   -0.20000000000000    0.33333333333333             2
    0.40000000000000   -0.20000000000000    0.33333333333333             2
   -0.40000000000000   -0.20000000000000    0.33333333333333             2
   -0.20000000000000   -0.20000000000000    0.33333333333333             2
Tetrahedra
       222    0.00222222222222
         2         1         4         5        20
         2         1         2         5        20
         2         1         2        15        20
         2         1         4        19        20
         2         1        14        19        20
         2         1        14        15        20
         2         2         5         6        21
         2         2         3         6        21
         2         2         3        16        21
         2         2         5        20        21
         2         2        15        20        21
         2         2        15        16        21
         2         3         6         7        22
         2         3         3         7        22
         2         3         3        17        22
         2         3         6        21        22
         2         3        16        21        22
         2         3        16        17        22
         2         3         7         8        23
         2         2         3         8        23
         2         2         3        18        23
         2         3         7        22        23
         2         3        17        22        23
         2         3        17        18        23
         2         2         4         8        19
         2         1         2         4        19
         2         1         2        14        19
         2         2         8        19        23
         2         2        18        19        23
         2         2        14        18        19
         2         4         9        10        25
         2         4         5        10        25
         2         4         5        20        25
         2         4         9        24        25
         2         4        19        24        25
         2         4        19        20        25
         2         5        10        11        26
         2         5         6        11        26
         2         5         6        21        26
         2         5        10        25        26
         2         5        20        25        26
         2         5        20        21        26
         2         6        11        12        27
         2         6         7        12        27
         2         6         7        22        27
         2         6        11        26        27
         2         6        21        26        27
         2         6        21        22        27
         2         7        12        13        28
         2         7         8        13        28
         2         7         8        23        28
         2         7        12        27        28
         2         7        22        27        28
         2         7        22        23        28
         2         8         9        13        24
         2         4         8         9        24
         2         4         8        19        24
         2         8        13        24        28
         2         8        23        24        28
         2         8        19        23        24
         2         9         9        13        30
         2         9        10        13        30
         2         9        10        25        30
         2         9         9        29        30
         2         9        24        29        30
         2         9        24        25        30
         2        10        12        13        31
         2        10        11        12        31
         2        10        11        26        31
         2        10        13        30        31
         2        10        25        30        31
         2        10        25        26        31
         4        11        11        12        32
         2        11        12        27        32
         2        11        12        31        32
         2        11        26        31        32
         2        11        26        27        32
         2        10        11        12        33
         2        10        12        13        33
         2        12        13        28        33
         2        11        12        32        33
         2        12        27        32        33
         2        12        27        28        33
         2         9        10        13        29
         2         9         9        13        29
         2         9        13        24        29
         2        10        13        29        33
         2        13        28        29        33
         2        13        24        28        29
         2         4         8         9        35
         2         8         9        13        35
         2         9        13        30        35
         2         4         9        34        35
         2         9        29        34        35
         2         9        29        30        35
         2         7         8        13        36
         2         7        12        13        36
         2        12        13        31        36
         2         8        13        35        36
         2        13        30        35        36
         2        13        30        31        36
         2         6         7        12        37
         2         6        11        12        37
         2        11        12        32        37
         2         7        12        36        37
         2        12        31        36        37
         2        12        31        32        37
         2         5         6        11        38
         2         5        10        11        38
         2        10        11        33        38
         2         6        11        37        38
         2        11        32        37        38
         2        11        32        33        38
         2         4         5        10        34
         2         4         9        10        34
         2         9        10        29        34
         2         5        10        34        38
         2        10        33        34        38
         2        10        29        33        34
         2         1         2         4        15
         2         2         4         8        15
         2         4         8        15        35
         2         1         4        14        15
         2         4        14        15        34
         2         4        15        34        35
         2         2         3         8        16
         2         3         7         8        16
         2         7         8        16        36
         2         2         8        15        16
         2         8        15        16        35
         2         8        16        35        36
         2         3         3         7        17
         2         3         6         7        17
         2         6         7        17        37
         2         3         7        16        17
         2         7        16        17        36
         2         7        17        36        37
         2         2         3         6        18
         2         2         5         6        18
         2         5         6        18        38
         2         3         6        17        18
         2         6        17        18        37
         2         6        18        37        38
         2         1         2         5        14
         2         1         4         5        14
         2         4         5        14        34
         2         2         5        14        18
         2         5        14        18        38
         2         5        14        34        38
         2        14        19        20        38
         2        14        15        20        38
         2        14        15        18        38
         2        14        19        34        38
         2        14        14        34        38
         2        14        14        18        38
         2        15        20        21        37
         2        15        16        21        37
         2        15        16        17        37
         2        15        20        37        38
         2        15        18        37        38
         2        15        17        18        37
         2        16        21        22        36
         2        16        17        22        36
         4        16        16        17        36
         2        16        21        36        37
         2        16        17        36        37
         2        17        22        23        35
         2        17        18        23        35
         2        15        17        18        35
         2        17        22        35        36
         2        16        17        35        36
         2        15        16        17        35
         2        18        19        23        34
         2        14        18        19        34
         2        14        14        18        34
         2        18        23        34        35
         2        15        18        34        35
         2        14        15        18        34
         2        19        24        25        33
         2        19        20        25        33
         2        19        20        33        38
         2        19        24        29        33
         2        19        29        33        34
         2        19        33        34        38
         2        20        25        26        32
         2        20        21        26        32
         2        20        21        32        37
         2        20        25        32        33
         2        20        32        33        38
         2        20        32        37        38
         2        21        26        27        31
         2        21        22        27        31
         2        21        22        31        36
         2        21        26        31        32
         2        21        31        32        37
         2        21        31        36        37
         2        22        27        28        30
         2        22        23        28        30
         2        22        23        30        35
         2        22        27        30        31
         2        22        30        31        36
         2        22        30        35        36
         2        23        24        28        29
         2        19        23        24        29
         2        19        23        29        34
         2        23        28        29        30
         2        23        29        30        35
         2        23        29        34        35
         2        24        28        29        30
         2        24        25        28        30
         2        24        25        28        33
         4        24        24        28        29
         2        24        28        29        33
         2        25        27        30        31
         2        25        26        27        31
         2        25        26        27        32
         2        25        27        28        30
         2        25        27        28        33
         2        25        27        32        33
         2        26        26        31        32
         2        26        26        27        32
         2        26        26        27        31
