Automatically generated mesh
      76
Reciprocal lattice
    0.00000000000000    0.00000000000000    0.00000000000000             1
    0.20000000000000    0.00000000000000    0.00000000000000             2
    0.40000000000000    0.00000000000000    0.00000000000000             2
    0.00000000000000    0.20000000000000    0.00000000000000             2
    0.20000000000000    0.20000000000000    0.00000000000000             2
    0.40000000000000    0.20000000000000    0.00000000000000             2
   -0.40000000000000    0.20000000000000    0.00000000000000             2
   -0.20000000000000    0.20000000000000    0.00000000000000             2
    0.00000000000000    0.40000000000000    0.00000000000000             2
    0.20000000000000    0.40000000000000    0.00000000000000             2
    0.40000000000000    0.40000000000000    0.00000000000000             2
   -0.40000000000000    0.40000000000000    0.00000000000000             2
   -0.20000000000000    0.40000000000000    0.00000000000000             2
    0.00000000000000    0.00000000000000    0.16666666666667             2
    0.20000000000000    0.00000000000000    0.16666666666667             2
    0.40000000000000    0.00000000000000    0.16666666666667             2
   -0.40000000000000    0.00000000000000    0.16666666666667             2
   -0.20000000000000    0.00000000000000    0.16666666666667             2
    0.00000000000000    0.20000000000000    0.16666666666667             2
    0.20000000000000    0.20000000000000    0.16666666666667             2
    0.40000000000000    0.20000000000000    0.16666666666667             2
   -0.40000000000000    0.20000000000000    0.16666666666667             2
   -0.20000000000000    0.20000000000000    0.16666666666667             2
    0.00000000000000    0.40000000000000    0.16666666666667             2
    0.20000000000000    0.40000000000000    0.16666666666667             2
    0.40000000000000    0.40000000000000    0.16666666666667             2
   -0.40000000000000    0.40000000000000    0.16666666666667             2
   -0.20000000000000    0.40000000000000    0.16666666666667             2
    0.00000000000000   -0.40000000000000    0.16666666666667             2
    0.20000000000000   -0.40000000000000    0.16666666666667             2
    0.40000000000000   -0.40000000000000    0.16666666666667             2
   -0.40000000000000   -0.40000000000000    0.16666666666667             2
   -0.20000000000000   -0.40000000000000    0.16666666666667             2
    0.00000000000000   -0.20000000000000    0.16666666666667             2
    0.20000000000000   -0.20000000000000    0.16666666666667             2
    0.40000000000000   -0.20000000000000    0.16666666666667             2
   -0.40000000000000   -0.20000000000000    0.16666666666667             2
   -0.20000000000000   -0.20000000000000    0.16666666666667             2
    0.00000000000000    0.00000000000000    0.33333333333333             2
    0.20000000000000    0.00000000000000    0.33333333333333             2
    0.40000000000000    0.00000000000000    0.33333333333333             2
   -0.40000000000000    0.00000000000000    0.33333333333333             2
   -0.20000000000000    0.00000000000000    0.33333333333333             2
    0.00000000000000    0.20000000000000    0.33333333333333             2
    0.20000000000000    0.20000000000000    0.33333333333333             2
    0.40000000000000    0.20000000000000    0.33333333333333             2
   -0.40000000000000    0.20000000000000    0.33333333333333             2
   -0.20000000000000    0.20000000000000    0.33333333333333             2
    0.00000000000000    0.40000000000000    0.33333333333333             2
    0.20000000000000    0.40000000000000    0.33333333333333             2
    0.40000000000000    0.40000000000000    0.33333333333333             2
   -0.40000000000000    0.40000000000000    0.33333333333333             2
   -0.20000000000000    0.40000000000000    0.33333333333333             2
    0.00000000000000   -0.40000000000000    0.33333333333333             2
    0.20000000000000   -0.40000000000000    0.33333333333333             2
    0.40000000000000   -0.40000000000000    0.33333333333333             2
   -0.40000000000000   -0.40000000000000    0.33333333333333             2
   -0.20000000000000   -0.40000000000000    0.33333333333333             2
    0.00000000000000   -0.20000000000000    0.33333333333333             2
    0.20000000000000   -0.20000000000000    0.33333333333333             2
    0.40000000000000   -0.20000000000000    0.33333333333333             2
   -0.40000000000000   -0.20000000000000    0.33333333333333             2
   -0.20000000000000   -0.20000000000000    0.33333333333333             2
    0.00000000000000    0.00000000000000    0.50000000000000             1
    0.20000000000000    0.00000000000000    0.50000000000000             2
    0.40000000000000    0.00000000000000    0.50000000000000             2
    0.00000000000000    0.20000000000000    0.50000000000000             2
    0.20000000000000    0.20000000000000    0.50000000000000             2
    0.40000000000000    0.20000000000000    0.50000000000000             2
   -0.40000000000000    0.20000000000000    0.50000000000000             2
   -0.20000000000000    0.20000000000000    0.50000000000000             2
    0.00000000000000    0.40000000000000    0.50000000000000             2
    0.20000000000000    0.40000000000000    0.50000000000000             2
    0.40000000000000    0.40000000000000    0.50000000000000             2
   -0.40000000000000    0.40000000000000    0.50000000000000             2
   -0.20000000000000    0.40000000000000    0.50000000000000             2
Tetrahedra
       448    0.00111111111111
         2         2         4         5        19
         2         1         2         4        19
         2         1         2        14        19
         2         2         5        19        20
         2         2        15        19        20
         2         2        14        15        19
         2         3         5         6        20
         2         2         3         5        20
         2         2         3        15        20
         2         3         6        20        21
         2         3        16        20        21
         2         3        15        16        20
         2         3         6         7        21
         2         3         3         6        21
         2         3         3        16        21
         2         3         7        21        22
         2         3        17        21        22
         2         3        16        17        21
         2         2         7         8        22
         2         2         3         7        22
         2         2         3        17        22
         2         2         8        22        23
         2         2        18        22        23
         2         2        17        18        22
         2         1         4         8        23
         2         1         2         8        23
         2         1         2        18        23
         2         1         4        19        23
         2         1        14        19        23
         2         1        14        18        23
         2         5         9        10        24
         2         4         5         9        24
         2         4         5        19        24
         2         5        10        24        25
         2         5        20        24        25
         2         5        19        20        24
         2         6        10        11        25
         2         5         6        10        25
         2         5         6        20        25
         2         6        11        25        26
         2         6        21        25        26
         2         6        20        21        25
         2         7        11        12        26
         2         6         7        11        26
         2         6         7        21        26
         2         7        12        26        27
         2         7        22        26        27
         2         7        21        22        26
         2         8        12        13        27
         2         7         8        12        27
         2         7         8        22        27
         2         8        13        27        28
         2         8        23        27        28
         2         8        22        23        27
         2         4         9        13        28
         2         4         8        13        28
         2         4         8        23        28
         2         4         9        24        28
         2         4        19        24        28
         2         4        19        23        28
         2         9        10        13        29
         2         9         9        10        29
         2         9        10        24        29
         2        10        13        29        30
         2        10        25        29        30
         2        10        24        25        29
         2        11        12        13        30
         2        10        11        13        30
         2        10        11        25        30
         2        11        12        30        31
         2        11        26        30        31
         2        11        25        26        30
         4        11        12        12        31
         2        11        12        26        31
         2        11        12        31        32
         2        12        27        31        32
         2        12        26        27        31
         2        10        11        13        32
         2        11        12        13        32
         2        12        13        27        32
         2        10        13        32        33
         2        13        28        32        33
         2        13        27        28        32
         2         9         9        10        33
         2         9        10        13        33
         2         9        13        28        33
         2         9         9        29        33
         2         9        24        29        33
         2         9        24        28        33
         2         4         8        13        34
         2         4         9        13        34
         2         9        13        29        34
         2         8        13        34        35
         2        13        30        34        35
         2        13        29        30        34
         2         7         8        12        35
         2         8        12        13        35
         2        12        13        30        35
         2         7        12        35        36
         2        12        31        35        36
         2        12        30        31        35
         2         6         7        11        36
         2         7        11        12        36
         2        11        12        31        36
         2         6        11        36        37
         2        11        32        36        37
         2        11        31        32        36
         2         5         6        10        37
         2         6        10        11        37
         2        10        11        32        37
         2         5        10        37        38
         2        10        33        37        38
         2        10        32        33        37
         2         4         5         9        38
         2         5         9        10        38
         2         9        10        33        38
         2         4         9        34        38
         2         9        29        34        38
         2         9        29        33        38
         2         1         2         8        14
         2         1         4         8        14
         2         4         8        14        34
         2         2         8        14        15
         2         8        14        15        35
         2         8        14        34        35
         2         2         3         7        15
         2         2         7         8        15
         2         7         8        15        35
         2         3         7        15        16
         2         7        15        16        36
         2         7        15        35        36
         2         3         3         6        16
         2         3         6         7        16
         2         6         7        16        36
         2         3         6        16        17
         2         6        16        17        37
         2         6        16        36        37
         2         2         3         5        17
         2         3         5         6        17
         2         5         6        17        37
         2         2         5        17        18
         2         5        17        18        38
         2         5        17        37        38
         2         1         2         4        18
         2         2         4         5        18
         2         4         5        18        38
         2         1         4        14        18
         2         4        14        18        34
         2         4        18        34        38
         2        15        19        20        44
         2        14        15        19        44
         2        14        15        39        44
         2        15        20        44        45
         2        15        40        44        45
         2        15        39        40        44
         2        16        20        21        45
         2        15        16        20        45
         2        15        16        40        45
         2        16        21        45        46
         2        16        41        45        46
         2        16        40        41        45
         2        17        21        22        46
         2        16        17        21        46
         2        16        17        41        46
         2        17        22        46        47
         2        17        42        46        47
         2        17        41        42        46
         2        18        22        23        47
         2        17        18        22        47
         2        17        18        42        47
         2        18        23        47        48
         2        18        43        47        48
         2        18        42        43        47
         2        14        19        23        48
         2        14        18        23        48
         2        14        18        43        48
         2        14        19        44        48
         2        14        39        44        48
         2        14        39        43        48
         2        20        24        25        49
         2        19        20        24        49
         2        19        20        44        49
         2        20        25        49        50
         2        20        45        49        50
         2        20        44        45        49
         2        21        25        26        50
         2        20        21        25        50
         2        20        21        45        50
         2        21        26        50        51
         2        21        46        50        51
         2        21        45        46        50
         2        22        26        27        51
         2        21        22        26        51
         2        21        22        46        51
         2        22        27        51        52
         2        22        47        51        52
         2        22        46        47        51
         2        23        27        28        52
         2        22        23        27        52
         2        22        23        47        52
         2        23        28        52        53
         2        23        48        52        53
         2        23        47        48        52
         2        19        24        28        53
         2        19        23        28        53
         2        19        23        48        53
         2        19        24        49        53
         2        19        44        49        53
         2        19        44        48        53
         2        25        29        30        54
         2        24        25        29        54
         2        24        25        49        54
         2        25        30        54        55
         2        25        50        54        55
         2        25        49        50        54
         2        26        30        31        55
         2        25        26        30        55
         2        25        26        50        55
         2        26        31        55        56
         2        26        51        55        56
         2        26        50        51        55
         2        27        31        32        56
         2        26        27        31        56
         2        26        27        51        56
         2        27        32        56        57
         2        27        52        56        57
         2        27        51        52        56
         2        28        32        33        57
         2        27        28        32        57
         2        27        28        52        57
         2        28        33        57        58
         2        28        53        57        58
         2        28        52        53        57
         2        24        29        33        58
         2        24        28        33        58
         2        24        28        53        58
         2        24        29        54        58
         2        24        49        54        58
         2        24        49        53        58
         2        30        34        35        59
         2        29        30        34        59
         2        29        30        54        59
         2        30        35        59        60
         2        30        55        59        60
         2        30        54        55        59
         2        31        35        36        60
         2        30        31        35        60
         2        30        31        55        60
         2        31        36        60        61
         2        31        56        60        61
         2        31        55        56        60
         2        32        36        37        61
         2        31        32        36        61
         2        31        32        56        61
         2        32        37        61        62
         2        32        57        61        62
         2        32        56        57        61
         2        33        37        38        62
         2        32        33        37        62
         2        32        33        57        62
         2        33        38        62        63
         2        33        58        62        63
         2        33        57        58        62
         2        29        34        38        63
         2        29        33        38        63
         2        29        33        58        63
         2        29        34        59        63
         2        29        54        59        63
         2        29        54        58        63
         2        14        15        35        39
         2        14        34        35        39
         2        34        35        39        59
         2        15        35        39        40
         2        35        39        40        60
         2        35        39        59        60
         2        15        16        36        40
         2        15        35        36        40
         2        35        36        40        60
         2        16        36        40        41
         2        36        40        41        61
         2        36        40        60        61
         2        16        17        37        41
         2        16        36        37        41
         2        36        37        41        61
         2        17        37        41        42
         2        37        41        42        62
         2        37        41        61        62
         2        17        18        38        42
         2        17        37        38        42
         2        37        38        42        62
         2        18        38        42        43
         2        38        42        43        63
         2        38        42        62        63
         2        14        18        34        43
         2        18        34        38        43
         2        34        38        43        63
         2        14        34        39        43
         2        34        39        43        59
         2        34        43        59        63
         2        40        44        45        67
         2        39        40        44        67
         2        39        40        64        67
         2        40        45        67        68
         2        40        65        67        68
         2        40        64        65        67
         2        41        45        46        68
         2        40        41        45        68
         2        40        41        65        68
         2        41        46        68        69
         2        41        66        68        69
         2        41        65        66        68
         2        42        46        47        69
         2        41        42        46        69
         2        41        42        66        69
         2        42        47        69        70
         2        42        66        69        70
         2        42        66        66        69
         2        43        47        48        70
         2        42        43        47        70
         2        42        43        66        70
         2        43        48        70        71
         2        43        65        70        71
         2        43        65        66        70
         2        39        44        48        71
         2        39        43        48        71
         2        39        43        65        71
         2        39        44        67        71
         2        39        64        67        71
         2        39        64        65        71
         2        45        49        50        72
         2        44        45        49        72
         2        44        45        67        72
         2        45        50        72        73
         2        45        68        72        73
         2        45        67        68        72
         2        46        50        51        73
         2        45        46        50        73
         2        45        46        68        73
         2        46        51        73        74
         2        46        69        73        74
         2        46        68        69        73
         2        47        51        52        74
         2        46        47        51        74
         2        46        47        69        74
         2        47        52        74        75
         2        47        70        74        75
         2        47        69        70        74
         2        48        52        53        75
         2        47        48        52        75
         2        47        48        70        75
         2        48        53        75        76
         2        48        71        75        76
         2        48        70        71        75
         2        44        49        53        76
         2        44        48        53        76
         2        44        48        71        76
         2        44        49        72        76
         2        44        67        72        76
         2        44        67        71        76
         2        50        54        55        72
         2        49        50        54        72
         2        49        50        72        72
         2        50        55        72        76
         2        50        72        73        76
         2        50        72        72        73
         2        51        55        56        76
         2        50        51        55        76
         2        50        51        73        76
         2        51        56        75        76
         2        51        74        75        76
         2        51        73        74        76
         2        52        56        57        75
         2        51        52        56        75
         2        51        52        74        75
         2        52        57        74        75
         4        52        74        75        75
         2        53        57        58        74
         2        52        53        57        74
         2        52        53        74        75
         2        53        58        73        74
         2        53        73        74        76
         2        53        74        75        76
         2        49        54        58        73
         2        49        53        58        73
         2        49        53        73        76
         2        49        54        72        73
         2        49        72        72        73
         2        49        72        73        76
         2        55        59        60        67
         2        54        55        59        67
         2        54        55        67        72
         2        55        60        67        71
         2        55        67        71        76
         2        55        67        72        76
         2        56        60        61        71
         2        55        56        60        71
         2        55        56        71        76
         2        56        61        70        71
         2        56        70        71        75
         2        56        71        75        76
         2        57        61        62        70
         2        56        57        61        70
         2        56        57        70        75
         2        57        62        69        70
         2        57        69        70        74
         2        57        70        74        75
         2        58        62        63        69
         2        57        58        62        69
         2        57        58        69        74
         2        58        63        68        69
         2        58        68        69        73
         2        58        69        73        74
         2        54        59        63        68
         2        54        58        63        68
         2        54        58        68        73
         2        54        59        67        68
         2        54        67        68        72
         2        54        68        72        73
         2        39        40        60        64
         2        39        59        60        64
         2        59        60        64        67
         2        40        60        64        65
         2        60        64        65        71
         2        60        64        67        71
         2        40        41        61        65
         2        40        60        61        65
         2        60        61        65        71
         2        41        61        65        66
         2        61        65        66        70
         2        61        65        70        71
         2        41        42        62        66
         2        41        61        62        66
         2        61        62        66        70
         2        42        62        66        66
         2        62        66        66        69
         2        62        66        69        70
         2        42        43        63        66
         2        42        62        63        66
         2        62        63        66        69
         2        43        63        65        66
         2        63        65        66        68
         2        63        66        68        69
         2        39        43        59        65
         2        43        59        63        65
         2        59        63        65        68
         2        39        59        64        65
         2        59        64        65        67
         2        59        65        67        68
