Automatically generated mesh
      99
Reciprocal lattice
    0.00000000000000    0.00000000000000    0.00000000000000             1
    0.14285714285714    0.00000000000000    0.00000000000000             2
    0.28571428571429    0.00000000000000    0.00000000000000             2
    0.42857142857143    0.00000000000000    0.00000000000000             2
    0.00000000000000    0.14285714285714    0.00000000000000             2
    0.14285714285714    0.14285714285714    0.00000000000000             2
    0.28571428571429    0.14285714285714    0.00000000000000             2
    0.42857142857143    0.14285714285714    0.00000000000000             2
   -0.42857142857143    0.14285714285714    0.00000000000000             2
   -0.28571428571429    0.14285714285714    0.00000000000000             2
   -0.14285714285714    0.14285714285714    0.00000000000000             2
    0.00000000000000    0.28571428571429    0.00000000000000             2
    0.14285714285714    0.28571428571429    0.00000000000000             2
    0.28571428571429    0.28571428571429    0.00000000000000             2
    0.42857142857143    0.28571428571429    0.00000000000000             2
   -0.42857142857143    0.28571428571429    0.00000000000000             2
   -0.28571428571429    0.28571428571429    0.00000000000000             2
   -0.14285714285714    0.28571428571429    0.00000000000000             2
    0.00000000000000    0.42857142857143    0.00000000000000             2
    0.14285714285714    0.42857142857143    0.00000000000000             2
    0.28571428571429    0.42857142857143    0.00000000000000             2
    0.42857142857143    0.42857142857143    0.00000000000000             2
   -0.42857142857143    0.42857142857143    0.00000000000000             2
   -0.28571428571429    0.42857142857143    0.00000000000000             2
   -0.14285714285714    0.42857142857143    0.00000000000000             2
    0.00000000000000    0.00000000000000    0.25000000000000             2
    0.14285714285714    0.00000000000000    0.25000000000000             2
    0.28571428571429    0.00000000000000    0.25000000000000             2
    0.42857142857143    0.00000000000000    0.25000000000000             2
   -0.42857142857143    0.00000000000000    0.25000000000000             2
   -0.28571428571429    0.00000000000000    0.25000000000000             2
   -0.14285714285714    0.00000000000000    0.25000000000000             2
    0.00000000000000    0.14285714285714    0.25000000000000             2
    0.14285714285714    0.14285714285714    0.25000000000000             2
    0.28571428571429    0.14285714285714    0.25000000000000             2
    0.42857142857143    0.14285714285714    0.25000000000000             2
   -0.42857142857143    0.14285714285714    0.25000000000000             2
   -0.28571428571429    0.14285714285714    0.25000000000000             2
   -0.14285714285714    0.14285714285714    0.25000000000000             2
    0.00000000000000    0.28571428571429    0.25000000000000             2
    0.14285714285714    0.28571428571429    0.25000000000000             2
    0.28571428571429    0.28571428571429    0.25000000000000             2
    0.42857142857143    0.28571428571429    0.25000000000000             2
   -0.42857142857143    0.28571428571429    0.25000000000000             2
   -0.28571428571429    0.28571428571429    0.25000000000000             2
   -0.14285714285714    0.28571428571429    0.25000000000000             2
    0.00000000000000    0.42857142857143    0.25000000000000             2
    0.14285714285714    0.42857142857143    0.25000000000000             2
    0.28571428571429    0.42857142857143    0.25000000000000             2
    0.42857142857143    0.42857142857143    0.25000000000000             2
   -0.42857142857143    0.42857142857143    0.25000000000000             2
   -0.28571428571429    0.42857142857143    0.25000000000000             2
   -0.14285714285714    0.42857142857143    0.25000000000000             2
    0.00000000000000   -0.42857142857143    0.25000000000000             2
    0.14285714285714   -0.42857142857143    0.25000000000000             2
    0.28571428571429   -0.42857142857143    0.25000000000000             2
    0.42857142857143   -0.42857142857143    0.25000000000000             2
   -0.42857142857143   -0.42857142857143    0.25000000000000             2
   -0.28571428571429   -0.42857142857143    0.25000000000000             2
   -0.14285714285714   -0.42857142857143    0.25000000000000             2
    0.00000000000000   -0.28571428571429    0.25000000000000             2
    0.14285714285714   -0.28571428571429    0.25000000000000             2
    0.28571428571429   -0.28571428571429    0.25000000000000             2
    0.42857142857143   -0.28571428571429    0.25000000000000             2
   -0.42857142857143   -0.28571428571429    0.25000000000000             2
   -0.28571428571429   -0.28571428571429    0.25000000000000             2
   -0.14285714285714   -0.28571428571429    0.25000000000000             2
    0.00000000000000   -0.14285714285714    0.25000000000000             2
    0.14285714285714   -0.14285714285714    0.25000000000000             2
    0.28571428571429   -0.14285714285714    0.25000000000000             2
    0.42857142857143   -0.14285714285714    0.25000000000000             2
   -0.42857142857143   -0.14285714285714    0.25000000000000             2
   -0.28571428571429   -0.14285714285714    0.25000000000000             2
   -0.14285714285714   -0.14285714285714    0.25000000000000             2
    0.00000000000000    0.00000000000000    0.50000000000000             1
    0.14285714285714    0.00000000000000    0.50000000000000             2
    0.28571428571429    0.00000000000000    0.50000000000000             2
    0.42857142857143    0.00000000000000    0.50000000000000             2
    0.00000000000000    0.14285714285714    0.50000000000000             2
    0.14285714285714    0.14285714285714    0.50000000000000             2
    0.28571428571429    0.14285714285714    0.50000000000000             2
    0.42857142857143    0.14285714285714    0.50000000000000             2
   -0.42857142857143    0.14285714285714    0.50000000000000             2
   -0.28571428571429    0.14285714285714    0.50000000000000             2
   -0.14285714285714    0.14285714285714    0.50000000000000             2
    0.00000000000000    0.28571428571429    0.50000000000000             2
    0.14285714285714    0.28571428571429    0.50000000000000             2
    0.28571428571429    0.28571428571429    0.50000000000000             2
    0.42857142857143    0.28571428571429    0.50000000000000             2
   -0.42857142857143    0.28571428571429    0.50000000000000             2
   -0.28571428571429    0.28571428571429    0.50000000000000             2
   -0.14285714285714    0.28571428571429    0.50000000000000             2
    0.00000000000000    0.42857142857143    0.50000000000000             2
    0.14285714285714    0.42857142857143    0.50000000000000             2
    0.28571428571429    0.42857142857143    0.50000000000000             2
    0.42857142857143    0.42857142857143    0.50000000000000             2
   -0.42857142857143    0.42857142857143    0.50000000000000             2
   -0.28571428571429    0.42857142857143    0.50000000000000             2
   -0.14285714285714    0.42857142857143    0.50000000000000             2
Tetrahedra
       586    0.00085034013605
         2         2         5         6        33
         2         1         2         5        33
         2         1         2        26        33
         2         2         6        33        34
         2         2        27        33        34
         2         2        26        27        33
         2         3         6         7        34
         2         2         3         6        34
         2         2         3        27        34
         2         3         7        34        35
         2         3        28        34        35
         2         3        27        28        34
         2         4         7         8        35
         2         3         4         7        35
         2         3         4        28        35
         2         4         8        35        36
         2         4        29        35        36
         2         4        28        29        35
         2         4         8         9        36
         2         4         4         8        36
         2         4         4        29        36
         2         4         9        36        37
         2         4        30        36        37
         2         4        29        30        36
         2         3         9        10        37
         2         3         4         9        37
         2         3         4        30        37
         2         3        10        37        38
         2         3        31        37        38
         2         3        30        31        37
         2         2        10        11        38
         2         2         3        10        38
         2         2         3        31        38
         2         2        11        38        39
         2         2        32        38        39
         2         2        31        32        38
         2         1         5        11        39
         2         1         2        11        39
         2         1         2        32        39
         2         1         5        33        39
         2         1        26        33        39
         2         1        26        32        39
         2         6        12        13        40
         2         5         6        12        40
         2         5         6        33        40
         2         6        13        40        41
         2         6        34        40        41
         2         6        33        34        40
         2         7        13        14        41
         2         6         7        13        41
         2         6         7        34        41
         2         7        14        41        42
         2         7        35        41        42
         2         7        34        35        41
         2         8        14        15        42
         2         7         8        14        42
         2         7         8        35        42
         2         8        15        42        43
         2         8        36        42        43
         2         8        35        36        42
         2         9        15        16        43
         2         8         9        15        43
         2         8         9        36        43
         2         9        16        43        44
         2         9        37        43        44
         2         9        36        37        43
         2        10        16        17        44
         2         9        10        16        44
         2         9        10        37        44
         2        10        17        44        45
         2        10        38        44        45
         2        10        37        38        44
         2        11        17        18        45
         2        10        11        17        45
         2        10        11        38        45
         2        11        18        45        46
         2        11        39        45        46
         2        11        38        39        45
         2         5        12        18        46
         2         5        11        18        46
         2         5        11        39        46
         2         5        12        40        46
         2         5        33        40        46
         2         5        33        39        46
         2        13        19        20        47
         2        12        13        19        47
         2        12        13        40        47
         2        13        20        47        48
         2        13        41        47        48
         2        13        40        41        47
         2        14        20        21        48
         2        13        14        20        48
         2        13        14        41        48
         2        14        21        48        49
         2        14        42        48        49
         2        14        41        42        48
         2        15        21        22        49
         2        14        15        21        49
         2        14        15        42        49
         2        15        22        49        50
         2        15        43        49        50
         2        15        42        43        49
         2        16        22        23        50
         2        15        16        22        50
         2        15        16        43        50
         2        16        23        50        51
         2        16        44        50        51
         2        16        43        44        50
         2        17        23        24        51
         2        16        17        23        51
         2        16        17        44        51
         2        17        24        51        52
         2        17        45        51        52
         2        17        44        45        51
         2        18        24        25        52
         2        17        18        24        52
         2        17        18        45        52
         2        18        25        52        53
         2        18        46        52        53
         2        18        45        46        52
         2        12        19        25        53
         2        12        18        25        53
         2        12        18        46        53
         2        12        19        47        53
         2        12        40        47        53
         2        12        40        46        53
         2        19        20        25        54
         2        19        19        20        54
         2        19        20        47        54
         2        20        25        54        55
         2        20        48        54        55
         2        20        47        48        54
         2        21        24        25        55
         2        20        21        25        55
         2        20        21        48        55
         2        21        24        55        56
         2        21        49        55        56
         2        21        48        49        55
         2        22        23        24        56
         2        21        22        24        56
         2        21        22        49        56
         2        22        23        56        57
         2        22        50        56        57
         2        22        49        50        56
         4        22        23        23        57
         2        22        23        50        57
         2        22        23        57        58
         2        23        51        57        58
         2        23        50        51        57
         2        21        22        24        58
         2        22        23        24        58
         2        23        24        51        58
         2        21        24        58        59
         2        24        52        58        59
         2        24        51        52        58
         2        20        21        25        59
         2        21        24        25        59
         2        24        25        52        59
         2        20        25        59        60
         2        25        53        59        60
         2        25        52        53        59
         2        19        19        20        60
         2        19        20        25        60
         2        19        25        53        60
         2        19        19        54        60
         2        19        47        54        60
         2        19        47        53        60
         2        12        18        25        61
         2        12        19        25        61
         2        19        25        54        61
         2        18        25        61        62
         2        25        55        61        62
         2        25        54        55        61
         2        17        18        24        62
         2        18        24        25        62
         2        24        25        55        62
         2        17        24        62        63
         2        24        56        62        63
         2        24        55        56        62
         2        16        17        23        63
         2        17        23        24        63
         2        23        24        56        63
         2        16        23        63        64
         2        23        57        63        64
         2        23        56        57        63
         2        15        16        22        64
         2        16        22        23        64
         2        22        23        57        64
         2        15        22        64        65
         2        22        58        64        65
         2        22        57        58        64
         2        14        15        21        65
         2        15        21        22        65
         2        21        22        58        65
         2        14        21        65        66
         2        21        59        65        66
         2        21        58        59        65
         2        13        14        20        66
         2        14        20        21        66
         2        20        21        59        66
         2        13        20        66        67
         2        20        60        66        67
         2        20        59        60        66
         2        12        13        19        67
         2        13        19        20        67
         2        19        20        60        67
         2        12        19        61        67
         2        19        54        61        67
         2        19        54        60        67
         2         5        11        18        68
         2         5        12        18        68
         2        12        18        61        68
         2        11        18        68        69
         2        18        62        68        69
         2        18        61        62        68
         2        10        11        17        69
         2        11        17        18        69
         2        17        18        62        69
         2        10        17        69        70
         2        17        63        69        70
         2        17        62        63        69
         2         9        10        16        70
         2        10        16        17        70
         2        16        17        63        70
         2         9        16        70        71
         2        16        64        70        71
         2        16        63        64        70
         2         8         9        15        71
         2         9        15        16        71
         2        15        16        64        71
         2         8        15        71        72
         2        15        65        71        72
         2        15        64        65        71
         2         7         8        14        72
         2         8        14        15        72
         2        14        15        65        72
         2         7        14        72        73
         2        14        66        72        73
         2        14        65        66        72
         2         6         7        13        73
         2         7        13        14        73
         2        13        14        66        73
         2         6        13        73        74
         2        13        67        73        74
         2        13        66        67        73
         2         5         6        12        74
         2         6        12        13        74
         2        12        13        67        74
         2         5        12        68        74
         2        12        61        68        74
         2        12        61        67        74
         2         1         2        11        26
         2         1         5        11        26
         2         5        11        26        68
         2         2        11        26        27
         2        11        26        27        69
         2        11        26        68        69
         2         2         3        10        27
         2         2        10        11        27
         2        10        11        27        69
         2         3        10        27        28
         2        10        27        28        70
         2        10        27        69        70
         2         3         4         9        28
         2         3         9        10        28
         2         9        10        28        70
         2         4         9        28        29
         2         9        28        29        71
         2         9        28        70        71
         2         4         4         8        29
         2         4         8         9        29
         2         8         9        29        71
         2         4         8        29        30
         2         8        29        30        72
         2         8        29        71        72
         2         3         4         7        30
         2         4         7         8        30
         2         7         8        30        72
         2         3         7        30        31
         2         7        30        31        73
         2         7        30        72        73
         2         2         3         6        31
         2         3         6         7        31
         2         6         7        31        73
         2         2         6        31        32
         2         6        31        32        74
         2         6        31        73        74
         2         1         2         5        32
         2         2         5         6        32
         2         5         6        32        74
         2         1         5        26        32
         2         5        26        32        68
         2         5        32        68        74
         2        27        33        34        79
         2        26        27        33        79
         2        26        27        75        79
         2        27        34        79        80
         2        27        76        79        80
         2        27        75        76        79
         2        28        34        35        80
         2        27        28        34        80
         2        27        28        76        80
         2        28        35        80        81
         2        28        77        80        81
         2        28        76        77        80
         2        29        35        36        81
         2        28        29        35        81
         2        28        29        77        81
         2        29        36        81        82
         2        29        78        81        82
         2        29        77        78        81
         2        30        36        37        82
         2        29        30        36        82
         2        29        30        78        82
         2        30        37        82        83
         2        30        78        82        83
         2        30        78        78        82
         2        31        37        38        83
         2        30        31        37        83
         2        30        31        78        83
         2        31        38        83        84
         2        31        77        83        84
         2        31        77        78        83
         2        32        38        39        84
         2        31        32        38        84
         2        31        32        77        84
         2        32        39        84        85
         2        32        76        84        85
         2        32        76        77        84
         2        26        33        39        85
         2        26        32        39        85
         2        26        32        76        85
         2        26        33        79        85
         2        26        75        79        85
         2        26        75        76        85
         2        34        40        41        86
         2        33        34        40        86
         2        33        34        79        86
         2        34        41        86        87
         2        34        80        86        87
         2        34        79        80        86
         2        35        41        42        87
         2        34        35        41        87
         2        34        35        80        87
         2        35        42        87        88
         2        35        81        87        88
         2        35        80        81        87
         2        36        42        43        88
         2        35        36        42        88
         2        35        36        81        88
         2        36        43        88        89
         2        36        82        88        89
         2        36        81        82        88
         2        37        43        44        89
         2        36        37        43        89
         2        36        37        82        89
         2        37        44        89        90
         2        37        83        89        90
         2        37        82        83        89
         2        38        44        45        90
         2        37        38        44        90
         2        37        38        83        90
         2        38        45        90        91
         2        38        84        90        91
         2        38        83        84        90
         2        39        45        46        91
         2        38        39        45        91
         2        38        39        84        91
         2        39        46        91        92
         2        39        85        91        92
         2        39        84        85        91
         2        33        40        46        92
         2        33        39        46        92
         2        33        39        85        92
         2        33        40        86        92
         2        33        79        86        92
         2        33        79        85        92
         2        41        47        48        93
         2        40        41        47        93
         2        40        41        86        93
         2        41        48        93        94
         2        41        87        93        94
         2        41        86        87        93
         2        42        48        49        94
         2        41        42        48        94
         2        41        42        87        94
         2        42        49        94        95
         2        42        88        94        95
         2        42        87        88        94
         2        43        49        50        95
         2        42        43        49        95
         2        42        43        88        95
         2        43        50        95        96
         2        43        89        95        96
         2        43        88        89        95
         2        44        50        51        96
         2        43        44        50        96
         2        43        44        89        96
         2        44        51        96        97
         2        44        90        96        97
         2        44        89        90        96
         2        45        51        52        97
         2        44        45        51        97
         2        44        45        90        97
         2        45        52        97        98
         2        45        91        97        98
         2        45        90        91        97
         2        46        52        53        98
         2        45        46        52        98
         2        45        46        91        98
         2        46        53        98        99
         2        46        92        98        99
         2        46        91        92        98
         2        40        47        53        99
         2        40        46        53        99
         2        40        46        92        99
         2        40        47        93        99
         2        40        86        93        99
         2        40        86        92        99
         2        48        54        55        93
         2        47        48        54        93
         2        47        48        93        93
         2        48        55        93        99
         2        48        93        94        99
         2        48        93        93        94
         2        49        55        56        99
         2        48        49        55        99
         2        48        49        94        99
         2        49        56        98        99
         2        49        95        98        99
         2        49        94        95        99
         2        50        56        57        98
         2        49        50        56        98
         2        49        50        95        98
         2        50        57        97        98
         2        50        96        97        98
         2        50        95        96        98
         2        51        57        58        97
         2        50        51        57        97
         2        50        51        96        97
         2        51        58        96        97
         4        51        96        97        97
         2        52        58        59        96
         2        51        52        58        96
         2        51        52        96        97
         2        52        59        95        96
         2        52        95        96        98
         2        52        96        97        98
         2        53        59        60        95
         2        52        53        59        95
         2        52        53        95        98
         2        53        60        94        95
         2        53        94        95        99
         2        53        95        98        99
         2        47        54        60        94
         2        47        53        60        94
         2        47        53        94        99
         2        47        54        93        94
         2        47        93        93        94
         2        47        93        94        99
         2        55        61        62        86
         2        54        55        61        86
         2        54        55        86        93
         2        55        62        86        92
         2        55        86        92        99
         2        55        86        93        99
         2        56        62        63        92
         2        55        56        62        92
         2        55        56        92        99
         2        56        63        91        92
         2        56        91        92        98
         2        56        92        98        99
         2        57        63        64        91
         2        56        57        63        91
         2        56        57        91        98
         2        57        64        90        91
         2        57        90        91        97
         2        57        91        97        98
         2        58        64        65        90
         2        57        58        64        90
         2        57        58        90        97
         2        58        65        89        90
         2        58        89        90        96
         2        58        90        96        97
         2        59        65        66        89
         2        58        59        65        89
         2        58        59        89        96
         2        59        66        88        89
         2        59        88        89        95
         2        59        89        95        96
         2        60        66        67        88
         2        59        60        66        88
         2        59        60        88        95
         2        60        67        87        88
         2        60        87        88        94
         2        60        88        94        95
         2        54        61        67        87
         2        54        60        67        87
         2        54        60        87        94
         2        54        61        86        87
         2        54        86        87        93
         2        54        87        93        94
         2        62        68        69        79
         2        61        62        68        79
         2        61        62        79        86
         2        62        69        79        85
         2        62        79        85        92
         2        62        79        86        92
         2        63        69        70        85
         2        62        63        69        85
         2        62        63        85        92
         2        63        70        84        85
         2        63        84        85        91
         2        63        85        91        92
         2        64        70        71        84
         2        63        64        70        84
         2        63        64        84        91
         2        64        71        83        84
         2        64        83        84        90
         2        64        84        90        91
         2        65        71        72        83
         2        64        65        71        83
         2        64        65        83        90
         2        65        72        82        83
         2        65        82        83        89
         2        65        83        89        90
         2        66        72        73        82
         2        65        66        72        82
         2        65        66        82        89
         2        66        73        81        82
         2        66        81        82        88
         2        66        82        88        89
         2        67        73        74        81
         2        66        67        73        81
         2        66        67        81        88
         2        67        74        80        81
         2        67        80        81        87
         2        67        81        87        88
         2        61        68        74        80
         2        61        67        74        80
         2        61        67        80        87
         2        61        68        79        80
         2        61        79        80        86
         2        61        80        86        87
         2        26        27        69        75
         2        26        68        69        75
         2        68        69        75        79
         2        27        69        75        76
         2        69        75        76        85
         2        69        75        79        85
         2        27        28        70        76
         2        27        69        70        76
         2        69        70        76        85
         2        28        70        76        77
         2        70        76        77        84
         2        70        76        84        85
         2        28        29        71        77
         2        28        70        71        77
         2        70        71        77        84
         2        29        71        77        78
         2        71        77        78        83
         2        71        77        83        84
         2        29        30        72        78
         2        29        71        72        78
         2        71        72        78        83
         2        30        72        78        78
         2        72        78        78        82
         2        72        78        82        83
         2        30        31        73        78
         2        30        72        73        78
         2        72        73        78        82
         2        31        73        77        78
         2        73        77        78        81
         2        73        78        81        82
         2        31        32        74        77
         2        31        73        74        77
         2        73        74        77        81
         2        32        74        76        77
         2        74        76        77        80
         2        74        77        80        81
         2        26        32        68        76
         2        32        68        74        76
         2        68        74        76        80
         2        26        68        75        76
         2        68        75        76        79
         2        68        76        79        80
