Automatically generated mesh
      51
Reciprocal lattice
    0.00000000000000    0.00000000000000    0.00000000000000             1
    0.20000000000000    0.00000000000000    0.00000000000000             2
    0.40000000000000    0.00000000000000    0.00000000000000             2
    0.00000000000000    0.25000000000000    0.00000000000000             2
    0.20000000000000    0.25000000000000    0.00000000000000             2
    0.40000000000000    0.25000000000000    0.00000000000000             2
   -0.40000000000000    0.25000000000000    0.00000000000000             2
   -0.20000000000000    0.25000000000000    0.00000000000000             2
    0.00000000000000    0.50000000000000    0.00000000000000             1
    0.20000000000000    0.50000000000000    0.00000000000000             2
    0.40000000000000    0.50000000000000    0.00000000000000             2
    0.00000000000000    0.00000000000000    0.20000000000000             2
    0.20000000000000    0.00000000000000    0.20000000000000             2
    0.40000000000000    0.00000000000000    0.20000000000000             2
   -0.40000000000000    0.00000000000000    0.20000000000000             2
   -0.20000000000000    0.00000000000000    0.20000000000000             2
    0.00000000000000    0.25000000000000    0.20000000000000             2
    0.20000000000000    0.25000000000000    0.20000000000000             2
    0.40000000000000    0.25000000000000    0.20000000000000             2
   -0.40000000000000    0.25000000000000    0.20000000000000             2
   -0.20000000000000    0.25000000000000    0.20000000000000             2
    0.00000000000000    0.50000000000000    0.20000000000000             2
    0.20000000000000    0.50000000000000    0.20000000000000             2
    0.40000000000000    0.50000000000000    0.20000000000000             2
   -0.40000000000000    0.50000000000000    0.20000000000000             2
   -0.20000000000000    0.50000000000000    0.20000000000000             2
    0.00000000000000   -0.25000000000000    0.20000000000000             2
    0.20000000000000   -0.25000000000000    0.20000000000000             2
    0.40000000000000   -0.25000000000000    0.20000000000000             2
   -0.40000000000000   -0.25000000000000    0.20000000000000             2
   -0.20000000000000   -0.25000000000000    0.20000000000000             2
    0.00000000000000    0.00000000000000    0.40000000000000             2
    0.20000000000000    0.00000000000000    0.40000000000000             2
    0.40000000000000    0.00000000000000    0.40000000000000             2
   -0.40000000000000    0.00000000000000    0.40000000000000             2
   -0.20000000000000    0.00000000000000    0.40000000000000             2
    0.00000000000000    0.25000000000000    0.40000000000000             2
    0.20000000000000    0.25000000000000    0.40000000000000             2
    0.40000000000000    0.25000000000000    0.40000000000000             2
   -0.40000000000000    0.25000000000000    0.40000000000000             2
   -0.20000000000000    0.25000000000000    0.40000000000000             2
    0.00000000000000    0.50000000000000    0.40000000000000             2
    0.20000000000000    0.50000000000000    0.40000000000000             2
    0.40000000000000    0.50000000000000    0.40000000000000             2
   -0.40000000000000    0.50000000000000    0.40000000000000             2
   -0.20000000000000    0.50000000000000    0.40000000000000             2
    0.00000000000000   -0.25000000000000    0.40000000000000             2
    0.20000000000000   -0.25000000000000    0.40000000000000             2
    0.40000000000000   -0.25000000000000    0.40000000000000             2
   -0.40000000000000   -0.25000000000000    0.40000000000000             2
   -0.20000000000000   -0.25000000000000    0.40000000000000             2
Tetrahedra
       298    0.00166666666667
         2         1         2         5        12
         2         1         4         5        12
         2         4         5        12        17
         2         2         5        12        13
         2         5        12        13        18
         2         5        12        17        18
         2         2         3         6        13
         2         2         5         6        13
         2         5         6        13        18
         2         3         6        13        14
         2         6        13        14        19
         2         6        13        18        19
         2         3         3         7        14
         2         3         6         7        14
         2         6         7        14        19
         2         3         7        14        15
         2         7        14        15        20
         2         7        14        19        20
         2         2         3         8        15
         2         3         7         8        15
         2         7         8        15        20
         2         2         8        15        16
         2         8        15        16        21
         2         8        15        20        21
         2         1         2         4        16
         2         2         4         8        16
         2         4         8        16        21
         2         1         4        12        16
         2         4        12        16        17
         2         4        16        17        21
         2         4         5        10        17
         2         4         9        10        17
         2         9        10        17        22
         2         5        10        17        18
         2        10        17        18        23
         2        10        17        22        23
         2         5         6        11        18
         2         5        10        11        18
         2        10        11        18        23
         2         6        11        18        19
         2        11        18        19        24
         2        11        18        23        24
         2         6         7        11        19
         2         6        11        11        19
         2        11        11        19        24
         2         7        11        19        20
         2        11        19        20        25
         2        11        19        24        25
         2         7         8        10        20
         2         7        10        11        20
         2        10        11        20        25
         2         8        10        20        21
         2        10        20        21        26
         2        10        20        25        26
         2         4         8         9        21
         2         8         9        10        21
         2         9        10        21        26
         2         4         9        17        21
         2         9        17        21        22
         2         9        21        22        26
         2         8         9        10        22
         2         4         8         9        22
         2         4         8        22        27
         2         8        10        22        23
         2         8        22        23        28
         2         8        22        27        28
         2         7        10        11        23
         2         7         8        10        23
         2         7         8        23        28
         2         7        11        23        24
         2         7        23        24        29
         2         7        23        28        29
         2         6        11        11        24
         2         6         7        11        24
         2         6         7        24        29
         2         6        11        24        25
         2         6        24        25        30
         2         6        24        29        30
         2         5        10        11        25
         2         5         6        11        25
         2         5         6        25        30
         2         5        10        25        26
         2         5        25        26        31
         2         5        25        30        31
         2         4         9        10        26
         2         4         5        10        26
         2         4         5        26        31
         2         4         9        22        26
         2         4        22        26        27
         2         4        26        27        31
         2         2         4         8        27
         2         1         2         4        27
         2         1         2        12        27
         2         2         8        27        28
         2         2        13        27        28
         2         2        12        13        27
         2         3         7         8        28
         2         2         3         8        28
         2         2         3        13        28
         2         3         7        28        29
         2         3        14        28        29
         2         3        13        14        28
         2         3         6         7        29
         2         3         3         7        29
         2         3         3        14        29
         2         3         6        29        30
         2         3        15        29        30
         2         3        14        15        29
         2         2         5         6        30
         2         2         3         6        30
         2         2         3        15        30
         2         2         5        30        31
         2         2        16        30        31
         2         2        15        16        30
         2         1         4         5        31
         2         1         2         5        31
         2         1         2        16        31
         2         1         4        27        31
         2         1        12        27        31
         2         1        12        16        31
         2        12        13        18        32
         2        12        17        18        32
         2        17        18        32        37
         2        13        18        32        33
         2        18        32        33        38
         2        18        32        37        38
         2        13        14        19        33
         2        13        18        19        33
         2        18        19        33        38
         2        14        19        33        34
         2        19        33        34        39
         2        19        33        38        39
         2        14        15        20        34
         2        14        19        20        34
         2        19        20        34        39
         2        15        20        34        35
         2        20        34        35        40
         2        20        34        39        40
         2        15        16        21        35
         2        15        20        21        35
         2        20        21        35        40
         2        16        21        35        36
         2        21        35        36        41
         2        21        35        40        41
         2        12        16        17        36
         2        16        17        21        36
         2        17        21        36        41
         2        12        17        32        36
         2        17        32        36        37
         2        17        36        37        41
         2        17        18        23        37
         2        17        22        23        37
         2        22        23        37        42
         2        18        23        37        38
         2        23        37        38        43
         2        23        37        42        43
         2        18        19        24        38
         2        18        23        24        38
         2        23        24        38        43
         2        19        24        38        39
         2        24        38        39        44
         2        24        38        43        44
         2        19        20        25        39
         2        19        24        25        39
         2        24        25        39        44
         2        20        25        39        40
         2        25        39        40        45
         2        25        39        44        45
         2        20        21        26        40
         2        20        25        26        40
         2        25        26        40        45
         2        21        26        40        41
         2        26        40        41        46
         2        26        40        45        46
         2        17        21        22        41
         2        21        22        26        41
         2        22        26        41        46
         2        17        22        37        41
         2        22        37        41        42
         2        22        41        42        46
         2        22        23        28        42
         2        22        27        28        42
         2        27        28        42        47
         2        23        28        42        43
         2        28        42        43        48
         2        28        42        47        48
         2        23        24        29        43
         2        23        28        29        43
         2        28        29        43        48
         2        24        29        43        44
         2        29        43        44        49
         2        29        43        48        49
         2        24        25        30        44
         2        24        29        30        44
         2        29        30        44        49
         2        25        30        44        45
         2        30        44        45        50
         2        30        44        49        50
         2        25        26        31        45
         2        25        30        31        45
         2        30        31        45        50
         2        26        31        45        46
         2        31        45        46        51
         2        31        45        50        51
         2        22        26        27        46
         2        26        27        31        46
         2        27        31        46        51
         2        22        27        42        46
         2        27        42        46        47
         2        27        46        47        51
         2        13        27        28        47
         2        12        13        27        47
         2        12        13        32        47
         2        13        28        47        48
         2        13        33        47        48
         2        13        32        33        47
         2        14        28        29        48
         2        13        14        28        48
         2        13        14        33        48
         2        14        29        48        49
         2        14        34        48        49
         2        14        33        34        48
         2        15        29        30        49
         2        14        15        29        49
         2        14        15        34        49
         2        15        30        49        50
         2        15        35        49        50
         2        15        34        35        49
         2        16        30        31        50
         2        15        16        30        50
         2        15        16        35        50
         2        16        31        50        51
         2        16        36        50        51
         2        16        35        36        50
         2        12        27        31        51
         2        12        16        31        51
         2        12        16        36        51
         2        12        27        47        51
         2        12        32        47        51
         2        12        32        36        51
         2        32        32        33        38
         2        32        32        37        38
         2        32        37        38        47
         2        32        33        36        38
         2        32        36        38        51
         2        32        38        47        51
         2        33        34        36        39
         2        33        36        38        39
         2        36        38        39        51
         2        34        35        36        39
         2        35        36        39        50
         2        36        39        50        51
         4        34        35        35        40
         2        34        35        39        40
         2        35        39        40        50
         2        34        35        40        49
         2        35        40        49        50
         2        34        35        36        41
         2        34        35        40        41
         2        34        40        41        49
         2        33        34        36        41
         2        33        34        41        48
         2        34        41        48        49
         2        32        33        36        37
         2        33        36        37        41
         2        33        37        41        48
         2        32        32        33        37
         2        32        33        37        47
         2        33        37        47        48
         2        37        38        43        47
         2        37        42        43        47
         2        42        42        43        47
         2        38        43        47        51
         2        43        46        47        51
         2        42        43        46        47
         2        38        39        44        51
         2        38        43        44        51
         2        43        44        46        51
         2        39        44        50        51
         2        44        45        50        51
         2        44        45        46        51
         2        39        40        45        50
         2        39        44        45        50
         4        44        45        45        50
         2        40        45        49        50
         2        44        45        49        50
         2        40        41        46        49
         2        40        45        46        49
         2        44        45        46        49
         2        41        46        48        49
         2        43        46        48        49
         2        43        44        46        49
         2        37        41        42        48
         2        41        42        46        48
         2        42        43        46        48
         2        37        42        47        48
         2        42        42        47        48
         2        42        42        43        48
