Automatically generated mesh
     128
Reciprocal lattice
    0.00000000000000    0.00000000000000    0.00000000000000             1
    0.16666666666667    0.00000000000000    0.00000000000000             2
    0.33333333333333    0.00000000000000    0.00000000000000             2
    0.50000000000000    0.00000000000000    0.00000000000000             1
    0.00000000000000    0.16666666666667    0.00000000000000             2
    0.16666666666667    0.16666666666667    0.00000000000000             2
    0.33333333333333    0.16666666666667    0.00000000000000             2
    0.50000000000000    0.16666666666667    0.00000000000000             2
   -0.33333333333333    0.16666666666667    0.00000000000000             2
   -0.16666666666667    0.16666666666667    0.00000000000000             2
    0.00000000000000    0.33333333333333    0.00000000000000             2
    0.16666666666667    0.33333333333333    0.00000000000000             2
    0.33333333333333    0.33333333333333    0.00000000000000             2
    0.50000000000000    0.33333333333333    0.00000000000000             2
   -0.33333333333333    0.33333333333333    0.00000000000000             2
   -0.16666666666667    0.33333333333333    0.00000000000000             2
    0.00000000000000    0.50000000000000    0.00000000000000             1
    0.16666666666667    0.50000000000000    0.00000000000000             2
    0.33333333333333    0.50000000000000    0.00000000000000             2
    0.50000000000000    0.50000000000000    0.00000000000000             1
    0.00000000000000    0.00000000000000    0.14285714285714             2
    0.16666666666667    0.00000000000000    0.14285714285714             2
    0.33333333333333    0.00000000000000    0.14285714285714             2
    0.50000000000000    0.00000000000000    0.14285714285714             2
   -0.33333333333333    0.00000000000000    0.14285714285714             2
   -0.16666666666667    0.00000000000000    0.14285714285714             2
    0.00000000000000    0.16666666666667    0.14285714285714             2
    0.16666666666667    0.16666666666667    0.14285714285714             2
    0.33333333333333    0.16666666666667    0.14285714285714             2
    0.50000000000000    0.16666666666667    0.14285714285714             2
   -0.33333333333333    0.16666666666667    0.14285714285714             2
   -0.16666666666667    0.16666666666667    0.14285714285714             2
    0.00000000000000    0.33333333333333    0.14285714285714             2
    0.16666666666667    0.33333333333333    0.14285714285714             2
    0.33333333333333    0.33333333333333    0.14285714285714             2
    0.50000000000000    0.33333333333333    0.14285714285714             2
   -0.33333333333333    0.33333333333333    0.14285714285714             2
   -0.16666666666667    0.33333333333333    0.14285714285714             2
    0.00000000000000    0.50000000000000    0.14285714285714             2
    0.16666666666667    0.50000000000000    0.14285714285714             2
    0.33333333333333    0.50000000000000    0.14285714285714             2
    0.50000000000000    0.50000000000000    0.14285714285714             2
   -0.33333333333333    0.50000000000000    0.14285714285714             2
   -0.16666666666667    0.50000000000000    0.14285714285714             2
    0.00000000000000   -0.33333333333333    0.14285714285714             2
    0.16666666666667   -0.33333333333333    0.14285714285714             2
    0.33333333333333   -0.33333333333333    0.14285714285714             2
    0.50000000000000   -0.33333333333333    0.14285714285714             2
   -0.33333333333333   -0.33333333333333    0.14285714285714             2
   -0.16666666666667   -0.33333333333333    0.14285714285714             2
    0.00000000000000   -0.16666666666667    0.14285714285714             2
    0.16666666666667   -0.16666666666667    0.14285714285714             2
    0.33333333333333   -0.16666666666667    0.14285714285714             2
    0.50000000000000   -0.16666666666667    0.14285714285714             2
   -0.33333333333333   -0.16666666666667    0.14285714285714             2
   -0.16666666666667   -0.16666666666667    0.14285714285714             2
    0.00000000000000    0.00000000000000    0.28571428571429             2
    0.16666666666667    0.00000000000000    0.28571428571429             2
    0.33333333333333    0.00000000000000    0.28571428571429             2
    0.50000000000000    0.00000000000000    0.28571428571429             2
   -0.33333333333333    0.00000000000000    0.28571428571429             2
   -0.16666666666667    0.00000000000000    0.28571428571429             2
    0.00000000000000    0.16666666666667    0.28571428571429             2
    0.16666666666667    0.16666666666667    0.28571428571429             2
    0.33333333333333    0.16666666666667    0.28571428571429             2
    0.50000000000000    0.16666666666667    0.28571428571429             2
   -0.33333333333333    0.16666666666667    0.28571428571429             2
   -0.16666666666667    0.16666666666667    0.28571428571429             2
    0.00000000000000    0.33333333333333    0.28571428571429             2
    0.16666666666667    0.33333333333333    0.28571428571429             2
    0.33333333333333    0.33333333333333    0.28571428571429             2
    0.50000000000000    0.33333333333333    0.28571428571429             2
   -0.33333333333333    0.33333333333333    0.28571428571429             2
   -0.16666666666667    0.33333333333333    0.28571428571429             2
    0.00000000000000    0.50000000000000    0.28571428571429             2
    0.16666666666667    0.50000000000000    0.28571428571429             2
    0.33333333333333    0.50000000000000    0.28571428571429             2
    0.50000000000000    0.50000000000000    0.28571428571429             2
   -0.33333333333333    0.50000000000000    0.28571428571429             2
   -0.16666666666667    0.50000000000000    0.28571428571429             2
    0.00000000000000   -0.33333333333333    0.28571428571429             2
    0.16666666666667   -0.33333333333333    0.28571428571429             2
    0.33333333333333   -0.33333333333333    0.28571428571429             2
    0.50000000000000   -0.33333333333333    0.28571428571429             2
   -0.33333333333333   -0.33333333333333    0.28571428571429             2
   -0.16666666666667   -0.33333333333333    0.28571428571429             2
    0.00000000000000   -0.16666666666667    0.28571428571429             2
    0.16666666666667   -0.16666666666667    0.28571428571429             2
    0.33333333333333   -0.16666666666667    0.28571428571429             2
    0.50000000000000   -0.16666666666667    0.28571428571429             2
   -0.33333333333333   -0.16666666666667    0.28571428571429             2
   -0.16666666666667   -0.16666666666667    0.28571428571429             2
    0.00000000000000    0.00000000000000    0.42857142857143             2
    0.16666666666667    0.00000000000000    0.42857142857143             2
    0.33333333333333    0.00000000000000    0.42857142857143             2
    0.50000000000000    0.00000000000000    0.42857142857143             2
   -0.33333333333333    0.00000000000000    0.42857142857143             2
   -0.16666666666667    0.00000000000000    0.42857142857143             2
    0.00000000000000    0.16666666666667    0.42857142857143             2
    0.16666666666667    0.16666666666667    0.42857142857143             2
    0.33333333333333    0.16666666666667    0.42857142857143             2
    0.50000000000000    0.16666666666667    0.42857142857143             2
   -0.33333333333333    0.16666666666667    0.42857142857143             2
   -0.16666666666667    0.16666666666667    0.42857142857143             2
    0.00000000000000    0.33333333333333    0.42857142857143             2
    0.16666666666667    0.33333333333333    0.42857142857143             2
    0.33333333333333    0.33333333333333    0.42857142857143             2
    0.50000000000000    0.33333333333333    0.42857142857143             2
   -0.33333333333333    0.33333333333333    0.42857142857143             2
   -0.16666666666667    0.33333333333333    0.42857142857143             2
    0.00000000000000    0.50000000000000    0.42857142857143             2
    0.16666666666667    0.50000000000000    0.42857142857143             2
    0.33333333333333    0.50000000000000    0.42857142857143             2
    0.50000000000000    0.50000000000000    0.42857142857143             2
   -0.33333333333333    0.50000000000000    0.42857142857143             2
   -0.16666666666667    0.50000000000000    0.42857142857143             2
    0.00000000000000   -0.33333333333333    0.42857142857143             2
    0.16666666666667   -0.33333333333333    0.42857142857143             2
    0.33333333333333   -0.33333333333333    0.42857142857143             2
    0.50000000000000   -0.33333333333333    0.42857142857143             2
   -0.33333333333333   -0.33333333333333    0.42857142857143             2
   -0.16666666666667   -0.33333333333333    0.42857142857143             2
    0.00000000000000   -0.16666666666667    0.42857142857143             2
    0.16666666666667   -0.16666666666667    0.42857142857143             2
    0.33333333333333   -0.16666666666667    0.42857142857143             2
    0.50000000000000   -0.16666666666667    0.42857142857143             2
   -0.33333333333333   -0.16666666666667    0.42857142857143             2
   -0.16666666666667   -0.16666666666667    0.42857142857143             2
