Automatically generated mesh
      62
Reciprocal lattice
    0.00000000000000    0.00000000000000    0.00000000000000             1
    0.16666666666667    0.00000000000000    0.00000000000000             2
    0.33333333333333    0.00000000000000    0.00000000000000             2
    0.50000000000000    0.00000000000000    0.00000000000000             1
    0.00000000000000    0.20000000000000    0.00000000000000             2
    0.16666666666667    0.20000000000000    0.00000000000000             2
    0.33333333333333    0.20000000000000    0.00000000000000             2
    0.50000000000000    0.20000000000000    0.00000000000000             2
   -0.33333333333333    0.20000000000000    0.00000000000000             2
   -0.16666666666667    0.20000000000000    0.00000000000000             2
    0.00000000000000    0.40000000000000    0.00000000000000             2
    0.16666666666667    0.40000000000000    0.00000000000000             2
    0.33333333333333    0.40000000000000    0.00000000000000             2
    0.50000000000000    0.40000000000000    0.00000000000000             2
   -0.33333333333333    0.40000000000000    0.00000000000000             2
   -0.16666666666667    0.40000000000000    0.00000000000000             2
    0.00000000000000    0.00000000000000    0.25000000000000             2
    0.16666666666667    0.00000000000000    0.25000000000000             2
    0.33333333333333    0.00000000000000    0.25000000000000             2
    0.50000000000000    0.00000000000000    0.25000000000000             2
   -0.33333333333333    0.00000000000000    0.25000000000000             2
   -0.16666666666667    0.00000000000000    0.25000000000000             2
    0.00000000000000    0.20000000000000    0.25000000000000             2
    0.16666666666667    0.20000000000000    0.25000000000000             2
    0.33333333333333    0.20000000000000    0.25000000000000             2
    0.50000000000000    0.20000000000000    0.25000000000000             2
   -0.33333333333333    0.20000000000000    0.25000000000000             2
   -0.16666666666667    0.20000000000000    0.25000000000000             2
    0.00000000000000    0.40000000000000    0.25000000000000             2
    0.16666666666667    0.40000000000000    0.25000000000000             2
    0.33333333333333    0.40000000000000    0.25000000000000             2
    0.50000000000000    0.40000000000000    0.25000000000000             2
   -0.33333333333333    0.40000000000000    0.25000000000000             2
   -0.16666666666667    0.40000000000000    0.25000000000000             2
    0.00000000000000   -0.40000000000000    0.25000000000000             2
    0.16666666666667   -0.40000000000000    0.25000000000000             2
    0.33333333333333   -0.40000000000000    0.25000000000000             2
    0.50000000000000   -0.40000000000000    0.25000000000000             2
   -0.33333333333333   -0.40000000000000    0.25000000000000             2
   -0.16666666666667   -0.40000000000000    0.25000000000000             2
    0.00000000000000   -0.20000000000000    0.25000000000000             2
    0.16666666666667   -0.20000000000000    0.25000000000000             2
    0.33333333333333   -0.20000000000000    0.25000000000000             2
    0.50000000000000   -0.20000000000000    0.25000000000000             2
   -0.33333333333333   -0.20000000000000    0.25000000000000             2
   -0.16666666666667   -0.20000000000000    0.25000000000000             2
    0.00000000000000    0.00000000000000    0.50000000000000             1
    0.16666666666667    0.00000000000000    0.50000000000000             2
    0.33333333333333    0.00000000000000    0.50000000000000             2
    0.50000000000000    0.00000000000000    0.50000000000000             1
    0.00000000000000    0.20000000000000    0.50000000000000             2
    0.16666666666667    0.20000000000000    0.50000000000000             2
    0.33333333333333    0.20000000000000    0.50000000000000             2
    0.50000000000000    0.20000000000000    0.50000000000000             2
   -0.33333333333333    0.20000000000000    0.50000000000000             2
   -0.16666666666667    0.20000000000000    0.50000000000000             2
    0.00000000000000    0.40000000000000    0.50000000000000             2
    0.16666666666667    0.40000000000000    0.50000000000000             2
    0.33333333333333    0.40000000000000    0.50000000000000             2
    0.50000000000000    0.40000000000000    0.50000000000000             2
   -0.33333333333333    0.40000000000000    0.50000000000000             2
   -0.16666666666667    0.40000000000000    0.50000000000000             2
Tetrahedra
       360    0.00138888888889
         2         1         2         6        17
         2         1         5         6        17
         2         5         6        17        23
         2         2         6        17        18
         2         6        17        18        24
         2         6        17        23        24
         2         2         3         7        18
         2         2         6         7        18
         2         6         7        18        24
         2         3         7        18        19
         2         7        18        19        25
         2         7        18        24        25
         2         3         4         8        19
         2         3         7         8        19
         2         7         8        19        25
         2         4         8        19        20
         2         8        19        20        26
         2         8        19        25        26
         2         3         4         9        20
         2         4         8         9        20
         2         8         9        20        26
         2         3         9        20        21
         2         9        20        21        27
         2         9        20        26        27
         2         2         3        10        21
         2         3         9        10        21
         2         9        10        21        27
         2         2        10        21        22
         2        10        21        22        28
         2        10        21        27        28
         2         1         2         5        22
         2         2         5        10        22
         2         5        10        22        28
         2         1         5        17        22
         2         5        17        22        23
         2         5        22        23        28
         2         5         6        12        23
         2         5        11        12        23
         2        11        12        23        29
         2         6        12        23        24
         2        12        23        24        30
         2        12        23        29        30
         2         6         7        13        24
         2         6        12        13        24
         2        12        13        24        30
         2         7        13        24        25
         2        13        24        25        31
         2        13        24        30        31
         2         7         8        14        25
         2         7        13        14        25
         2        13        14        25        31
         2         8        14        25        26
         2        14        25        26        32
         2        14        25        31        32
         2         8         9        15        26
         2         8        14        15        26
         2        14        15        26        32
         2         9        15        26        27
         2        15        26        27        33
         2        15        26        32        33
         2         9        10        16        27
         2         9        15        16        27
         2        15        16        27        33
         2        10        16        27        28
         2        16        27        28        34
         2        16        27        33        34
         2         5        10        11        28
         2        10        11        16        28
         2        11        16        28        34
         2         5        11        23        28
         2        11        23        28        29
         2        11        28        29        34
         2        11        12        16        29
         2        11        11        16        29
         2        11        16        29        35
         2        12        16        29        30
         2        16        29        30        36
         2        16        29        35        36
         2        12        13        15        30
         2        12        15        16        30
         2        15        16        30        36
         2        13        15        30        31
         2        15        30        31        37
         2        15        30        36        37
         2        13        14        14        31
         2        13        14        15        31
         2        14        15        31        37
         2        14        14        31        32
         2        14        31        32        38
         2        14        31        37        38
         2        13        14        15        32
         2        13        14        14        32
         2        13        14        32        38
         2        13        15        32        33
         2        13        32        33        39
         2        13        32        38        39
         2        12        15        16        33
         2        12        13        15        33
         2        12        13        33        39
         2        12        16        33        34
         2        12        33        34        40
         2        12        33        39        40
         2        11        11        16        34
         2        11        12        16        34
         2        11        12        34        40
         2        11        11        29        34
         2        11        29        34        35
         2        11        34        35        40
         2        10        11        16        35
         2         5        10        11        35
         2         5        10        35        41
         2        10        16        35        36
         2        10        35        36        42
         2        10        35        41        42
         2         9        15        16        36
         2         9        10        16        36
         2         9        10        36        42
         2         9        15        36        37
         2         9        36        37        43
         2         9        36        42        43
         2         8        14        15        37
         2         8         9        15        37
         2         8         9        37        43
         2         8        14        37        38
         2         8        37        38        44
         2         8        37        43        44
         2         7        13        14        38
         2         7         8        14        38
         2         7         8        38        44
         2         7        13        38        39
         2         7        38        39        45
         2         7        38        44        45
         2         6        12        13        39
         2         6         7        13        39
         2         6         7        39        45
         2         6        12        39        40
         2         6        39        40        46
         2         6        39        45        46
         2         5        11        12        40
         2         5         6        12        40
         2         5         6        40        46
         2         5        11        35        40
         2         5        35        40        41
         2         5        40        41        46
         2         2         5        10        41
         2         1         2         5        41
         2         1         2        17        41
         2         2        10        41        42
         2         2        18        41        42
         2         2        17        18        41
         2         3         9        10        42
         2         2         3        10        42
         2         2         3        18        42
         2         3         9        42        43
         2         3        19        42        43
         2         3        18        19        42
         2         4         8         9        43
         2         3         4         9        43
         2         3         4        19        43
         2         4         8        43        44
         2         4        20        43        44
         2         4        19        20        43
         2         3         7         8        44
         2         3         4         8        44
         2         3         4        20        44
         2         3         7        44        45
         2         3        21        44        45
         2         3        20        21        44
         2         2         6         7        45
         2         2         3         7        45
         2         2         3        21        45
         2         2         6        45        46
         2         2        22        45        46
         2         2        21        22        45
         2         1         5         6        46
         2         1         2         6        46
         2         1         2        22        46
         2         1         5        41        46
         2         1        17        41        46
         2         1        17        22        46
         2        17        18        24        47
         2        17        23        24        47
         2        23        24        47        51
         2        18        24        47        48
         2        24        47        48        52
         2        24        47        51        52
         2        18        19        25        48
         2        18        24        25        48
         2        24        25        48        52
         2        19        25        48        49
         2        25        48        49        53
         2        25        48        52        53
         2        19        20        26        49
         2        19        25        26        49
         2        25        26        49        53
         2        20        26        49        50
         2        26        49        50        54
         2        26        49        53        54
         2        20        21        27        50
         2        20        26        27        50
         2        26        27        50        54
         2        21        27        49        50
         2        27        49        50        55
         2        27        50        54        55
         2        21        22        28        49
         2        21        27        28        49
         2        27        28        49        55
         2        22        28        48        49
         2        28        48        49        56
         2        28        49        55        56
         2        17        22        23        48
         2        22        23        28        48
         2        23        28        48        56
         2        17        23        47        48
         2        23        47        48        51
         2        23        48        51        56
         2        23        24        30        51
         2        23        29        30        51
         2        29        30        51        57
         2        24        30        51        52
         2        30        51        52        58
         2        30        51        57        58
         2        24        25        31        52
         2        24        30        31        52
         2        30        31        52        58
         2        25        31        52        53
         2        31        52        53        59
         2        31        52        58        59
         2        25        26        32        53
         2        25        31        32        53
         2        31        32        53        59
         2        26        32        53        54
         2        32        53        54        60
         2        32        53        59        60
         2        26        27        33        54
         2        26        32        33        54
         2        32        33        54        60
         2        27        33        54        55
         2        33        54        55        61
         2        33        54        60        61
         2        27        28        34        55
         2        27        33        34        55
         2        33        34        55        61
         2        28        34        55        56
         2        34        55        56        62
         2        34        55        61        62
         2        23        28        29        56
         2        28        29        34        56
         2        29        34        56        62
         2        23        29        51        56
         2        29        51        56        57
         2        29        56        57        62
         2        29        30        36        57
         2        29        35        36        57
         2        35        36        57        57
         2        30        36        57        58
         2        36        57        58        62
         2        36        57        57        62
         2        30        31        37        58
         2        30        36        37        58
         2        36        37        58        62
         2        31        37        58        59
         2        37        58        59        61
         2        37        58        61        62
         2        31        32        38        59
         2        31        37        38        59
         2        37        38        59        61
         2        32        38        59        60
         2        38        59        60        60
         2        38        59        60        61
         2        32        33        39        60
         2        32        38        39        60
         2        38        39        60        60
         2        33        39        60        61
         2        39        59        60        61
         2        39        59        60        60
         2        33        34        40        61
         2        33        39        40        61
         2        39        40        59        61
         2        34        40        61        62
         2        40        58        61        62
         2        40        58        59        61
         2        29        34        35        62
         2        34        35        40        62
         2        35        40        58        62
         2        29        35        57        62
         2        35        57        57        62
         2        35        57        58        62
         2        35        36        42        57
         2        35        41        42        57
         2        41        42        51        57
         2        36        42        57        62
         2        42        56        57        62
         2        42        51        56        57
         2        36        37        43        62
         2        36        42        43        62
         2        42        43        56        62
         2        37        43        61        62
         2        43        55        61        62
         2        43        55        56        62
         2        37        38        44        61
         2        37        43        44        61
         2        43        44        55        61
         2        38        44        60        61
         2        44        54        60        61
         2        44        54        55        61
         2        38        39        45        60
         2        38        44        45        60
         2        44        45        54        60
         2        39        45        59        60
         2        45        53        59        60
         2        45        53        54        60
         2        39        40        46        59
         2        39        45        46        59
         2        45        46        53        59
         2        40        46        58        59
         2        46        52        58        59
         2        46        52        53        59
         2        35        40        41        58
         2        40        41        46        58
         2        41        46        52        58
         2        35        41        57        58
         2        41        51        57        58
         2        41        51        52        58
         2        18        41        42        51
         2        17        18        41        51
         2        17        18        47        51
         2        18        42        51        56
         2        18        48        51        56
         2        18        47        48        51
         2        19        42        43        56
         2        18        19        42        56
         2        18        19        48        56
         2        19        43        55        56
         2        19        49        55        56
         2        19        48        49        56
         2        20        43        44        55
         2        19        20        43        55
         2        19        20        49        55
         2        20        44        54        55
         2        20        50        54        55
         2        20        49        50        55
         2        21        44        45        54
         2        20        21        44        54
         2        20        21        50        54
         2        21        45        53        54
         2        21        49        53        54
         2        21        49        50        54
         2        22        45        46        53
         2        21        22        45        53
         2        21        22        49        53
         2        22        46        52        53
         2        22        48        52        53
         2        22        48        49        53
         2        17        41        46        52
         2        17        22        46        52
         2        17        22        48        52
         2        17        41        51        52
         2        17        47        51        52
         2        17        47        48        52
