Automatically generated mesh
      19
Reciprocal lattice
    0.00000000000000    0.00000000000000    0.00000000000000             1
    0.33333333333333    0.00000000000000    0.00000000000000             2
    0.00000000000000    0.25000000000000    0.00000000000000             2
    0.33333333333333    0.25000000000000    0.00000000000000             2
   -0.33333333333333    0.25000000000000    0.00000000000000             2
    0.00000000000000    0.50000000000000    0.00000000000000             1
    0.33333333333333    0.50000000000000    0.00000000000000             2
    0.00000000000000    0.00000000000000    0.33333333333333             2
    0.33333333333333    0.00000000000000    0.33333333333333             2
   -0.33333333333333    0.00000000000000    0.33333333333333             2
    0.00000000000000    0.25000000000000    0.33333333333333             2
    0.33333333333333    0.25000000000000    0.33333333333333             2
   -0.33333333333333    0.25000000000000    0.33333333333333             2
    0.00000000000000    0.50000000000000    0.33333333333333             2
    0.33333333333333    0.50000000000000    0.33333333333333             2
   -0.33333333333333    0.50000000000000    0.33333333333333             2
    0.00000000000000   -0.25000000000000    0.33333333333333             2
    0.33333333333333   -0.25000000000000    0.33333333333333             2
   -0.33333333333333   -0.25000000000000    0.33333333333333             2
Tetrahedra
       106    0.00462962962963
         2         1         2         4         8
         2         1         3         4         8
         2         3         4         8        11
         2         2         4         8         9
         2         4         8         9        12
         2         4         8        11        12
         2         2         2         5         9
         2         2         4         5         9
         2         4         5         9        12
         2         2         5         9        10
         2         5         9        10        13
         2         5         9        12        13
         2         1         2         3        10
         2         2         3         5        10
         2         3         5        10        13
         2         1         3         8        10
         2         3         8        10        11
         2         3        10        11        13
         2         3         4         7        11
         2         3         6         7        11
         2         6         7        11        14
         2         4         7        11        12
         2         7        11        12        15
         2         7        11        14        15
         2         4         5         7        12
         2         4         7         7        12
         2         7         7        12        15
         2         5         7        12        13
         2         7        12        13        16
         2         7        12        15        16
         2         3         5         6        13
         2         5         6         7        13
         2         6         7        13        16
         2         3         6        11        13
         2         6        11        13        14
         2         6        13        14        16
         2         5         6         7        14
         2         3         5         6        14
         2         3         5        14        17
         2         5         7        14        15
         2         5        14        15        18
         2         5        14        17        18
         2         4         7         7        15
         2         4         5         7        15
         2         4         5        15        18
         2         4         7        15        16
         2         4        15        16        19
         2         4        15        18        19
         2         3         6         7        16
         2         3         4         7        16
         2         3         4        16        19
         2         3         6        14        16
         2         3        14        16        17
         2         3        16        17        19
         2         2         3         5        17
         2         1         2         3        17
         2         1         2         8        17
         2         2         5        17        18
         2         2         9        17        18
         2         2         8         9        17
         2         2         4         5        18
         2         2         2         5        18
         2         2         2         9        18
         2         2         4        18        19
         2         2        10        18        19
         2         2         9        10        18
         2         1         3         4        19
         2         1         2         4        19
         2         1         2        10        19
         2         1         3        17        19
         2         1         8        17        19
         2         1         8        10        19
         2         8         8         9        12
         2         8         8        11        12
         2         8        11        12        17
         2         8         9        10        12
         2         8        10        12        19
         2         8        12        17        19
         4         9        10        10        13
         2         9        10        12        13
         2        10        12        13        19
         2         9        10        13        18
         2        10        13        18        19
         2         8         9        10        11
         2         9        10        11        13
         2         9        11        13        18
         2         8         8         9        11
         2         8         9        11        17
         2         9        11        17        18
         2        11        12        15        17
         2        11        14        15        17
         2        14        14        15        17
         2        12        15        17        19
         2        15        16        17        19
         2        14        15        16        17
         2        12        13        16        19
         2        12        15        16        19
         4        15        16        16        19
         2        13        16        18        19
         2        15        16        18        19
         2        11        13        14        18
         2        13        14        16        18
         2        14        15        16        18
         2        11        14        17        18
         2        14        14        17        18
         2        14        14        15        18
