Automatically generated mesh
      90
Reciprocal lattice
    0.00000000000000    0.00000000000000    0.00000000000000             1
    0.09090909090909    0.00000000000000    0.00000000000000             2
    0.18181818181818    0.00000000000000    0.00000000000000             2
    0.27272727272727    0.00000000000000    0.00000000000000             2
    0.36363636363636    0.00000000000000    0.00000000000000             2
    0.45454545454546    0.00000000000000    0.00000000000000             2
    0.00000000000000    0.25000000000000    0.00000000000000             2
    0.09090909090909    0.25000000000000    0.00000000000000             2
    0.18181818181818    0.25000000000000    0.00000000000000             2
    0.27272727272727    0.25000000000000    0.00000000000000             2
    0.36363636363636    0.25000000000000    0.00000000000000             2
    0.45454545454545    0.25000000000000    0.00000000000000             2
   -0.45454545454545    0.25000000000000    0.00000000000000             2
   -0.36363636363636    0.25000000000000    0.00000000000000             2
   -0.27272727272727    0.25000000000000    0.00000000000000             2
   -0.18181818181818    0.25000000000000    0.00000000000000             2
   -0.09090909090909    0.25000000000000    0.00000000000000             2
    0.00000000000000    0.50000000000000    0.00000000000000             1
    0.09090909090909    0.50000000000000    0.00000000000000             2
    0.18181818181818    0.50000000000000    0.00000000000000             2
    0.27272727272727    0.50000000000000    0.00000000000000             2
    0.36363636363636    0.50000000000000    0.00000000000000             2
    0.45454545454545    0.50000000000000    0.00000000000000             2
    0.00000000000000    0.00000000000000    0.25000000000000             2
    0.09090909090909    0.00000000000000    0.25000000000000             2
    0.18181818181818    0.00000000000000    0.25000000000000             2
    0.27272727272727    0.00000000000000    0.25000000000000             2
    0.36363636363636    0.00000000000000    0.25000000000000             2
    0.45454545454546    0.00000000000000    0.25000000000000             2
   -0.45454545454545    0.00000000000000    0.25000000000000             2
   -0.36363636363636    0.00000000000000    0.25000000000000             2
   -0.27272727272727    0.00000000000000    0.25000000000000             2
   -0.18181818181818    0.00000000000000    0.25000000000000             2
   -0.09090909090909    0.00000000000000    0.25000000000000             2
    0.00000000000000    0.25000000000000    0.25000000000000             2
    0.09090909090909    0.25000000000000    0.25000000000000             2
    0.18181818181818    0.25000000000000    0.25000000000000             2
    0.27272727272727    0.25000000000000    0.25000000000000             2
    0.36363636363636    0.25000000000000    0.25000000000000             2
    0.45454545454545    0.25000000000000    0.25000000000000             2
   -0.45454545454545    0.25000000000000    0.25000000000000             2
   -0.36363636363636    0.25000000000000    0.25000000000000             2
   -0.27272727272727    0.25000000000000    0.25000000000000             2
   -0.18181818181818    0.25000000000000    0.25000000000000             2
   -0.09090909090909    0.25000000000000    0.25000000000000             2
    0.00000000000000    0.50000000000000    0.25000000000000             2
    0.09090909090909    0.50000000000000    0.25000000000000             2
    0.18181818181818    0.50000000000000    0.25000000000000             2
    0.27272727272727    0.50000000000000    0.25000000000000             2
    0.36363636363636    0.50000000000000    0.25000000000000             2
    0.45454545454546    0.50000000000000    0.25000000000000             2
   -0.45454545454545    0.50000000000000    0.25000000000000             2
   -0.36363636363636    0.50000000000000    0.25000000000000             2
   -0.27272727272727    0.50000000000000    0.25000000000000             2
   -0.18181818181818    0.50000000000000    0.25000000000000             2
   -0.09090909090909    0.50000000000000    0.25000000000000             2
    0.00000000000000   -0.25000000000000    0.25000000000000             2
    0.09090909090909   -0.25000000000000    0.25000000000000             2
    0.18181818181818   -0.25000000000000    0.25000000000000             2
    0.27272727272727   -0.25000000000000    0.25000000000000             2
    0.36363636363636   -0.25000000000000    0.25000000000000             2
    0.45454545454545   -0.25000000000000    0.25000000000000             2
   -0.45454545454545   -0.25000000000000    0.25000000000000             2
   -0.36363636363636   -0.25000000000000    0.25000000000000             2
   -0.27272727272727   -0.25000000000000    0.25000000000000             2
   -0.18181818181818   -0.25000000000000    0.25000000000000             2
   -0.09090909090909   -0.25000000000000    0.25000000000000             2
    0.00000000000000    0.00000000000000    0.50000000000000             1
    0.09090909090909    0.00000000000000    0.50000000000000             2
    0.18181818181818    0.00000000000000    0.50000000000000             2
    0.27272727272727    0.00000000000000    0.50000000000000             2
    0.36363636363636    0.00000000000000    0.50000000000000             2
    0.45454545454546    0.00000000000000    0.50000000000000             2
    0.00000000000000    0.25000000000000    0.50000000000000             2
    0.09090909090909    0.25000000000000    0.50000000000000             2
    0.18181818181818    0.25000000000000    0.50000000000000             2
    0.27272727272727    0.25000000000000    0.50000000000000             2
    0.36363636363636    0.25000000000000    0.50000000000000             2
    0.45454545454546    0.25000000000000    0.50000000000000             2
   -0.45454545454545    0.25000000000000    0.50000000000000             2
   -0.36363636363636    0.25000000000000    0.50000000000000             2
   -0.27272727272727    0.25000000000000    0.50000000000000             2
   -0.18181818181818    0.25000000000000    0.50000000000000             2
   -0.09090909090909    0.25000000000000    0.50000000000000             2
    0.00000000000000    0.50000000000000    0.50000000000000             1
    0.09090909090909    0.50000000000000    0.50000000000000             2
    0.18181818181818    0.50000000000000    0.50000000000000             2
    0.27272727272727    0.50000000000000    0.50000000000000             2
    0.36363636363636    0.50000000000000    0.50000000000000             2
    0.45454545454545    0.50000000000000    0.50000000000000             2
Tetrahedra
       528    0.00094696969697
         2         1         7         8        36
         2         1         2         8        36
         2         1         2        25        36
         2         1         7        35        36
         2         1        24        35        36
         2         1        24        25        36
         2         2         8         9        37
         2         2         3         9        37
         2         2         3        26        37
         2         2         8        36        37
         2         2        25        36        37
         2         2        25        26        37
         2         3         9        10        38
         2         3         4        10        38
         2         3         4        27        38
         2         3         9        37        38
         2         3        26        37        38
         2         3        26        27        38
         2         4        10        11        39
         2         4         5        11        39
         2         4         5        28        39
         2         4        10        38        39
         2         4        27        38        39
         2         4        27        28        39
         2         5        11        12        40
         2         5         6        12        40
         2         5         6        29        40
         2         5        11        39        40
         2         5        28        39        40
         2         5        28        29        40
         2         6        12        13        41
         2         6         6        13        41
         2         6         6        30        41
         2         6        12        40        41
         2         6        29        40        41
         2         6        29        30        41
         2         6        13        14        42
         2         5         6        14        42
         2         5         6        31        42
         2         6        13        41        42
         2         6        30        41        42
         2         6        30        31        42
         2         5        14        15        43
         2         4         5        15        43
         2         4         5        32        43
         2         5        14        42        43
         2         5        31        42        43
         2         5        31        32        43
         2         4        15        16        44
         2         3         4        16        44
         2         3         4        33        44
         2         4        15        43        44
         2         4        32        43        44
         2         4        32        33        44
         2         3        16        17        45
         2         2         3        17        45
         2         2         3        34        45
         2         3        16        44        45
         2         3        33        44        45
         2         3        33        34        45
         2         2         7        17        35
         2         1         2         7        35
         2         1         2        24        35
         2         2        17        35        45
         2         2        34        35        45
         2         2        24        34        35
         2         7        18        19        47
         2         7         8        19        47
         2         7         8        36        47
         2         7        18        46        47
         2         7        35        46        47
         2         7        35        36        47
         2         8        19        20        48
         2         8         9        20        48
         2         8         9        37        48
         2         8        19        47        48
         2         8        36        47        48
         2         8        36        37        48
         2         9        20        21        49
         2         9        10        21        49
         2         9        10        38        49
         2         9        20        48        49
         2         9        37        48        49
         2         9        37        38        49
         2        10        21        22        50
         2        10        11        22        50
         2        10        11        39        50
         2        10        21        49        50
         2        10        38        49        50
         2        10        38        39        50
         2        11        22        23        51
         2        11        12        23        51
         2        11        12        40        51
         2        11        22        50        51
         2        11        39        50        51
         2        11        39        40        51
         2        12        23        23        52
         2        12        13        23        52
         2        12        13        41        52
         2        12        23        51        52
         2        12        40        51        52
         2        12        40        41        52
         2        13        22        23        53
         2        13        14        22        53
         2        13        14        42        53
         2        13        23        52        53
         2        13        41        52        53
         2        13        41        42        53
         2        14        21        22        54
         2        14        15        21        54
         2        14        15        43        54
         2        14        22        53        54
         2        14        42        53        54
         2        14        42        43        54
         2        15        20        21        55
         2        15        16        20        55
         2        15        16        44        55
         2        15        21        54        55
         2        15        43        54        55
         2        15        43        44        55
         2        16        19        20        56
         2        16        17        19        56
         2        16        17        45        56
         2        16        20        55        56
         2        16        44        55        56
         2        16        44        45        56
         2        17        18        19        46
         2         7        17        18        46
         2         7        17        35        46
         2        17        19        46        56
         2        17        45        46        56
         2        17        35        45        46
         2         7        17        18        58
         2        17        18        19        58
         2        18        19        47        58
         2         7        18        57        58
         2        18        46        57        58
         2        18        46        47        58
         2        16        17        19        59
         2        16        19        20        59
         2        19        20        48        59
         2        17        19        58        59
         2        19        47        58        59
         2        19        47        48        59
         2        15        16        20        60
         2        15        20        21        60
         2        20        21        49        60
         2        16        20        59        60
         2        20        48        59        60
         2        20        48        49        60
         2        14        15        21        61
         2        14        21        22        61
         2        21        22        50        61
         2        15        21        60        61
         2        21        49        60        61
         2        21        49        50        61
         2        13        14        22        62
         2        13        22        23        62
         2        22        23        51        62
         2        14        22        61        62
         2        22        50        61        62
         2        22        50        51        62
         2        12        13        23        63
         2        12        23        23        63
         2        23        23        52        63
         2        13        23        62        63
         2        23        51        62        63
         2        23        51        52        63
         2        11        12        23        64
         2        11        22        23        64
         2        22        23        53        64
         2        12        23        63        64
         2        23        52        63        64
         2        23        52        53        64
         2        10        11        22        65
         2        10        21        22        65
         2        21        22        54        65
         2        11        22        64        65
         2        22        53        64        65
         2        22        53        54        65
         2         9        10        21        66
         2         9        20        21        66
         2        20        21        55        66
         2        10        21        65        66
         2        21        54        65        66
         2        21        54        55        66
         2         8         9        20        67
         2         8        19        20        67
         2        19        20        56        67
         2         9        20        66        67
         2        20        55        66        67
         2        20        55        56        67
         2         7         8        19        57
         2         7        18        19        57
         2        18        19        46        57
         2         8        19        57        67
         2        19        56        57        67
         2        19        46        56        57
         2         1         2         7        25
         2         2         7        17        25
         2         7        17        25        58
         2         1         7        24        25
         2         7        24        25        57
         2         7        25        57        58
         2         2         3        17        26
         2         3        16        17        26
         2        16        17        26        59
         2         2        17        25        26
         2        17        25        26        58
         2        17        26        58        59
         2         3         4        16        27
         2         4        15        16        27
         2        15        16        27        60
         2         3        16        26        27
         2        16        26        27        59
         2        16        27        59        60
         2         4         5        15        28
         2         5        14        15        28
         2        14        15        28        61
         2         4        15        27        28
         2        15        27        28        60
         2        15        28        60        61
         2         5         6        14        29
         2         6        13        14        29
         2        13        14        29        62
         2         5        14        28        29
         2        14        28        29        61
         2        14        29        61        62
         2         6         6        13        30
         2         6        12        13        30
         2        12        13        30        63
         2         6        13        29        30
         2        13        29        30        62
         2        13        30        62        63
         2         5         6        12        31
         2         5        11        12        31
         2        11        12        31        64
         2         6        12        30        31
         2        12        30        31        63
         2        12        31        63        64
         2         4         5        11        32
         2         4        10        11        32
         2        10        11        32        65
         2         5        11        31        32
         2        11        31        32        64
         2        11        32        64        65
         2         3         4        10        33
         2         3         9        10        33
         2         9        10        33        66
         2         4        10        32        33
         2        10        32        33        65
         2        10        33        65        66
         2         2         3         9        34
         2         2         8         9        34
         2         8         9        34        67
         2         3         9        33        34
         2         9        33        34        66
         2         9        34        66        67
         2         1         2         8        24
         2         1         7         8        24
         2         7         8        24        57
         2         2         8        24        34
         2         8        24        34        67
         2         8        24        57        67
         2        24        35        36        75
         2        24        25        36        75
         2        24        25        69        75
         2        24        35        74        75
         2        24        68        74        75
         2        24        68        69        75
         2        25        36        37        76
         2        25        26        37        76
         2        25        26        70        76
         2        25        36        75        76
         2        25        69        75        76
         2        25        69        70        76
         2        26        37        38        77
         2        26        27        38        77
         2        26        27        71        77
         2        26        37        76        77
         2        26        70        76        77
         2        26        70        71        77
         2        27        38        39        78
         2        27        28        39        78
         2        27        28        72        78
         2        27        38        77        78
         2        27        71        77        78
         2        27        71        72        78
         2        28        39        40        79
         2        28        29        40        79
         2        28        29        73        79
         2        28        39        78        79
         2        28        72        78        79
         2        28        72        73        79
         2        29        40        41        80
         2        29        30        41        80
         2        29        30        73        80
         2        29        40        79        80
         2        29        73        79        80
         2        29        73        73        80
         2        30        41        42        81
         2        30        31        42        81
         2        30        31        72        81
         2        30        41        80        81
         2        30        73        80        81
         2        30        72        73        81
         2        31        42        43        82
         2        31        32        43        82
         2        31        32        71        82
         2        31        42        81        82
         2        31        72        81        82
         2        31        71        72        82
         2        32        43        44        83
         2        32        33        44        83
         2        32        33        70        83
         2        32        43        82        83
         2        32        71        82        83
         2        32        70        71        83
         2        33        44        45        84
         2        33        34        45        84
         2        33        34        69        84
         2        33        44        83        84
         2        33        70        83        84
         2        33        69        70        84
         2        34        35        45        74
         2        24        34        35        74
         2        24        34        68        74
         2        34        45        74        84
         2        34        69        74        84
         2        34        68        69        74
         2        35        46        47        86
         2        35        36        47        86
         2        35        36        75        86
         2        35        46        85        86
         2        35        74        85        86
         2        35        74        75        86
         2        36        47        48        87
         2        36        37        48        87
         2        36        37        76        87
         2        36        47        86        87
         2        36        75        86        87
         2        36        75        76        87
         2        37        48        49        88
         2        37        38        49        88
         2        37        38        77        88
         2        37        48        87        88
         2        37        76        87        88
         2        37        76        77        88
         2        38        49        50        89
         2        38        39        50        89
         2        38        39        78        89
         2        38        49        88        89
         2        38        77        88        89
         2        38        77        78        89
         2        39        50        51        90
         2        39        40        51        90
         2        39        40        79        90
         2        39        50        89        90
         2        39        78        89        90
         2        39        78        79        90
         2        40        51        52        90
         2        40        41        52        90
         2        40        41        80        90
         2        40        51        90        90
         2        40        79        90        90
         2        40        79        80        90
         2        41        52        53        89
         2        41        42        53        89
         2        41        42        81        89
         2        41        52        89        90
         2        41        80        89        90
         2        41        80        81        89
         2        42        53        54        88
         2        42        43        54        88
         2        42        43        82        88
         2        42        53        88        89
         2        42        81        88        89
         2        42        81        82        88
         2        43        54        55        87
         2        43        44        55        87
         2        43        44        83        87
         2        43        54        87        88
         2        43        82        87        88
         2        43        82        83        87
         2        44        55        56        86
         2        44        45        56        86
         2        44        45        84        86
         2        44        55        86        87
         2        44        83        86        87
         2        44        83        84        86
         2        45        46        56        85
         2        35        45        46        85
         2        35        45        74        85
         2        45        56        85        86
         2        45        84        85        86
         2        45        74        84        85
         2        46        57        58        84
         2        46        47        58        84
         2        46        47        84        86
         2        46        57        74        84
         2        46        74        84        85
         2        46        84        85        86
         2        47        58        59        83
         2        47        48        59        83
         2        47        48        83        87
         2        47        58        83        84
         2        47        83        84        86
         2        47        83        86        87
         2        48        59        60        82
         2        48        49        60        82
         2        48        49        82        88
         2        48        59        82        83
         2        48        82        83        87
         2        48        82        87        88
         2        49        60        61        81
         2        49        50        61        81
         2        49        50        81        89
         2        49        60        81        82
         2        49        81        82        88
         2        49        81        88        89
         2        50        61        62        80
         2        50        51        62        80
         2        50        51        80        90
         2        50        61        80        81
         2        50        80        81        89
         2        50        80        89        90
         2        51        62        63        79
         2        51        52        63        79
         2        51        52        79        90
         2        51        62        79        80
         2        51        79        80        90
         2        51        79        90        90
         2        52        63        64        78
         2        52        53        64        78
         2        52        53        78        89
         2        52        63        78        79
         2        52        78        79        90
         2        52        78        89        90
         2        53        64        65        77
         2        53        54        65        77
         2        53        54        77        88
         2        53        64        77        78
         2        53        77        78        89
         2        53        77        88        89
         2        54        65        66        76
         2        54        55        66        76
         2        54        55        76        87
         2        54        65        76        77
         2        54        76        77        88
         2        54        76        87        88
         2        55        66        67        75
         2        55        56        67        75
         2        55        56        75        86
         2        55        66        75        76
         2        55        75        76        87
         2        55        75        86        87
         2        56        57        67        74
         2        46        56        57        74
         2        46        56        74        85
         2        56        67        74        75
         2        56        74        75        86
         2        56        74        85        86
         2        24        25        57        69
         2        25        57        58        69
         2        57        58        69        84
         2        24        57        68        69
         2        57        68        69        74
         2        57        69        74        84
         2        25        26        58        70
         2        26        58        59        70
         2        58        59        70        83
         2        25        58        69        70
         2        58        69        70        84
         2        58        70        83        84
         2        26        27        59        71
         2        27        59        60        71
         2        59        60        71        82
         2        26        59        70        71
         2        59        70        71        83
         2        59        71        82        83
         2        27        28        60        72
         2        28        60        61        72
         2        60        61        72        81
         2        27        60        71        72
         2        60        71        72        82
         2        60        72        81        82
         2        28        29        61        73
         2        29        61        62        73
         2        61        62        73        80
         2        28        61        72        73
         2        61        72        73        81
         2        61        73        80        81
         2        29        30        62        73
         2        30        62        63        73
         2        62        63        73        79
         2        29        62        73        73
         2        62        73        73        80
         2        62        73        79        80
         2        30        31        63        72
         2        31        63        64        72
         2        63        64        72        78
         2        30        63        72        73
         2        63        72        73        79
         2        63        72        78        79
         2        31        32        64        71
         2        32        64        65        71
         2        64        65        71        77
         2        31        64        71        72
         2        64        71        72        78
         2        64        71        77        78
         2        32        33        65        70
         2        33        65        66        70
         2        65        66        70        76
         2        32        65        70        71
         2        65        70        71        77
         2        65        70        76        77
         2        33        34        66        69
         2        34        66        67        69
         2        66        67        69        75
         2        33        66        69        70
         2        66        69        70        76
         2        66        69        75        76
         2        24        34        67        68
         2        24        57        67        68
         2        57        67        68        74
         2        34        67        68        69
         2        67        68        69        75
         2        67        68        74        75
