Automatically generated mesh
      32
Reciprocal lattice
    0.00000000000000    0.00000000000000    0.00000000000000             1
    0.14285714285714    0.00000000000000    0.00000000000000             2
    0.28571428571429    0.00000000000000    0.00000000000000             2
    0.42857142857143    0.00000000000000    0.00000000000000             2
    0.00000000000000    0.33333333333333    0.00000000000000             2
    0.14285714285714    0.33333333333333    0.00000000000000             2
    0.28571428571429    0.33333333333333    0.00000000000000             2
    0.42857142857143    0.33333333333333    0.00000000000000             2
   -0.42857142857143    0.33333333333333    0.00000000000000             2
   -0.28571428571429    0.33333333333333    0.00000000000000             2
   -0.14285714285714    0.33333333333333    0.00000000000000             2
    0.00000000000000    0.00000000000000    0.33333333333333             2
    0.14285714285714    0.00000000000000    0.33333333333333             2
    0.28571428571429    0.00000000000000    0.33333333333333             2
    0.42857142857143    0.00000000000000    0.33333333333333             2
   -0.42857142857143    0.00000000000000    0.33333333333333             2
   -0.28571428571429    0.00000000000000    0.33333333333333             2
   -0.14285714285714    0.00000000000000    0.33333333333333             2
    0.00000000000000    0.33333333333333    0.33333333333333             2
    0.14285714285714    0.33333333333333    0.33333333333333             2
    0.28571428571429    0.33333333333333    0.33333333333333             2
    0.42857142857143    0.33333333333333    0.33333333333333             2
   -0.42857142857143    0.33333333333333    0.33333333333333             2
   -0.28571428571429    0.33333333333333    0.33333333333333             2
   -0.14285714285714    0.33333333333333    0.33333333333333             2
    0.00000000000000   -0.33333333333333    0.33333333333333             2
    0.14285714285714   -0.33333333333333    0.33333333333333             2
    0.28571428571429   -0.33333333333333    0.33333333333333             2
    0.42857142857143   -0.33333333333333    0.33333333333333             2
   -0.42857142857143   -0.33333333333333    0.33333333333333             2
   -0.28571428571429   -0.33333333333333    0.33333333333333             2
   -0.14285714285714   -0.33333333333333    0.33333333333333             2
Tetrahedra
       186    0.00264550264550
         2         1         5         6        20
         2         1         2         6        20
         2         1         2        13        20
         2         1         5        19        20
         2         1        12        19        20
         2         1        12        13        20
         2         2         6         7        21
         2         2         3         7        21
         2         2         3        14        21
         2         2         6        20        21
         2         2        13        20        21
         2         2        13        14        21
         2         3         7         8        22
         2         3         4         8        22
         2         3         4        15        22
         2         3         7        21        22
         2         3        14        21        22
         2         3        14        15        22
         2         4         8         9        23
         2         4         4         9        23
         2         4         4        16        23
         2         4         8        22        23
         2         4        15        22        23
         2         4        15        16        23
         2         4         9        10        24
         2         3         4        10        24
         2         3         4        17        24
         2         4         9        23        24
         2         4        16        23        24
         2         4        16        17        24
         2         3        10        11        25
         2         2         3        11        25
         2         2         3        18        25
         2         3        10        24        25
         2         3        17        24        25
         2         3        17        18        25
         2         2         5        11        19
         2         1         2         5        19
         2         1         2        12        19
         2         2        11        19        25
         2         2        18        19        25
         2         2        12        18        19
         2         5         5        11        27
         2         5         6        11        27
         2         5         6        20        27
         2         5         5        26        27
         2         5        19        26        27
         2         5        19        20        27
         2         6        10        11        28
         2         6         7        10        28
         2         6         7        21        28
         2         6        11        27        28
         2         6        20        27        28
         2         6        20        21        28
         2         7         9        10        29
         2         7         8         9        29
         2         7         8        22        29
         2         7        10        28        29
         2         7        21        28        29
         2         7        21        22        29
         4         8         8         9        30
         2         8         9        23        30
         2         8         9        29        30
         2         8        22        29        30
         2         8        22        23        30
         2         7         8         9        31
         2         7         9        10        31
         2         9        10        24        31
         2         8         9        30        31
         2         9        23        30        31
         2         9        23        24        31
         2         6         7        10        32
         2         6        10        11        32
         2        10        11        25        32
         2         7        10        31        32
         2        10        24        31        32
         2        10        24        25        32
         2         5         6        11        26
         2         5         5        11        26
         2         5        11        19        26
         2         6        11        26        32
         2        11        25        26        32
         2        11        19        25        26
         2         1         2         5        13
         2         2         5        11        13
         2         5        11        13        27
         2         1         5        12        13
         2         5        12        13        26
         2         5        13        26        27
         2         2         3        11        14
         2         3        10        11        14
         2        10        11        14        28
         2         2        11        13        14
         2        11        13        14        27
         2        11        14        27        28
         2         3         4        10        15
         2         4         9        10        15
         2         9        10        15        29
         2         3        10        14        15
         2        10        14        15        28
         2        10        15        28        29
         2         4         4         9        16
         2         4         8         9        16
         2         8         9        16        30
         2         4         9        15        16
         2         9        15        16        29
         2         9        16        29        30
         2         3         4         8        17
         2         3         7         8        17
         2         7         8        17        31
         2         4         8        16        17
         2         8        16        17        30
         2         8        17        30        31
         2         2         3         7        18
         2         2         6         7        18
         2         6         7        18        32
         2         3         7        17        18
         2         7        17        18        31
         2         7        18        31        32
         2         1         2         6        12
         2         1         5         6        12
         2         5         6        12        26
         2         2         6        12        18
         2         6        12        18        32
         2         6        12        26        32
         2        12        19        20        32
         2        12        13        20        32
         2        12        13        18        32
         2        12        19        26        32
         2        12        12        26        32
         2        12        12        18        32
         2        13        20        21        31
         2        13        14        21        31
         2        13        14        17        31
         2        13        20        31        32
         2        13        18        31        32
         2        13        17        18        31
         2        14        21        22        30
         2        14        15        22        30
         2        14        15        16        30
         2        14        21        30        31
         2        14        17        30        31
         2        14        16        17        30
         2        15        22        23        29
         2        15        16        23        29
         4        15        15        16        29
         2        15        22        29        30
         2        15        16        29        30
         2        16        23        24        28
         2        16        17        24        28
         2        14        16        17        28
         2        16        23        28        29
         2        15        16        28        29
         2        14        15        16        28
         2        17        24        25        27
         2        17        18        25        27
         2        13        17        18        27
         2        17        24        27        28
         2        14        17        27        28
         2        13        14        17        27
         2        18        19        25        26
         2        12        18        19        26
         2        12        12        18        26
         2        18        25        26        27
         2        13        18        26        27
         2        12        13        18        26
         2        19        25        26        27
         2        19        20        25        27
         2        19        20        25        32
         4        19        19        25        26
         2        19        25        26        32
         2        20        24        27        28
         2        20        21        24        28
         2        20        21        24        31
         2        20        24        25        27
         2        20        24        25        32
         2        20        24        31        32
         2        21        23        28        29
         2        21        22        23        29
         2        21        22        23        30
         2        21        23        24        28
         2        21        23        24        31
         2        21        23        30        31
         2        22        22        29        30
         2        22        22        23        30
         2        22        22        23        29
