Automatically generated mesh
      92
Reciprocal lattice
    0.00000000000000    0.00000000000000    0.00000000000000             1
    0.16666666666667    0.00000000000000    0.00000000000000             2
    0.33333333333333    0.00000000000000    0.00000000000000             2
    0.50000000000000    0.00000000000000    0.00000000000000             1
    0.00000000000000    0.16666666666667    0.00000000000000             2
    0.16666666666667    0.16666666666667    0.00000000000000             2
    0.33333333333333    0.16666666666667    0.00000000000000             2
    0.50000000000000    0.16666666666667    0.00000000000000             2
   -0.33333333333333    0.16666666666667    0.00000000000000             2
   -0.16666666666667    0.16666666666667    0.00000000000000             2
    0.00000000000000    0.33333333333333    0.00000000000000             2
    0.16666666666667    0.33333333333333    0.00000000000000             2
    0.33333333333333    0.33333333333333    0.00000000000000             2
    0.50000000000000    0.33333333333333    0.00000000000000             2
   -0.33333333333333    0.33333333333333    0.00000000000000             2
   -0.16666666666667    0.33333333333333    0.00000000000000             2
    0.00000000000000    0.50000000000000    0.00000000000000             1
    0.16666666666667    0.50000000000000    0.00000000000000             2
    0.33333333333333    0.50000000000000    0.00000000000000             2
    0.50000000000000    0.50000000000000    0.00000000000000             1
    0.00000000000000    0.00000000000000    0.20000000000000             2
    0.16666666666667    0.00000000000000    0.20000000000000             2
    0.33333333333333    0.00000000000000    0.20000000000000             2
    0.50000000000000    0.00000000000000    0.20000000000000             2
   -0.33333333333333    0.00000000000000    0.20000000000000             2
   -0.16666666666667    0.00000000000000    0.20000000000000             2
    0.00000000000000    0.16666666666667    0.20000000000000             2
    0.16666666666667    0.16666666666667    0.20000000000000             2
    0.33333333333333    0.16666666666667    0.20000000000000             2
    0.50000000000000    0.16666666666667    0.20000000000000             2
   -0.33333333333333    0.16666666666667    0.20000000000000             2
   -0.16666666666667    0.16666666666667    0.20000000000000             2
    0.00000000000000    0.33333333333333    0.20000000000000             2
    0.16666666666667    0.33333333333333    0.20000000000000             2
    0.33333333333333    0.33333333333333    0.20000000000000             2
    0.50000000000000    0.33333333333333    0.20000000000000             2
   -0.33333333333333    0.33333333333333    0.20000000000000             2
   -0.16666666666667    0.33333333333333    0.20000000000000             2
    0.00000000000000    0.50000000000000    0.20000000000000             2
    0.16666666666667    0.50000000000000    0.20000000000000             2
    0.33333333333333    0.50000000000000    0.20000000000000             2
    0.50000000000000    0.50000000000000    0.20000000000000             2
   -0.33333333333333    0.50000000000000    0.20000000000000             2
   -0.16666666666667    0.50000000000000    0.20000000000000             2
    0.00000000000000   -0.33333333333333    0.20000000000000             2
    0.16666666666667   -0.33333333333333    0.20000000000000             2
    0.33333333333333   -0.33333333333333    0.20000000000000             2
    0.50000000000000   -0.33333333333333    0.20000000000000             2
   -0.33333333333333   -0.33333333333333    0.20000000000000             2
   -0.16666666666667   -0.33333333333333    0.20000000000000             2
    0.00000000000000   -0.16666666666667    0.20000000000000             2
    0.16666666666667   -0.16666666666667    0.20000000000000             2
    0.33333333333333   -0.16666666666667    0.20000000000000             2
    0.50000000000000   -0.16666666666667    0.20000000000000             2
   -0.33333333333333   -0.16666666666667    0.20000000000000             2
   -0.16666666666667   -0.16666666666667    0.20000000000000             2
    0.00000000000000    0.00000000000000    0.40000000000000             2
    0.16666666666667    0.00000000000000    0.40000000000000             2
    0.33333333333333    0.00000000000000    0.40000000000000             2
    0.50000000000000    0.00000000000000    0.40000000000000             2
   -0.33333333333333    0.00000000000000    0.40000000000000             2
   -0.16666666666667    0.00000000000000    0.40000000000000             2
    0.00000000000000    0.16666666666667    0.40000000000000             2
    0.16666666666667    0.16666666666667    0.40000000000000             2
    0.33333333333333    0.16666666666667    0.40000000000000             2
    0.50000000000000    0.16666666666667    0.40000000000000             2
   -0.33333333333333    0.16666666666667    0.40000000000000             2
   -0.16666666666667    0.16666666666667    0.40000000000000             2
    0.00000000000000    0.33333333333333    0.40000000000000             2
    0.16666666666667    0.33333333333333    0.40000000000000             2
    0.33333333333333    0.33333333333333    0.40000000000000             2
    0.50000000000000    0.33333333333333    0.40000000000000             2
   -0.33333333333333    0.33333333333333    0.40000000000000             2
   -0.16666666666667    0.33333333333333    0.40000000000000             2
    0.00000000000000    0.50000000000000    0.40000000000000             2
    0.16666666666667    0.50000000000000    0.40000000000000             2
    0.33333333333333    0.50000000000000    0.40000000000000             2
    0.50000000000000    0.50000000000000    0.40000000000000             2
   -0.33333333333333    0.50000000000000    0.40000000000000             2
   -0.16666666666667    0.50000000000000    0.40000000000000             2
    0.00000000000000   -0.33333333333333    0.40000000000000             2
    0.16666666666667   -0.33333333333333    0.40000000000000             2
    0.33333333333333   -0.33333333333333    0.40000000000000             2
    0.50000000000000   -0.33333333333333    0.40000000000000             2
   -0.33333333333333   -0.33333333333333    0.40000000000000             2
   -0.16666666666667   -0.33333333333333    0.40000000000000             2
    0.00000000000000   -0.16666666666667    0.40000000000000             2
    0.16666666666667   -0.16666666666667    0.40000000000000             2
    0.33333333333333   -0.16666666666667    0.40000000000000             2
    0.50000000000000   -0.16666666666667    0.40000000000000             2
   -0.33333333333333   -0.16666666666667    0.40000000000000             2
   -0.16666666666667   -0.16666666666667    0.40000000000000             2
Tetrahedra
       540    0.00092592592593
         2         1         2         5        22
         2         2         5         6        22
         2         5         6        22        28
         2         1         5        21        22
         2         5        21        22        27
         2         5        22        27        28
         2         2         3         6        23
         2         3         6         7        23
         2         6         7        23        29
         2         2         6        22        23
         2         6        22        23        28
         2         6        23        28        29
         2         3         4         7        24
         2         4         7         8        24
         2         7         8        24        30
         2         3         7        23        24
         2         7        23        24        29
         2         7        24        29        30
         2         3         4         8        25
         2         3         8         9        25
         2         8         9        25        31
         2         4         8        24        25
         2         8        24        25        30
         2         8        25        30        31
         2         2         3         9        26
         2         2         9        10        26
         2         9        10        26        32
         2         3         9        25        26
         2         9        25        26        31
         2         9        26        31        32
         2         1         2        10        21
         2         1         5        10        21
         2         5        10        21        27
         2         2        10        21        26
         2        10        21        26        32
         2        10        21        27        32
         2         5         6        11        28
         2         6        11        12        28
         2        11        12        28        34
         2         5        11        27        28
         2        11        27        28        33
         2        11        28        33        34
         2         6         7        12        29
         2         7        12        13        29
         2        12        13        29        35
         2         6        12        28        29
         2        12        28        29        34
         2        12        29        34        35
         2         7         8        13        30
         2         8        13        14        30
         2        13        14        30        36
         2         7        13        29        30
         2        13        29        30        35
         2        13        30        35        36
         2         8         9        14        31
         2         9        14        15        31
         2        14        15        31        37
         2         8        14        30        31
         2        14        30        31        36
         2        14        31        36        37
         2         9        10        15        32
         2        10        15        16        32
         2        15        16        32        38
         2         9        15        31        32
         2        15        31        32        37
         2        15        32        37        38
         2         5        10        16        27
         2         5        11        16        27
         2        11        16        27        33
         2        10        16        27        32
         2        16        27        32        38
         2        16        27        33        38
         2        11        12        17        34
         2        12        17        18        34
         2        17        18        34        40
         2        11        17        33        34
         2        17        33        34        39
         2        17        34        39        40
         2        12        13        18        35
         2        13        18        19        35
         2        18        19        35        41
         2        12        18        34        35
         2        18        34        35        40
         2        18        35        40        41
         2        13        14        19        36
         2        14        19        20        36
         2        19        20        36        42
         2        13        19        35        36
         2        19        35        36        41
         2        19        36        41        42
         2        14        15        20        37
         2        15        19        20        37
         2        19        20        37        43
         2        14        20        36        37
         2        20        36        37        42
         2        20        37        42        43
         2        15        16        19        38
         2        16        18        19        38
         2        18        19        38        44
         2        15        19        37        38
         2        19        37        38        43
         2        19        38        43        44
         2        11        16        18        33
         2        11        17        18        33
         2        17        18        33        39
         2        16        18        33        38
         2        18        33        38        44
         2        18        33        39        44
         2        11        17        18        40
         2        11        16        18        40
         2        11        16        40        46
         2        11        17        39        40
         2        11        39        40        45
         2        11        40        45        46
         2        16        18        19        41
         2        15        16        19        41
         2        15        16        41        47
         2        16        18        40        41
         2        16        40        41        46
         2        16        41        46        47
         2        15        19        20        42
         2        14        15        20        42
         2        14        15        42        48
         2        15        19        41        42
         2        15        41        42        47
         2        15        42        47        48
         2        14        19        20        43
         2        13        14        19        43
         2        13        14        43        49
         2        14        20        42        43
         2        14        42        43        48
         2        14        43        48        49
         2        13        18        19        44
         2        12        13        18        44
         2        12        13        44        50
         2        13        19        43        44
         2        13        43        44        49
         2        13        44        49        50
         2        12        17        18        39
         2        11        12        17        39
         2        11        12        39        45
         2        12        18        39        44
         2        12        39        44        50
         2        12        39        45        50
         2         5        11        16        46
         2         5        10        16        46
         2         5        10        46        52
         2         5        11        45        46
         2         5        45        46        51
         2         5        46        51        52
         2        10        15        16        47
         2         9        10        15        47
         2         9        10        47        53
         2        10        16        46        47
         2        10        46        47        52
         2        10        47        52        53
         2         9        14        15        48
         2         8         9        14        48
         2         8         9        48        54
         2         9        15        47        48
         2         9        47        48        53
         2         9        48        53        54
         2         8        13        14        49
         2         7         8        13        49
         2         7         8        49        55
         2         8        14        48        49
         2         8        48        49        54
         2         8        49        54        55
         2         7        12        13        50
         2         6         7        12        50
         2         6         7        50        56
         2         7        13        49        50
         2         7        49        50        55
         2         7        50        55        56
         2         6        11        12        45
         2         5         6        11        45
         2         5         6        45        51
         2         6        12        45        50
         2         6        45        50        56
         2         6        45        51        56
         2         1         5        10        52
         2         1         2        10        52
         2         1         2        22        52
         2         1         5        51        52
         2         1        21        51        52
         2         1        21        22        52
         2         2         9        10        53
         2         2         3         9        53
         2         2         3        23        53
         2         2        10        52        53
         2         2        22        52        53
         2         2        22        23        53
         2         3         8         9        54
         2         3         4         8        54
         2         3         4        24        54
         2         3         9        53        54
         2         3        23        53        54
         2         3        23        24        54
         2         4         7         8        55
         2         3         4         7        55
         2         3         4        25        55
         2         4         8        54        55
         2         4        24        54        55
         2         4        24        25        55
         2         3         6         7        56
         2         2         3         6        56
         2         2         3        26        56
         2         3         7        55        56
         2         3        25        55        56
         2         3        25        26        56
         2         2         5         6        51
         2         1         2         5        51
         2         1         2        21        51
         2         2         6        51        56
         2         2        26        51        56
         2         2        21        26        51
         2        21        22        27        58
         2        22        27        28        58
         2        27        28        58        64
         2        21        27        57        58
         2        27        57        58        63
         2        27        58        63        64
         2        22        23        28        59
         2        23        28        29        59
         2        28        29        59        65
         2        22        28        58        59
         2        28        58        59        64
         2        28        59        64        65
         2        23        24        29        60
         2        24        29        30        60
         2        29        30        60        66
         2        23        29        59        60
         2        29        59        60        65
         2        29        60        65        66
         2        24        25        30        61
         2        25        30        31        61
         2        30        31        61        67
         2        24        30        60        61
         2        30        60        61        66
         2        30        61        66        67
         2        25        26        31        62
         2        26        31        32        62
         2        31        32        62        68
         2        25        31        61        62
         2        31        61        62        67
         2        31        62        67        68
         2        21        26        32        57
         2        21        27        32        57
         2        27        32        57        63
         2        26        32        57        62
         2        32        57        62        68
         2        32        57        63        68
         2        27        28        33        64
         2        28        33        34        64
         2        33        34        64        70
         2        27        33        63        64
         2        33        63        64        69
         2        33        64        69        70
         2        28        29        34        65
         2        29        34        35        65
         2        34        35        65        71
         2        28        34        64        65
         2        34        64        65        70
         2        34        65        70        71
         2        29        30        35        66
         2        30        35        36        66
         2        35        36        66        72
         2        29        35        65        66
         2        35        65        66        71
         2        35        66        71        72
         2        30        31        36        67
         2        31        36        37        67
         2        36        37        67        73
         2        30        36        66        67
         2        36        66        67        72
         2        36        67        72        73
         2        31        32        37        68
         2        32        37        38        68
         2        37        38        68        74
         2        31        37        67        68
         2        37        67        68        73
         2        37        68        73        74
         2        27        32        38        63
         2        27        33        38        63
         2        33        38        63        69
         2        32        38        63        68
         2        38        63        68        74
         2        38        63        69        74
         2        33        34        39        70
         2        34        39        40        70
         2        39        40        70        76
         2        33        39        69        70
         2        39        69        70        75
         2        39        70        75        76
         2        34        35        40        71
         2        35        40        41        71
         2        40        41        71        77
         2        34        40        70        71
         2        40        70        71        76
         2        40        71        76        77
         2        35        36        41        72
         2        36        41        42        72
         2        41        42        72        78
         2        35        41        71        72
         2        41        71        72        77
         2        41        72        77        78
         2        36        37        42        73
         2        37        42        43        73
         2        42        43        73        79
         2        36        42        72        73
         2        42        72        73        78
         2        42        73        78        79
         2        37        38        43        74
         2        38        43        44        74
         2        43        44        74        80
         2        37        43        73        74
         2        43        73        74        79
         2        43        74        79        80
         2        33        38        44        69
         2        33        39        44        69
         2        39        44        69        75
         2        38        44        69        74
         2        44        69        74        80
         2        44        69        75        80
         2        39        40        45        76
         2        40        45        46        76
         2        45        46        76        82
         2        39        45        75        76
         2        45        75        76        81
         2        45        76        81        82
         2        40        41        46        77
         2        41        46        47        77
         2        46        47        77        83
         2        40        46        76        77
         2        46        76        77        82
         2        46        77        82        83
         2        41        42        47        78
         2        42        47        48        78
         2        47        48        78        84
         2        41        47        77        78
         2        47        77        78        83
         2        47        78        83        84
         2        42        43        48        79
         2        43        48        49        79
         2        48        49        79        85
         2        42        48        78        79
         2        48        78        79        84
         2        48        79        84        85
         2        43        44        49        80
         2        44        49        50        80
         2        49        50        80        86
         2        43        49        79        80
         2        49        79        80        85
         2        49        80        85        86
         2        39        44        50        75
         2        39        45        50        75
         2        45        50        75        81
         2        44        50        75        80
         2        50        75        80        86
         2        50        75        81        86
         2        45        46        51        82
         2        46        51        52        82
         2        51        52        82        88
         2        45        51        81        82
         2        51        81        82        87
         2        51        82        87        88
         2        46        47        52        83
         2        47        52        53        83
         2        52        53        83        89
         2        46        52        82        83
         2        52        82        83        88
         2        52        83        88        89
         2        47        48        53        84
         2        48        53        54        84
         2        53        54        84        90
         2        47        53        83        84
         2        53        83        84        89
         2        53        84        89        90
         2        48        49        54        85
         2        49        54        55        85
         2        54        55        85        91
         2        48        54        84        85
         2        54        84        85        90
         2        54        85        90        91
         2        49        50        55        86
         2        50        55        56        86
         2        55        56        86        92
         2        49        55        85        86
         2        55        85        86        91
         2        55        86        91        92
         2        45        50        56        81
         2        45        51        56        81
         2        51        56        81        87
         2        50        56        81        86
         2        56        81        86        92
         2        56        81        87        92
         2        21        51        52        88
         2        21        22        52        88
         2        21        22        58        88
         2        21        51        87        88
         2        21        57        87        88
         2        21        57        58        88
         2        22        52        53        89
         2        22        23        53        89
         2        22        23        59        89
         2        22        52        88        89
         2        22        58        88        89
         2        22        58        59        89
         2        23        53        54        90
         2        23        24        54        90
         2        23        24        60        90
         2        23        53        89        90
         2        23        59        89        90
         2        23        59        60        90
         2        24        54        55        91
         2        24        25        55        91
         2        24        25        61        91
         2        24        54        90        91
         2        24        60        90        91
         2        24        60        61        91
         2        25        55        56        92
         2        25        26        56        92
         2        25        26        62        92
         2        25        55        91        92
         2        25        61        91        92
         2        25        61        62        92
         2        26        51        56        87
         2        21        26        51        87
         2        21        26        57        87
         2        26        56        87        92
         2        26        62        87        92
         2        26        57        62        87
         2        57        58        62        63
         2        58        62        63        64
         2        62        63        64        92
         2        57        57        62        63
         2        57        62        63        87
         2        62        63        87        92
         2        58        59        61        64
         2        59        61        64        65
         2        61        64        65        91
         2        58        61        62        64
         2        61        62        64        92
         2        61        64        91        92
         2        59        60        60        65
         2        60        60        65        66
         2        60        65        66        90
         2        59        60        61        65
         2        60        61        65        91
         2        60        65        90        91
         2        59        60        61        66
         2        59        61        66        67
         2        59        66        67        89
         2        59        60        60        66
         2        59        60        66        90
         2        59        66        89        90
         2        58        61        62        67
         2        58        62        67        68
         2        58        67        68        88
         2        58        59        61        67
         2        58        59        67        89
         2        58        67        88        89
         2        57        57        62        68
         2        57        57        63        68
         2        57        63        68        87
         2        57        58        62        68
         2        57        58        68        88
         2        57        68        87        88
         2        63        64        69        92
         2        64        69        70        92
         2        69        70        86        92
         2        63        69        87        92
         2        69        81        87        92
         2        69        81        86        92
         2        64        65        70        91
         2        65        70        71        91
         2        70        71        85        91
         2        64        70        91        92
         2        70        86        91        92
         2        70        85        86        91
         2        65        66        71        90
         2        66        71        72        90
         2        71        72        84        90
         2        65        71        90        91
         2        71        85        90        91
         2        71        84        85        90
         2        66        67        72        89
         2        67        72        73        89
         2        72        73        83        89
         2        66        72        89        90
         2        72        84        89        90
         2        72        83        84        89
         2        67        68        73        88
         2        68        73        74        88
         2        73        74        82        88
         2        67        73        88        89
         2        73        83        88        89
         2        73        82        83        88
         2        63        68        74        87
         2        63        69        74        87
         2        69        74        81        87
         2        68        74        87        88
         2        74        82        87        88
         2        74        81        82        87
         2        69        70        75        86
         2        70        75        76        86
         2        75        76        80        86
         2        69        75        81        86
         2        75        75        81        86
         2        75        75        80        86
         2        70        71        76        85
         2        71        76        77        85
         2        76        77        79        85
         2        70        76        85        86
         2        76        80        85        86
         2        76        79        80        85
         2        71        72        77        84
         2        72        77        78        84
         2        77        78        78        84
         2        71        77        84        85
         2        77        79        84        85
         2        77        78        79        84
         2        72        73        78        83
         2        73        78        79        83
         2        77        78        79        83
         2        72        78        83        84
         2        78        78        83        84
         2        77        78        78        83
         2        73        74        79        82
         2        74        79        80        82
         2        76        79        80        82
         2        73        79        82        83
         2        77        79        82        83
         2        76        77        79        82
         2        69        74        80        81
         2        69        75        80        81
         2        75        75        80        81
         2        74        80        81        82
         2        76        80        81        82
         2        75        76        80        81
