Automatically generated mesh
      88
Reciprocal lattice
    0.00000000000000    0.00000000000000    0.00000000000000             1
    0.14285714285714    0.00000000000000    0.00000000000000             2
    0.28571428571429    0.00000000000000    0.00000000000000             2
    0.42857142857143    0.00000000000000    0.00000000000000             2
    0.00000000000000    0.20000000000000    0.00000000000000             2
    0.14285714285714    0.20000000000000    0.00000000000000             2
    0.28571428571429    0.20000000000000    0.00000000000000             2
    0.42857142857143    0.20000000000000    0.00000000000000             2
   -0.42857142857143    0.20000000000000    0.00000000000000             2
   -0.28571428571429    0.20000000000000    0.00000000000000             2
   -0.14285714285714    0.20000000000000    0.00000000000000             2
    0.00000000000000    0.40000000000000    0.00000000000000             2
    0.14285714285714    0.40000000000000    0.00000000000000             2
    0.28571428571429    0.40000000000000    0.00000000000000             2
    0.42857142857143    0.40000000000000    0.00000000000000             2
   -0.42857142857143    0.40000000000000    0.00000000000000             2
   -0.28571428571429    0.40000000000000    0.00000000000000             2
   -0.14285714285714    0.40000000000000    0.00000000000000             2
    0.00000000000000    0.00000000000000    0.20000000000000             2
    0.14285714285714    0.00000000000000    0.20000000000000             2
    0.28571428571429    0.00000000000000    0.20000000000000             2
    0.42857142857143    0.00000000000000    0.20000000000000             2
   -0.42857142857143    0.00000000000000    0.20000000000000             2
   -0.28571428571429    0.00000000000000    0.20000000000000             2
   -0.14285714285714    0.00000000000000    0.20000000000000             2
    0.00000000000000    0.20000000000000    0.20000000000000             2
    0.14285714285714    0.20000000000000    0.20000000000000             2
    0.28571428571429    0.20000000000000    0.20000000000000             2
    0.42857142857143    0.20000000000000    0.20000000000000             2
   -0.42857142857143    0.20000000000000    0.20000000000000             2
   -0.28571428571429    0.20000000000000    0.20000000000000             2
   -0.14285714285714    0.20000000000000    0.20000000000000             2
    0.00000000000000    0.40000000000000    0.20000000000000             2
    0.14285714285714    0.40000000000000    0.20000000000000             2
    0.28571428571429    0.40000000000000    0.20000000000000             2
    0.42857142857143    0.40000000000000    0.20000000000000             2
   -0.42857142857143    0.40000000000000    0.20000000000000             2
   -0.28571428571429    0.40000000000000    0.20000000000000             2
   -0.14285714285714    0.40000000000000    0.20000000000000             2
    0.00000000000000   -0.40000000000000    0.20000000000000             2
    0.14285714285714   -0.40000000000000    0.20000000000000             2
    0.28571428571429   -0.40000000000000    0.20000000000000             2
    0.42857142857143   -0.40000000000000    0.20000000000000             2
   -0.42857142857143   -0.40000000000000    0.20000000000000             2
   -0.28571428571429   -0.40000000000000    0.20000000000000             2
   -0.14285714285714   -0.40000000000000    0.20000000000000             2
    0.00000000000000   -0.20000000000000    0.20000000000000             2
    0.14285714285714   -0.20000000000000    0.20000000000000             2
    0.28571428571429   -0.20000000000000    0.20000000000000             2
    0.42857142857143   -0.20000000000000    0.20000000000000             2
   -0.42857142857143   -0.20000000000000    0.20000000000000             2
   -0.28571428571429   -0.20000000000000    0.20000000000000             2
   -0.14285714285714   -0.20000000000000    0.20000000000000             2
    0.00000000000000    0.00000000000000    0.40000000000000             2
    0.14285714285714    0.00000000000000    0.40000000000000             2
    0.28571428571429    0.00000000000000    0.40000000000000             2
    0.42857142857143    0.00000000000000    0.40000000000000             2
   -0.42857142857143    0.00000000000000    0.40000000000000             2
   -0.28571428571429    0.00000000000000    0.40000000000000             2
   -0.14285714285714    0.00000000000000    0.40000000000000             2
    0.00000000000000    0.20000000000000    0.40000000000000             2
    0.14285714285714    0.20000000000000    0.40000000000000             2
    0.28571428571429    0.20000000000000    0.40000000000000             2
    0.42857142857143    0.20000000000000    0.40000000000000             2
   -0.42857142857143    0.20000000000000    0.40000000000000             2
   -0.28571428571429    0.20000000000000    0.40000000000000             2
   -0.14285714285714    0.20000000000000    0.40000000000000             2
    0.00000000000000    0.40000000000000    0.40000000000000             2
    0.14285714285714    0.40000000000000    0.40000000000000             2
    0.28571428571429    0.40000000000000    0.40000000000000             2
    0.42857142857143    0.40000000000000    0.40000000000000             2
   -0.42857142857143    0.40000000000000    0.40000000000000             2
   -0.28571428571429    0.40000000000000    0.40000000000000             2
   -0.14285714285714    0.40000000000000    0.40000000000000             2
    0.00000000000000   -0.40000000000000    0.40000000000000             2
    0.14285714285714   -0.40000000000000    0.40000000000000             2
    0.28571428571429   -0.40000000000000    0.40000000000000             2
    0.42857142857143   -0.40000000000000    0.40000000000000             2
   -0.42857142857143   -0.40000000000000    0.40000000000000             2
   -0.28571428571429   -0.40000000000000    0.40000000000000             2
   -0.14285714285714   -0.40000000000000    0.40000000000000             2
    0.00000000000000   -0.20000000000000    0.40000000000000             2
    0.14285714285714   -0.20000000000000    0.40000000000000             2
    0.28571428571429   -0.20000000000000    0.40000000000000             2
    0.42857142857143   -0.20000000000000    0.40000000000000             2
   -0.42857142857143   -0.20000000000000    0.40000000000000             2
   -0.28571428571429   -0.20000000000000    0.40000000000000             2
   -0.14285714285714   -0.20000000000000    0.40000000000000             2
Tetrahedra
       522    0.00095238095238
         2         1         5         6        27
         2         1         2         6        27
         2         1         2        20        27
         2         1         5        26        27
         2         1        19        26        27
         2         1        19        20        27
         2         2         6         7        28
         2         2         3         7        28
         2         2         3        21        28
         2         2         6        27        28
         2         2        20        27        28
         2         2        20        21        28
         2         3         7         8        29
         2         3         4         8        29
         2         3         4        22        29
         2         3         7        28        29
         2         3        21        28        29
         2         3        21        22        29
         2         4         8         9        30
         2         4         4         9        30
         2         4         4        23        30
         2         4         8        29        30
         2         4        22        29        30
         2         4        22        23        30
         2         4         9        10        31
         2         3         4        10        31
         2         3         4        24        31
         2         4         9        30        31
         2         4        23        30        31
         2         4        23        24        31
         2         3        10        11        32
         2         2         3        11        32
         2         2         3        25        32
         2         3        10        31        32
         2         3        24        31        32
         2         3        24        25        32
         2         2         5        11        26
         2         1         2         5        26
         2         1         2        19        26
         2         2        11        26        32
         2         2        25        26        32
         2         2        19        25        26
         2         5        12        13        34
         2         5         6        13        34
         2         5         6        27        34
         2         5        12        33        34
         2         5        26        33        34
         2         5        26        27        34
         2         6        13        14        35
         2         6         7        14        35
         2         6         7        28        35
         2         6        13        34        35
         2         6        27        34        35
         2         6        27        28        35
         2         7        14        15        36
         2         7         8        15        36
         2         7         8        29        36
         2         7        14        35        36
         2         7        28        35        36
         2         7        28        29        36
         2         8        15        16        37
         2         8         9        16        37
         2         8         9        30        37
         2         8        15        36        37
         2         8        29        36        37
         2         8        29        30        37
         2         9        16        17        38
         2         9        10        17        38
         2         9        10        31        38
         2         9        16        37        38
         2         9        30        37        38
         2         9        30        31        38
         2        10        17        18        39
         2        10        11        18        39
         2        10        11        32        39
         2        10        17        38        39
         2        10        31        38        39
         2        10        31        32        39
         2        11        12        18        33
         2         5        11        12        33
         2         5        11        26        33
         2        11        18        33        39
         2        11        32        33        39
         2        11        26        32        33
         2        12        12        18        41
         2        12        13        18        41
         2        12        13        34        41
         2        12        12        40        41
         2        12        33        40        41
         2        12        33        34        41
         2        13        17        18        42
         2        13        14        17        42
         2        13        14        35        42
         2        13        18        41        42
         2        13        34        41        42
         2        13        34        35        42
         2        14        16        17        43
         2        14        15        16        43
         2        14        15        36        43
         2        14        17        42        43
         2        14        35        42        43
         2        14        35        36        43
         4        15        15        16        44
         2        15        16        37        44
         2        15        16        43        44
         2        15        36        43        44
         2        15        36        37        44
         2        14        15        16        45
         2        14        16        17        45
         2        16        17        38        45
         2        15        16        44        45
         2        16        37        44        45
         2        16        37        38        45
         2        13        14        17        46
         2        13        17        18        46
         2        17        18        39        46
         2        14        17        45        46
         2        17        38        45        46
         2        17        38        39        46
         2        12        13        18        40
         2        12        12        18        40
         2        12        18        33        40
         2        13        18        40        46
         2        18        39        40        46
         2        18        33        39        40
         2         5        11        12        48
         2        11        12        18        48
         2        12        18        41        48
         2         5        12        47        48
         2        12        40        47        48
         2        12        40        41        48
         2        10        11        18        49
         2        10        17        18        49
         2        17        18        42        49
         2        11        18        48        49
         2        18        41        48        49
         2        18        41        42        49
         2         9        10        17        50
         2         9        16        17        50
         2        16        17        43        50
         2        10        17        49        50
         2        17        42        49        50
         2        17        42        43        50
         2         8         9        16        51
         2         8        15        16        51
         2        15        16        44        51
         2         9        16        50        51
         2        16        43        50        51
         2        16        43        44        51
         2         7         8        15        52
         2         7        14        15        52
         2        14        15        45        52
         2         8        15        51        52
         2        15        44        51        52
         2        15        44        45        52
         2         6         7        14        53
         2         6        13        14        53
         2        13        14        46        53
         2         7        14        52        53
         2        14        45        52        53
         2        14        45        46        53
         2         5         6        13        47
         2         5        12        13        47
         2        12        13        40        47
         2         6        13        47        53
         2        13        46        47        53
         2        13        40        46        47
         2         1         2         5        20
         2         2         5        11        20
         2         5        11        20        48
         2         1         5        19        20
         2         5        19        20        47
         2         5        20        47        48
         2         2         3        11        21
         2         3        10        11        21
         2        10        11        21        49
         2         2        11        20        21
         2        11        20        21        48
         2        11        21        48        49
         2         3         4        10        22
         2         4         9        10        22
         2         9        10        22        50
         2         3        10        21        22
         2        10        21        22        49
         2        10        22        49        50
         2         4         4         9        23
         2         4         8         9        23
         2         8         9        23        51
         2         4         9        22        23
         2         9        22        23        50
         2         9        23        50        51
         2         3         4         8        24
         2         3         7         8        24
         2         7         8        24        52
         2         4         8        23        24
         2         8        23        24        51
         2         8        24        51        52
         2         2         3         7        25
         2         2         6         7        25
         2         6         7        25        53
         2         3         7        24        25
         2         7        24        25        52
         2         7        25        52        53
         2         1         2         6        19
         2         1         5         6        19
         2         5         6        19        47
         2         2         6        19        25
         2         6        19        25        53
         2         6        19        47        53
         2        19        26        27        62
         2        19        20        27        62
         2        19        20        55        62
         2        19        26        61        62
         2        19        54        61        62
         2        19        54        55        62
         2        20        27        28        63
         2        20        21        28        63
         2        20        21        56        63
         2        20        27        62        63
         2        20        55        62        63
         2        20        55        56        63
         2        21        28        29        64
         2        21        22        29        64
         2        21        22        57        64
         2        21        28        63        64
         2        21        56        63        64
         2        21        56        57        64
         2        22        29        30        65
         2        22        23        30        65
         2        22        23        58        65
         2        22        29        64        65
         2        22        57        64        65
         2        22        57        58        65
         2        23        30        31        66
         2        23        24        31        66
         2        23        24        59        66
         2        23        30        65        66
         2        23        58        65        66
         2        23        58        59        66
         2        24        31        32        67
         2        24        25        32        67
         2        24        25        60        67
         2        24        31        66        67
         2        24        59        66        67
         2        24        59        60        67
         2        25        26        32        61
         2        19        25        26        61
         2        19        25        54        61
         2        25        32        61        67
         2        25        60        61        67
         2        25        54        60        61
         2        26        33        34        69
         2        26        27        34        69
         2        26        27        62        69
         2        26        33        68        69
         2        26        61        68        69
         2        26        61        62        69
         2        27        34        35        70
         2        27        28        35        70
         2        27        28        63        70
         2        27        34        69        70
         2        27        62        69        70
         2        27        62        63        70
         2        28        35        36        71
         2        28        29        36        71
         2        28        29        64        71
         2        28        35        70        71
         2        28        63        70        71
         2        28        63        64        71
         2        29        36        37        72
         2        29        30        37        72
         2        29        30        65        72
         2        29        36        71        72
         2        29        64        71        72
         2        29        64        65        72
         2        30        37        38        73
         2        30        31        38        73
         2        30        31        66        73
         2        30        37        72        73
         2        30        65        72        73
         2        30        65        66        73
         2        31        38        39        74
         2        31        32        39        74
         2        31        32        67        74
         2        31        38        73        74
         2        31        66        73        74
         2        31        66        67        74
         2        32        33        39        68
         2        26        32        33        68
         2        26        32        61        68
         2        32        39        68        74
         2        32        67        68        74
         2        32        61        67        68
         2        33        40        41        76
         2        33        34        41        76
         2        33        34        69        76
         2        33        40        75        76
         2        33        68        75        76
         2        33        68        69        76
         2        34        41        42        77
         2        34        35        42        77
         2        34        35        70        77
         2        34        41        76        77
         2        34        69        76        77
         2        34        69        70        77
         2        35        42        43        78
         2        35        36        43        78
         2        35        36        71        78
         2        35        42        77        78
         2        35        70        77        78
         2        35        70        71        78
         2        36        43        44        79
         2        36        37        44        79
         2        36        37        72        79
         2        36        43        78        79
         2        36        71        78        79
         2        36        71        72        79
         2        37        44        45        80
         2        37        38        45        80
         2        37        38        73        80
         2        37        44        79        80
         2        37        72        79        80
         2        37        72        73        80
         2        38        45        46        81
         2        38        39        46        81
         2        38        39        74        81
         2        38        45        80        81
         2        38        73        80        81
         2        38        73        74        81
         2        39        40        46        75
         2        33        39        40        75
         2        33        39        68        75
         2        39        46        75        81
         2        39        74        75        81
         2        39        68        74        75
         2        40        47        48        83
         2        40        41        48        83
         2        40        41        76        83
         2        40        47        82        83
         2        40        75        82        83
         2        40        75        76        83
         2        41        48        49        84
         2        41        42        49        84
         2        41        42        77        84
         2        41        48        83        84
         2        41        76        83        84
         2        41        76        77        84
         2        42        49        50        85
         2        42        43        50        85
         2        42        43        78        85
         2        42        49        84        85
         2        42        77        84        85
         2        42        77        78        85
         2        43        50        51        86
         2        43        44        51        86
         2        43        44        79        86
         2        43        50        85        86
         2        43        78        85        86
         2        43        78        79        86
         2        44        51        52        87
         2        44        45        52        87
         2        44        45        80        87
         2        44        51        86        87
         2        44        79        86        87
         2        44        79        80        87
         2        45        52        53        88
         2        45        46        53        88
         2        45        46        81        88
         2        45        52        87        88
         2        45        80        87        88
         2        45        80        81        88
         2        46        47        53        82
         2        40        46        47        82
         2        40        46        75        82
         2        46        53        82        88
         2        46        81        82        88
         2        46        75        81        82
         2        19        20        47        55
         2        20        47        48        55
         2        47        48        55        83
         2        19        47        54        55
         2        47        54        55        82
         2        47        55        82        83
         2        20        21        48        56
         2        21        48        49        56
         2        48        49        56        84
         2        20        48        55        56
         2        48        55        56        83
         2        48        56        83        84
         2        21        22        49        57
         2        22        49        50        57
         2        49        50        57        85
         2        21        49        56        57
         2        49        56        57        84
         2        49        57        84        85
         2        22        23        50        58
         2        23        50        51        58
         2        50        51        58        86
         2        22        50        57        58
         2        50        57        58        85
         2        50        58        85        86
         2        23        24        51        59
         2        24        51        52        59
         2        51        52        59        87
         2        23        51        58        59
         2        51        58        59        86
         2        51        59        86        87
         2        24        25        52        60
         2        25        52        53        60
         2        52        53        60        88
         2        24        52        59        60
         2        52        59        60        87
         2        52        60        87        88
         2        19        25        53        54
         2        19        47        53        54
         2        47        53        54        82
         2        25        53        54        60
         2        53        54        60        88
         2        53        54        82        88
         2        54        61        62        88
         2        54        55        62        88
         2        54        55        60        88
         2        54        61        82        88
         2        54        54        82        88
         2        54        54        60        88
         2        55        62        63        87
         2        55        56        63        87
         2        55        56        59        87
         2        55        62        87        88
         2        55        60        87        88
         2        55        59        60        87
         2        56        63        64        86
         2        56        57        64        86
         2        56        57        58        86
         2        56        63        86        87
         2        56        59        86        87
         2        56        58        59        86
         2        57        64        65        85
         2        57        58        65        85
         4        57        57        58        85
         2        57        64        85        86
         2        57        58        85        86
         2        58        65        66        84
         2        58        59        66        84
         2        56        58        59        84
         2        58        65        84        85
         2        57        58        84        85
         2        56        57        58        84
         2        59        66        67        83
         2        59        60        67        83
         2        55        59        60        83
         2        59        66        83        84
         2        56        59        83        84
         2        55        56        59        83
         2        60        61        67        82
         2        54        60        61        82
         2        54        54        60        82
         2        60        67        82        83
         2        55        60        82        83
         2        54        55        60        82
         2        61        68        69        81
         2        61        62        69        81
         2        61        62        81        88
         2        61        68        75        81
         2        61        75        81        82
         2        61        81        82        88
         2        62        69        70        80
         2        62        63        70        80
         2        62        63        80        87
         2        62        69        80        81
         2        62        80        81        88
         2        62        80        87        88
         2        63        70        71        79
         2        63        64        71        79
         2        63        64        79        86
         2        63        70        79        80
         2        63        79        80        87
         2        63        79        86        87
         2        64        71        72        78
         2        64        65        72        78
         2        64        65        78        85
         2        64        71        78        79
         2        64        78        79        86
         2        64        78        85        86
         2        65        72        73        77
         2        65        66        73        77
         2        65        66        77        84
         2        65        72        77        78
         2        65        77        78        85
         2        65        77        84        85
         2        66        73        74        76
         2        66        67        74        76
         2        66        67        76        83
         2        66        73        76        77
         2        66        76        77        84
         2        66        76        83        84
         2        67        68        74        75
         2        61        67        68        75
         2        61        67        75        82
         2        67        74        75        76
         2        67        75        76        83
         2        67        75        82        83
         2        68        74        75        76
         2        68        69        74        76
         2        68        69        74        81
         4        68        68        74        75
         2        68        74        75        81
         2        69        73        76        77
         2        69        70        73        77
         2        69        70        73        80
         2        69        73        74        76
         2        69        73        74        81
         2        69        73        80        81
         2        70        72        77        78
         2        70        71        72        78
         2        70        71        72        79
         2        70        72        73        77
         2        70        72        73        80
         2        70        72        79        80
         2        71        71        78        79
         2        71        71        72        79
         2        71        71        72        78
