Automatically generated mesh
      62
Reciprocal lattice
    0.00000000000000    0.00000000000000    0.00000000000000             1
    0.10000000000000    0.00000000000000    0.00000000000000             2
    0.20000000000000    0.00000000000000    0.00000000000000             2
    0.30000000000000    0.00000000000000    0.00000000000000             2
    0.40000000000000    0.00000000000000    0.00000000000000             2
    0.50000000000000    0.00000000000000    0.00000000000000             1
    0.00000000000000    0.33333333333333    0.00000000000000             2
    0.10000000000000    0.33333333333333    0.00000000000000             2
    0.20000000000000    0.33333333333333    0.00000000000000             2
    0.30000000000000    0.33333333333333    0.00000000000000             2
    0.40000000000000    0.33333333333333    0.00000000000000             2
    0.50000000000000    0.33333333333333    0.00000000000000             2
   -0.40000000000000    0.33333333333333    0.00000000000000             2
   -0.30000000000000    0.33333333333333    0.00000000000000             2
   -0.20000000000000    0.33333333333333    0.00000000000000             2
   -0.10000000000000    0.33333333333333    0.00000000000000             2
    0.00000000000000    0.00000000000000    0.25000000000000             2
    0.10000000000000    0.00000000000000    0.25000000000000             2
    0.20000000000000    0.00000000000000    0.25000000000000             2
    0.30000000000000    0.00000000000000    0.25000000000000             2
    0.40000000000000    0.00000000000000    0.25000000000000             2
    0.50000000000000    0.00000000000000    0.25000000000000             2
   -0.40000000000000    0.00000000000000    0.25000000000000             2
   -0.30000000000000    0.00000000000000    0.25000000000000             2
   -0.20000000000000    0.00000000000000    0.25000000000000             2
   -0.10000000000000    0.00000000000000    0.25000000000000             2
    0.00000000000000    0.33333333333333    0.25000000000000             2
    0.10000000000000    0.33333333333333    0.25000000000000             2
    0.20000000000000    0.33333333333333    0.25000000000000             2
    0.30000000000000    0.33333333333333    0.25000000000000             2
    0.40000000000000    0.33333333333333    0.25000000000000             2
    0.50000000000000    0.33333333333333    0.25000000000000             2
   -0.40000000000000    0.33333333333333    0.25000000000000             2
   -0.30000000000000    0.33333333333333    0.25000000000000             2
   -0.20000000000000    0.33333333333333    0.25000000000000             2
   -0.10000000000000    0.33333333333333    0.25000000000000             2
    0.00000000000000   -0.33333333333333    0.25000000000000             2
    0.10000000000000   -0.33333333333333    0.25000000000000             2
    0.20000000000000   -0.33333333333333    0.25000000000000             2
    0.30000000000000   -0.33333333333333    0.25000000000000             2
    0.40000000000000   -0.33333333333333    0.25000000000000             2
    0.50000000000000   -0.33333333333333    0.25000000000000             2
   -0.40000000000000   -0.33333333333333    0.25000000000000             2
   -0.30000000000000   -0.33333333333333    0.25000000000000             2
   -0.20000000000000   -0.33333333333333    0.25000000000000             2
   -0.10000000000000   -0.33333333333333    0.25000000000000             2
    0.00000000000000    0.00000000000000    0.50000000000000             1
    0.10000000000000    0.00000000000000    0.50000000000000             2
    0.20000000000000    0.00000000000000    0.50000000000000             2
    0.30000000000000    0.00000000000000    0.50000000000000             2
    0.40000000000000    0.00000000000000    0.50000000000000             2
    0.50000000000000    0.00000000000000    0.50000000000000             1
    0.00000000000000    0.33333333333333    0.50000000000000             2
    0.10000000000000    0.33333333333333    0.50000000000000             2
    0.20000000000000    0.33333333333333    0.50000000000000             2
    0.30000000000000    0.33333333333333    0.50000000000000             2
    0.40000000000000    0.33333333333333    0.50000000000000             2
    0.50000000000000    0.33333333333333    0.50000000000000             2
   -0.40000000000000    0.33333333333333    0.50000000000000             2
   -0.30000000000000    0.33333333333333    0.50000000000000             2
   -0.20000000000000    0.33333333333333    0.50000000000000             2
   -0.10000000000000    0.33333333333333    0.50000000000000             2
Tetrahedra
       360    0.00138888888889
         2         1         2         8        17
         2         1         7         8        17
         2         7         8        17        27
         2         2         8        17        18
         2         8        17        18        28
         2         8        17        27        28
         2         2         3         9        18
         2         2         8         9        18
         2         8         9        18        28
         2         3         9        18        19
         2         9        18        19        29
         2         9        18        28        29
         2         3         4        10        19
         2         3         9        10        19
         2         9        10        19        29
         2         4        10        19        20
         2        10        19        20        30
         2        10        19        29        30
         2         4         5        11        20
         2         4        10        11        20
         2        10        11        20        30
         2         5        11        20        21
         2        11        20        21        31
         2        11        20        30        31
         2         5         6        12        21
         2         5        11        12        21
         2        11        12        21        31
         2         6        12        21        22
         2        12        21        22        32
         2        12        21        31        32
         2         5         6        13        22
         2         6        12        13        22
         2        12        13        22        32
         2         5        13        22        23
         2        13        22        23        33
         2        13        22        32        33
         2         4         5        14        23
         2         5        13        14        23
         2        13        14        23        33
         2         4        14        23        24
         2        14        23        24        34
         2        14        23        33        34
         2         3         4        15        24
         2         4        14        15        24
         2        14        15        24        34
         2         3        15        24        25
         2        15        24        25        35
         2        15        24        34        35
         2         2         3        16        25
         2         3        15        16        25
         2        15        16        25        35
         2         2        16        25        26
         2        16        25        26        36
         2        16        25        35        36
         2         1         2         7        26
         2         2         7        16        26
         2         7        16        26        36
         2         1         7        17        26
         2         7        17        26        27
         2         7        26        27        36
         2         7         8        16        27
         2         7         7        16        27
         2         7        16        27        37
         2         8        16        27        28
         2        16        27        28        38
         2        16        27        37        38
         2         8         9        15        28
         2         8        15        16        28
         2        15        16        28        38
         2         9        15        28        29
         2        15        28        29        39
         2        15        28        38        39
         2         9        10        14        29
         2         9        14        15        29
         2        14        15        29        39
         2        10        14        29        30
         2        14        29        30        40
         2        14        29        39        40
         2        10        11        13        30
         2        10        13        14        30
         2        13        14        30        40
         2        11        13        30        31
         2        13        30        31        41
         2        13        30        40        41
         2        11        12        12        31
         2        11        12        13        31
         2        12        13        31        41
         2        12        12        31        32
         2        12        31        32        42
         2        12        31        41        42
         2        11        12        13        32
         2        11        12        12        32
         2        11        12        32        42
         2        11        13        32        33
         2        11        32        33        43
         2        11        32        42        43
         2        10        13        14        33
         2        10        11        13        33
         2        10        11        33        43
         2        10        14        33        34
         2        10        33        34        44
         2        10        33        43        44
         2         9        14        15        34
         2         9        10        14        34
         2         9        10        34        44
         2         9        15        34        35
         2         9        34        35        45
         2         9        34        44        45
         2         8        15        16        35
         2         8         9        15        35
         2         8         9        35        45
         2         8        16        35        36
         2         8        35        36        46
         2         8        35        45        46
         2         7         7        16        36
         2         7         8        16        36
         2         7         8        36        46
         2         7         7        27        36
         2         7        27        36        37
         2         7        36        37        46
         2         2         7        16        37
         2         1         2         7        37
         2         1         2        17        37
         2         2        16        37        38
         2         2        18        37        38
         2         2        17        18        37
         2         3        15        16        38
         2         2         3        16        38
         2         2         3        18        38
         2         3        15        38        39
         2         3        19        38        39
         2         3        18        19        38
         2         4        14        15        39
         2         3         4        15        39
         2         3         4        19        39
         2         4        14        39        40
         2         4        20        39        40
         2         4        19        20        39
         2         5        13        14        40
         2         4         5        14        40
         2         4         5        20        40
         2         5        13        40        41
         2         5        21        40        41
         2         5        20        21        40
         2         6        12        13        41
         2         5         6        13        41
         2         5         6        21        41
         2         6        12        41        42
         2         6        22        41        42
         2         6        21        22        41
         2         5        11        12        42
         2         5         6        12        42
         2         5         6        22        42
         2         5        11        42        43
         2         5        23        42        43
         2         5        22        23        42
         2         4        10        11        43
         2         4         5        11        43
         2         4         5        23        43
         2         4        10        43        44
         2         4        24        43        44
         2         4        23        24        43
         2         3         9        10        44
         2         3         4        10        44
         2         3         4        24        44
         2         3         9        44        45
         2         3        25        44        45
         2         3        24        25        44
         2         2         8         9        45
         2         2         3         9        45
         2         2         3        25        45
         2         2         8        45        46
         2         2        26        45        46
         2         2        25        26        45
         2         1         7         8        46
         2         1         2         8        46
         2         1         2        26        46
         2         1         7        37        46
         2         1        17        37        46
         2         1        17        26        46
         2        17        18        28        47
         2        17        27        28        47
         2        27        28        47        53
         2        18        28        47        48
         2        28        47        48        54
         2        28        47        53        54
         2        18        19        29        48
         2        18        28        29        48
         2        28        29        48        54
         2        19        29        48        49
         2        29        48        49        55
         2        29        48        54        55
         2        19        20        30        49
         2        19        29        30        49
         2        29        30        49        55
         2        20        30        49        50
         2        30        49        50        56
         2        30        49        55        56
         2        20        21        31        50
         2        20        30        31        50
         2        30        31        50        56
         2        21        31        50        51
         2        31        50        51        57
         2        31        50        56        57
         2        21        22        32        51
         2        21        31        32        51
         2        31        32        51        57
         2        22        32        51        52
         2        32        51        52        58
         2        32        51        57        58
         2        22        23        33        52
         2        22        32        33        52
         2        32        33        52        58
         2        23        33        51        52
         2        33        51        52        59
         2        33        52        58        59
         2        23        24        34        51
         2        23        33        34        51
         2        33        34        51        59
         2        24        34        50        51
         2        34        50        51        60
         2        34        51        59        60
         2        24        25        35        50
         2        24        34        35        50
         2        34        35        50        60
         2        25        35        49        50
         2        35        49        50        61
         2        35        50        60        61
         2        25        26        36        49
         2        25        35        36        49
         2        35        36        49        61
         2        26        36        48        49
         2        36        48        49        62
         2        36        49        61        62
         2        17        26        27        48
         2        26        27        36        48
         2        27        36        48        62
         2        17        27        47        48
         2        27        47        48        53
         2        27        48        53        62
         2        27        28        38        53
         2        27        37        38        53
         2        37        38        53        53
         2        28        38        53        54
         2        38        53        54        62
         2        38        53        53        62
         2        28        29        39        54
         2        28        38        39        54
         2        38        39        54        62
         2        29        39        54        55
         2        39        54        55        61
         2        39        54        61        62
         2        29        30        40        55
         2        29        39        40        55
         2        39        40        55        61
         2        30        40        55        56
         2        40        55        56        60
         2        40        55        60        61
         2        30        31        41        56
         2        30        40        41        56
         2        40        41        56        60
         2        31        41        56        57
         2        41        56        57        59
         2        41        56        59        60
         2        31        32        42        57
         2        31        41        42        57
         2        41        42        57        59
         2        32        42        57        58
         2        42        57        58        58
         2        42        57        58        59
         2        32        33        43        58
         2        32        42        43        58
         2        42        43        58        58
         2        33        43        58        59
         2        43        57        58        59
         2        43        57        58        58
         2        33        34        44        59
         2        33        43        44        59
         2        43        44        57        59
         2        34        44        59        60
         2        44        56        59        60
         2        44        56        57        59
         2        34        35        45        60
         2        34        44        45        60
         2        44        45        56        60
         2        35        45        60        61
         2        45        55        60        61
         2        45        55        56        60
         2        35        36        46        61
         2        35        45        46        61
         2        45        46        55        61
         2        36        46        61        62
         2        46        54        61        62
         2        46        54        55        61
         2        27        36        37        62
         2        36        37        46        62
         2        37        46        54        62
         2        27        37        53        62
         2        37        53        53        62
         2        37        53        54        62
         2        18        37        38        53
         2        17        18        37        53
         2        17        18        47        53
         2        18        38        53        62
         2        18        48        53        62
         2        18        47        48        53
         2        19        38        39        62
         2        18        19        38        62
         2        18        19        48        62
         2        19        39        61        62
         2        19        49        61        62
         2        19        48        49        62
         2        20        39        40        61
         2        19        20        39        61
         2        19        20        49        61
         2        20        40        60        61
         2        20        50        60        61
         2        20        49        50        61
         2        21        40        41        60
         2        20        21        40        60
         2        20        21        50        60
         2        21        41        59        60
         2        21        51        59        60
         2        21        50        51        60
         2        22        41        42        59
         2        21        22        41        59
         2        21        22        51        59
         2        22        42        58        59
         2        22        52        58        59
         2        22        51        52        59
         2        23        42        43        58
         2        22        23        42        58
         2        22        23        52        58
         2        23        43        57        58
         2        23        51        57        58
         2        23        51        52        58
         2        24        43        44        57
         2        23        24        43        57
         2        23        24        51        57
         2        24        44        56        57
         2        24        50        56        57
         2        24        50        51        57
         2        25        44        45        56
         2        24        25        44        56
         2        24        25        50        56
         2        25        45        55        56
         2        25        49        55        56
         2        25        49        50        56
         2        26        45        46        55
         2        25        26        45        55
         2        25        26        49        55
         2        26        46        54        55
         2        26        48        54        55
         2        26        48        49        55
         2        17        37        46        54
         2        17        26        46        54
         2        17        26        48        54
         2        17        37        53        54
         2        17        47        53        54
         2        17        47        48        54
