Automatically generated mesh
      74
Reciprocal lattice
    0.00000000000000    0.00000000000000    0.00000000000000             1
    0.12500000000000    0.00000000000000    0.00000000000000             2
    0.25000000000000    0.00000000000000    0.00000000000000             2
    0.37500000000000    0.00000000000000    0.00000000000000             2
    0.50000000000000    0.00000000000000    0.00000000000000             1
    0.00000000000000    0.33333333333333    0.00000000000000             2
    0.12500000000000    0.33333333333333    0.00000000000000             2
    0.25000000000000    0.33333333333333    0.00000000000000             2
    0.37500000000000    0.33333333333333    0.00000000000000             2
    0.50000000000000    0.33333333333333    0.00000000000000             2
   -0.37500000000000    0.33333333333333    0.00000000000000             2
   -0.25000000000000    0.33333333333333    0.00000000000000             2
   -0.12500000000000    0.33333333333333    0.00000000000000             2
    0.00000000000000    0.00000000000000    0.16666666666667             2
    0.12500000000000    0.00000000000000    0.16666666666667             2
    0.25000000000000    0.00000000000000    0.16666666666667             2
    0.37500000000000    0.00000000000000    0.16666666666667             2
    0.50000000000000    0.00000000000000    0.16666666666667             2
   -0.37500000000000    0.00000000000000    0.16666666666667             2
   -0.25000000000000    0.00000000000000    0.16666666666667             2
   -0.12500000000000    0.00000000000000    0.16666666666667             2
    0.00000000000000    0.33333333333333    0.16666666666667             2
    0.12500000000000    0.33333333333333    0.16666666666667             2
    0.25000000000000    0.33333333333333    0.16666666666667             2
    0.37500000000000    0.33333333333333    0.16666666666667             2
    0.50000000000000    0.33333333333333    0.16666666666667             2
   -0.37500000000000    0.33333333333333    0.16666666666667             2
   -0.25000000000000    0.33333333333333    0.16666666666667             2
   -0.12500000000000    0.33333333333333    0.16666666666667             2
    0.00000000000000   -0.33333333333333    0.16666666666667             2
    0.12500000000000   -0.33333333333333    0.16666666666667             2
    0.25000000000000   -0.33333333333333    0.16666666666667             2
    0.37500000000000   -0.33333333333333    0.16666666666667             2
    0.50000000000000   -0.33333333333333    0.16666666666667             2
   -0.37500000000000   -0.33333333333333    0.16666666666667             2
   -0.25000000000000   -0.33333333333333    0.16666666666667             2
   -0.12500000000000   -0.33333333333333    0.16666666666667             2
    0.00000000000000    0.00000000000000    0.33333333333333             2
    0.12500000000000    0.00000000000000    0.33333333333333             2
    0.25000000000000    0.00000000000000    0.33333333333333             2
    0.37500000000000    0.00000000000000    0.33333333333333             2
    0.50000000000000    0.00000000000000    0.33333333333333             2
   -0.37500000000000    0.00000000000000    0.33333333333333             2
   -0.25000000000000    0.00000000000000    0.33333333333333             2
   -0.12500000000000    0.00000000000000    0.33333333333333             2
    0.00000000000000    0.33333333333333    0.33333333333333             2
    0.12500000000000    0.33333333333333    0.33333333333333             2
    0.25000000000000    0.33333333333333    0.33333333333333             2
    0.37500000000000    0.33333333333333    0.33333333333333             2
    0.50000000000000    0.33333333333333    0.33333333333333             2
   -0.37500000000000    0.33333333333333    0.33333333333333             2
   -0.25000000000000    0.33333333333333    0.33333333333333             2
   -0.12500000000000    0.33333333333333    0.33333333333333             2
    0.00000000000000   -0.33333333333333    0.33333333333333             2
    0.12500000000000   -0.33333333333333    0.33333333333333             2
    0.25000000000000   -0.33333333333333    0.33333333333333             2
    0.37500000000000   -0.33333333333333    0.33333333333333             2
    0.50000000000000   -0.33333333333333    0.33333333333333             2
   -0.37500000000000   -0.33333333333333    0.33333333333333             2
   -0.25000000000000   -0.33333333333333    0.33333333333333             2
   -0.12500000000000   -0.33333333333333    0.33333333333333             2
    0.00000000000000    0.00000000000000    0.50000000000000             1
    0.12500000000000    0.00000000000000    0.50000000000000             2
    0.25000000000000    0.00000000000000    0.50000000000000             2
    0.37500000000000    0.00000000000000    0.50000000000000             2
    0.50000000000000    0.00000000000000    0.50000000000000             1
    0.00000000000000    0.33333333333333    0.50000000000000             2
    0.12500000000000    0.33333333333333    0.50000000000000             2
    0.25000000000000    0.33333333333333    0.50000000000000             2
    0.37500000000000    0.33333333333333    0.50000000000000             2
    0.50000000000000    0.33333333333333    0.50000000000000             2
   -0.37500000000000    0.33333333333333    0.50000000000000             2
   -0.25000000000000    0.33333333333333    0.50000000000000             2
   -0.12500000000000    0.33333333333333    0.50000000000000             2
Tetrahedra
       432    0.00115740740741
         2         1         2         6        15
         2         2         6         7        15
         2         6         7        15        23
         2         1         6        14        15
         2         6        14        15        22
         2         6        15        22        23
         2         2         3         7        16
         2         3         7         8        16
         2         7         8        16        24
         2         2         7        15        16
         2         7        15        16        23
         2         7        16        23        24
         2         3         4         8        17
         2         4         8         9        17
         2         8         9        17        25
         2         3         8        16        17
         2         8        16        17        24
         2         8        17        24        25
         2         4         5         9        18
         2         5         9        10        18
         2         9        10        18        26
         2         4         9        17        18
         2         9        17        18        25
         2         9        18        25        26
         2         4         5        10        19
         2         4        10        11        19
         2        10        11        19        27
         2         5        10        18        19
         2        10        18        19        26
         2        10        19        26        27
         2         3         4        11        20
         2         3        11        12        20
         2        11        12        20        28
         2         4        11        19        20
         2        11        19        20        27
         2        11        20        27        28
         2         2         3        12        21
         2         2        12        13        21
         2        12        13        21        29
         2         3        12        20        21
         2        12        20        21        28
         2        12        21        28        29
         2         1         2        13        14
         2         1         6        13        14
         2         6        13        14        22
         2         2        13        14        21
         2        13        14        21        29
         2        13        14        22        29
         2         6         6         7        23
         2         6         7        13        23
         2         6        13        23        31
         2         6         6        22        23
         2         6        22        23        30
         2         6        23        30        31
         2         7         8        13        24
         2         8        12        13        24
         2        12        13        24        32
         2         7        13        23        24
         2        13        23        24        31
         2        13        24        31        32
         2         8         9        12        25
         2         9        11        12        25
         2        11        12        25        33
         2         8        12        24        25
         2        12        24        25        32
         2        12        25        32        33
         2         9        10        11        26
         2        10        10        11        26
         2        10        11        26        34
         2         9        11        25        26
         2        11        25        26        33
         2        11        26        33        34
         2        10        10        11        27
         2         9        10        11        27
         2         9        10        27        35
         2        10        10        26        27
         2        10        26        27        34
         2        10        27        34        35
         2         9        11        12        28
         2         8         9        12        28
         2         8         9        28        36
         2         9        11        27        28
         2         9        27        28        35
         2         9        28        35        36
         2         8        12        13        29
         2         7         8        13        29
         2         7         8        29        37
         2         8        12        28        29
         2         8        28        29        36
         2         8        29        36        37
         2         6         7        13        22
         2         6         6         7        22
         2         6         7        22        30
         2         7        13        22        29
         2         7        22        29        37
         2         7        22        30        37
         2         1         6        13        31
         2         1         2        13        31
         2         1         2        15        31
         2         1         6        30        31
         2         1        14        30        31
         2         1        14        15        31
         2         2        12        13        32
         2         2         3        12        32
         2         2         3        16        32
         2         2        13        31        32
         2         2        15        31        32
         2         2        15        16        32
         2         3        11        12        33
         2         3         4        11        33
         2         3         4        17        33
         2         3        12        32        33
         2         3        16        32        33
         2         3        16        17        33
         2         4        10        11        34
         2         4         5        10        34
         2         4         5        18        34
         2         4        11        33        34
         2         4        17        33        34
         2         4        17        18        34
         2         5         9        10        35
         2         4         5         9        35
         2         4         5        19        35
         2         5        10        34        35
         2         5        18        34        35
         2         5        18        19        35
         2         4         8         9        36
         2         3         4         8        36
         2         3         4        20        36
         2         4         9        35        36
         2         4        19        35        36
         2         4        19        20        36
         2         3         7         8        37
         2         2         3         7        37
         2         2         3        21        37
         2         3         8        36        37
         2         3        20        36        37
         2         3        20        21        37
         2         2         6         7        30
         2         1         2         6        30
         2         1         2        14        30
         2         2         7        30        37
         2         2        21        30        37
         2         2        14        21        30
         2        14        15        22        39
         2        15        22        23        39
         2        22        23        39        47
         2        14        22        38        39
         2        22        38        39        46
         2        22        39        46        47
         2        15        16        23        40
         2        16        23        24        40
         2        23        24        40        48
         2        15        23        39        40
         2        23        39        40        47
         2        23        40        47        48
         2        16        17        24        41
         2        17        24        25        41
         2        24        25        41        49
         2        16        24        40        41
         2        24        40        41        48
         2        24        41        48        49
         2        17        18        25        42
         2        18        25        26        42
         2        25        26        42        50
         2        17        25        41        42
         2        25        41        42        49
         2        25        42        49        50
         2        18        19        26        43
         2        19        26        27        43
         2        26        27        43        51
         2        18        26        42        43
         2        26        42        43        50
         2        26        43        50        51
         2        19        20        27        44
         2        20        27        28        44
         2        27        28        44        52
         2        19        27        43        44
         2        27        43        44        51
         2        27        44        51        52
         2        20        21        28        45
         2        21        28        29        45
         2        28        29        45        53
         2        20        28        44        45
         2        28        44        45        52
         2        28        45        52        53
         2        14        21        29        38
         2        14        22        29        38
         2        22        29        38        46
         2        21        29        38        45
         2        29        38        45        53
         2        29        38        46        53
         2        22        23        30        47
         2        23        30        31        47
         2        30        31        47        55
         2        22        30        46        47
         2        30        46        47        54
         2        30        47        54        55
         2        23        24        31        48
         2        24        31        32        48
         2        31        32        48        56
         2        23        31        47        48
         2        31        47        48        55
         2        31        48        55        56
         2        24        25        32        49
         2        25        32        33        49
         2        32        33        49        57
         2        24        32        48        49
         2        32        48        49        56
         2        32        49        56        57
         2        25        26        33        50
         2        26        33        34        50
         2        33        34        50        58
         2        25        33        49        50
         2        33        49        50        57
         2        33        50        57        58
         2        26        27        34        51
         2        27        34        35        51
         2        34        35        51        59
         2        26        34        50        51
         2        34        50        51        58
         2        34        51        58        59
         2        27        28        35        52
         2        28        35        36        52
         2        35        36        52        60
         2        27        35        51        52
         2        35        51        52        59
         2        35        52        59        60
         2        28        29        36        53
         2        29        36        37        53
         2        36        37        53        61
         2        28        36        52        53
         2        36        52        53        60
         2        36        53        60        61
         2        22        29        37        46
         2        22        30        37        46
         2        30        37        46        54
         2        29        37        46        53
         2        37        46        53        61
         2        37        46        54        61
         2        14        30        31        55
         2        14        15        31        55
         2        14        15        39        55
         2        14        30        54        55
         2        14        38        54        55
         2        14        38        39        55
         2        15        31        32        56
         2        15        16        32        56
         2        15        16        40        56
         2        15        31        55        56
         2        15        39        55        56
         2        15        39        40        56
         2        16        32        33        57
         2        16        17        33        57
         2        16        17        41        57
         2        16        32        56        57
         2        16        40        56        57
         2        16        40        41        57
         2        17        33        34        58
         2        17        18        34        58
         2        17        18        42        58
         2        17        33        57        58
         2        17        41        57        58
         2        17        41        42        58
         2        18        34        35        59
         2        18        19        35        59
         2        18        19        43        59
         2        18        34        58        59
         2        18        42        58        59
         2        18        42        43        59
         2        19        35        36        60
         2        19        20        36        60
         2        19        20        44        60
         2        19        35        59        60
         2        19        43        59        60
         2        19        43        44        60
         2        20        36        37        61
         2        20        21        37        61
         2        20        21        45        61
         2        20        36        60        61
         2        20        44        60        61
         2        20        44        45        61
         2        21        30        37        54
         2        14        21        30        54
         2        14        21        38        54
         2        21        37        54        61
         2        21        45        54        61
         2        21        38        45        54
         2        38        39        46        63
         2        39        46        47        63
         2        46        47        63        68
         2        38        46        62        63
         2        46        62        63        67
         2        46        63        67        68
         2        39        40        47        64
         2        40        47        48        64
         2        47        48        64        69
         2        39        47        63        64
         2        47        63        64        68
         2        47        64        68        69
         2        40        41        48        65
         2        41        48        49        65
         2        48        49        65        70
         2        40        48        64        65
         2        48        64        65        69
         2        48        65        69        70
         2        41        42        49        66
         2        42        49        50        66
         2        49        50        66        71
         2        41        49        65        66
         2        49        65        66        70
         2        49        66        70        71
         2        42        43        50        65
         2        43        50        51        65
         2        50        51        65        72
         2        42        50        65        66
         2        50        65        66        71
         2        50        65        71        72
         2        43        44        51        64
         2        44        51        52        64
         2        51        52        64        73
         2        43        51        64        65
         2        51        64        65        72
         2        51        64        72        73
         2        44        45        52        63
         2        45        52        53        63
         2        52        53        63        74
         2        44        52        63        64
         2        52        63        64        73
         2        52        63        73        74
         2        38        45        53        62
         2        38        46        53        62
         2        46        53        62        67
         2        45        53        62        63
         2        53        62        63        74
         2        53        62        67        74
         2        46        47        54        68
         2        47        54        55        68
         2        54        55        68        74
         2        46        54        67        68
         2        54        67        67        68
         2        54        67        68        74
         2        47        48        55        69
         2        48        55        56        69
         2        55        56        69        73
         2        47        55        68        69
         2        55        68        69        74
         2        55        69        73        74
         2        48        49        56        70
         2        49        56        57        70
         2        56        57        70        72
         2        48        56        69        70
         2        56        69        70        73
         2        56        70        72        73
         2        49        50        57        71
         2        50        57        58        71
         2        57        58        71        71
         2        49        57        70        71
         2        57        70        71        72
         2        57        71        71        72
         2        50        51        58        72
         2        51        58        59        72
         2        58        59        70        72
         2        50        58        71        72
         2        58        71        71        72
         2        58        70        71        72
         2        51        52        59        73
         2        52        59        60        73
         2        59        60        69        73
         2        51        59        72        73
         2        59        70        72        73
         2        59        69        70        73
         2        52        53        60        74
         2        53        60        61        74
         2        60        61        68        74
         2        52        60        73        74
         2        60        69        73        74
         2        60        68        69        74
         2        46        53        61        67
         2        46        54        61        67
         2        54        61        67        67
         2        53        61        67        74
         2        61        67        68        74
         2        61        67        67        68
         2        38        54        55        74
         2        38        39        55        74
         2        38        39        63        74
         2        38        54        67        74
         2        38        62        67        74
         2        38        62        63        74
         2        39        55        56        73
         2        39        40        56        73
         2        39        40        64        73
         2        39        55        73        74
         2        39        63        73        74
         2        39        63        64        73
         2        40        56        57        72
         2        40        41        57        72
         2        40        41        65        72
         2        40        56        72        73
         2        40        64        72        73
         2        40        64        65        72
         2        41        57        58        71
         2        41        42        58        71
         2        41        42        66        71
         2        41        57        71        72
         2        41        65        71        72
         2        41        65        66        71
         2        42        58        59        70
         2        42        43        59        70
         2        42        43        65        70
         2        42        58        70        71
         2        42        66        70        71
         2        42        65        66        70
         2        43        59        60        69
         2        43        44        60        69
         2        43        44        64        69
         2        43        59        69        70
         2        43        65        69        70
         2        43        64        65        69
         2        44        60        61        68
         2        44        45        61        68
         2        44        45        63        68
         2        44        60        68        69
         2        44        64        68        69
         2        44        63        64        68
         2        45        54        61        67
         2        38        45        54        67
         2        38        45        62        67
         2        45        61        67        68
         2        45        63        67        68
         2        45        62        63        67
