Automatically generated mesh
      99
Reciprocal lattice
    0.00000000000000    0.00000000000000    0.00000000000000             1
    0.14285714285714    0.00000000000000    0.00000000000000             2
    0.28571428571429    0.00000000000000    0.00000000000000             2
    0.42857142857143    0.00000000000000    0.00000000000000             2
    0.00000000000000    0.14285714285714    0.00000000000000             2
    0.14285714285714    0.14285714285714    0.00000000000000             2
    0.28571428571429    0.14285714285714    0.00000000000000             2
    0.42857142857143    0.14285714285714    0.00000000000000             2
   -0.42857142857143    0.14285714285714    0.00000000000000             2
   -0.28571428571429    0.14285714285714    0.00000000000000             2
   -0.14285714285714    0.14285714285714    0.00000000000000             2
    0.00000000000000    0.28571428571429    0.00000000000000             2
    0.14285714285714    0.28571428571429    0.00000000000000             2
    0.28571428571429    0.28571428571429    0.00000000000000             2
    0.42857142857143    0.28571428571429    0.00000000000000             2
   -0.42857142857143    0.28571428571429    0.00000000000000             2
   -0.28571428571429    0.28571428571429    0.00000000000000             2
   -0.14285714285714    0.28571428571429    0.00000000000000             2
    0.00000000000000    0.42857142857143    0.00000000000000             2
    0.14285714285714    0.42857142857143    0.00000000000000             2
    0.28571428571429    0.42857142857143    0.00000000000000             2
    0.42857142857143    0.42857142857143    0.00000000000000             2
   -0.42857142857143    0.42857142857143    0.00000000000000             2
   -0.28571428571429    0.42857142857143    0.00000000000000             2
   -0.14285714285714    0.42857142857143    0.00000000000000             2
    0.00000000000000    0.00000000000000    0.25000000000000             2
    0.14285714285714    0.00000000000000    0.25000000000000             2
    0.28571428571429    0.00000000000000    0.25000000000000             2
    0.42857142857143    0.00000000000000    0.25000000000000             2
   -0.42857142857143    0.00000000000000    0.25000000000000             2
   -0.28571428571429    0.00000000000000    0.25000000000000             2
   -0.14285714285714    0.00000000000000    0.25000000000000             2
    0.00000000000000    0.14285714285714    0.25000000000000             2
    0.14285714285714    0.14285714285714    0.25000000000000             2
    0.28571428571429    0.14285714285714    0.25000000000000             2
    0.42857142857143    0.14285714285714    0.25000000000000             2
   -0.42857142857143    0.14285714285714    0.25000000000000             2
   -0.28571428571429    0.14285714285714    0.25000000000000             2
   -0.14285714285714    0.14285714285714    0.25000000000000             2
    0.00000000000000    0.28571428571429    0.25000000000000             2
    0.14285714285714    0.28571428571429    0.25000000000000             2
    0.28571428571429    0.28571428571429    0.25000000000000             2
    0.42857142857143    0.28571428571429    0.25000000000000             2
   -0.42857142857143    0.28571428571429    0.25000000000000             2
   -0.28571428571429    0.28571428571429    0.25000000000000             2
   -0.14285714285714    0.28571428571429    0.25000000000000             2
    0.00000000000000    0.42857142857143    0.25000000000000             2
    0.14285714285714    0.42857142857143    0.25000000000000             2
    0.28571428571429    0.42857142857143    0.25000000000000             2
    0.42857142857143    0.42857142857143    0.25000000000000             2
   -0.42857142857143    0.42857142857143    0.25000000000000             2
   -0.28571428571429    0.42857142857143    0.25000000000000             2
   -0.14285714285714    0.42857142857143    0.25000000000000             2
    0.00000000000000   -0.42857142857143    0.25000000000000             2
    0.14285714285714   -0.42857142857143    0.25000000000000             2
    0.28571428571429   -0.42857142857143    0.25000000000000             2
    0.42857142857143   -0.42857142857143    0.25000000000000             2
   -0.42857142857143   -0.42857142857143    0.25000000000000             2
   -0.28571428571429   -0.42857142857143    0.25000000000000             2
   -0.14285714285714   -0.42857142857143    0.25000000000000             2
    0.00000000000000   -0.28571428571429    0.25000000000000             2
    0.14285714285714   -0.28571428571429    0.25000000000000             2
    0.28571428571429   -0.28571428571429    0.25000000000000             2
    0.42857142857143   -0.28571428571429    0.25000000000000             2
   -0.42857142857143   -0.28571428571429    0.25000000000000             2
   -0.28571428571429   -0.28571428571429    0.25000000000000             2
   -0.14285714285714   -0.28571428571429    0.25000000000000             2
    0.00000000000000   -0.14285714285714    0.25000000000000             2
    0.14285714285714   -0.14285714285714    0.25000000000000             2
    0.28571428571429   -0.14285714285714    0.25000000000000             2
    0.42857142857143   -0.14285714285714    0.25000000000000             2
   -0.42857142857143   -0.14285714285714    0.25000000000000             2
   -0.28571428571429   -0.14285714285714    0.25000000000000             2
   -0.14285714285714   -0.14285714285714    0.25000000000000             2
    0.00000000000000    0.00000000000000    0.50000000000000             1
    0.14285714285714    0.00000000000000    0.50000000000000             2
    0.28571428571429    0.00000000000000    0.50000000000000             2
    0.42857142857143    0.00000000000000    0.50000000000000             2
    0.00000000000000    0.14285714285714    0.50000000000000             2
    0.14285714285714    0.14285714285714    0.50000000000000             2
    0.28571428571429    0.14285714285714    0.50000000000000             2
    0.42857142857143    0.14285714285714    0.50000000000000             2
   -0.42857142857143    0.14285714285714    0.50000000000000             2
   -0.28571428571429    0.14285714285714    0.50000000000000             2
   -0.14285714285714    0.14285714285714    0.50000000000000             2
    0.00000000000000    0.28571428571429    0.50000000000000             2
    0.14285714285714    0.28571428571429    0.50000000000000             2
    0.28571428571429    0.28571428571429    0.50000000000000             2
    0.42857142857143    0.28571428571429    0.50000000000000             2
   -0.42857142857143    0.28571428571429    0.50000000000000             2
   -0.28571428571429    0.28571428571429    0.50000000000000             2
   -0.14285714285714    0.28571428571429    0.50000000000000             2
    0.00000000000000    0.42857142857143    0.50000000000000             2
    0.14285714285714    0.42857142857143    0.50000000000000             2
    0.28571428571429    0.42857142857143    0.50000000000000             2
    0.42857142857143    0.42857142857143    0.50000000000000             2
   -0.42857142857143    0.42857142857143    0.50000000000000             2
   -0.28571428571429    0.42857142857143    0.50000000000000             2
   -0.14285714285714    0.42857142857143    0.50000000000000             2
Tetrahedra
       586    0.00085034013605
         2         1         2         6        26
         2         1         5         6        26
         2         5         6        26        33
         2         2         6        26        27
         2         6        26        27        34
         2         6        26        33        34
         2         2         3         7        27
         2         2         6         7        27
         2         6         7        27        34
         2         3         7        27        28
         2         7        27        28        35
         2         7        27        34        35
         2         3         4         8        28
         2         3         7         8        28
         2         7         8        28        35
         2         4         8        28        29
         2         8        28        29        36
         2         8        28        35        36
         2         4         4         9        29
         2         4         8         9        29
         2         8         9        29        36
         2         4         9        29        30
         2         9        29        30        37
         2         9        29        36        37
         2         3         4        10        30
         2         4         9        10        30
         2         9        10        30        37
         2         3        10        30        31
         2        10        30        31        38
         2        10        30        37        38
         2         2         3        11        31
         2         3        10        11        31
         2        10        11        31        38
         2         2        11        31        32
         2        11        31        32        39
         2        11        31        38        39
         2         1         2         5        32
         2         2         5        11        32
         2         5        11        32        39
         2         1         5        26        32
         2         5        26        32        33
         2         5        32        33        39
         2         5         6        13        33
         2         5        12        13        33
         2        12        13        33        40
         2         6        13        33        34
         2        13        33        34        41
         2        13        33        40        41
         2         6         7        14        34
         2         6        13        14        34
         2        13        14        34        41
         2         7        14        34        35
         2        14        34        35        42
         2        14        34        41        42
         2         7         8        15        35
         2         7        14        15        35
         2        14        15        35        42
         2         8        15        35        36
         2        15        35        36        43
         2        15        35        42        43
         2         8         9        16        36
         2         8        15        16        36
         2        15        16        36        43
         2         9        16        36        37
         2        16        36        37        44
         2        16        36        43        44
         2         9        10        17        37
         2         9        16        17        37
         2        16        17        37        44
         2        10        17        37        38
         2        17        37        38        45
         2        17        37        44        45
         2        10        11        18        38
         2        10        17        18        38
         2        17        18        38        45
         2        11        18        38        39
         2        18        38        39        46
         2        18        38        45        46
         2         5        11        12        39
         2        11        12        18        39
         2        12        18        39        46
         2         5        12        33        39
         2        12        33        39        40
         2        12        39        40        46
         2        12        13        20        40
         2        12        19        20        40
         2        19        20        40        47
         2        13        20        40        41
         2        20        40        41        48
         2        20        40        47        48
         2        13        14        21        41
         2        13        20        21        41
         2        20        21        41        48
         2        14        21        41        42
         2        21        41        42        49
         2        21        41        48        49
         2        14        15        22        42
         2        14        21        22        42
         2        21        22        42        49
         2        15        22        42        43
         2        22        42        43        50
         2        22        42        49        50
         2        15        16        23        43
         2        15        22        23        43
         2        22        23        43        50
         2        16        23        43        44
         2        23        43        44        51
         2        23        43        50        51
         2        16        17        24        44
         2        16        23        24        44
         2        23        24        44        51
         2        17        24        44        45
         2        24        44        45        52
         2        24        44        51        52
         2        17        18        25        45
         2        17        24        25        45
         2        24        25        45        52
         2        18        25        45        46
         2        25        45        46        53
         2        25        45        52        53
         2        12        18        19        46
         2        18        19        25        46
         2        19        25        46        53
         2        12        19        40        46
         2        19        40        46        47
         2        19        46        47        53
         2        19        20        25        47
         2        19        19        25        47
         2        19        25        47        54
         2        20        25        47        48
         2        25        47        48        55
         2        25        47        54        55
         2        20        21        24        48
         2        20        24        25        48
         2        24        25        48        55
         2        21        24        48        49
         2        24        48        49        56
         2        24        48        55        56
         2        21        22        23        49
         2        21        23        24        49
         2        23        24        49        56
         2        22        23        49        50
         2        23        49        50        57
         2        23        49        56        57
         4        22        22        23        50
         2        22        23        50        57
         2        22        23        50        51
         2        22        50        51        58
         2        22        50        57        58
         2        21        23        24        51
         2        21        22        23        51
         2        21        22        51        58
         2        21        24        51        52
         2        21        51        52        59
         2        21        51        58        59
         2        20        24        25        52
         2        20        21        24        52
         2        20        21        52        59
         2        20        25        52        53
         2        20        52        53        60
         2        20        52        59        60
         2        19        19        25        53
         2        19        20        25        53
         2        19        20        53        60
         2        19        19        47        53
         2        19        47        53        54
         2        19        53        54        60
         2        18        19        25        54
         2        12        18        19        54
         2        12        18        54        61
         2        18        25        54        55
         2        18        54        55        62
         2        18        54        61        62
         2        17        24        25        55
         2        17        18        25        55
         2        17        18        55        62
         2        17        24        55        56
         2        17        55        56        63
         2        17        55        62        63
         2        16        23        24        56
         2        16        17        24        56
         2        16        17        56        63
         2        16        23        56        57
         2        16        56        57        64
         2        16        56        63        64
         2        15        22        23        57
         2        15        16        23        57
         2        15        16        57        64
         2        15        22        57        58
         2        15        57        58        65
         2        15        57        64        65
         2        14        21        22        58
         2        14        15        22        58
         2        14        15        58        65
         2        14        21        58        59
         2        14        58        59        66
         2        14        58        65        66
         2        13        20        21        59
         2        13        14        21        59
         2        13        14        59        66
         2        13        20        59        60
         2        13        59        60        67
         2        13        59        66        67
         2        12        19        20        60
         2        12        13        20        60
         2        12        13        60        67
         2        12        19        54        60
         2        12        54        60        61
         2        12        60        61        67
         2        11        12        18        61
         2         5        11        12        61
         2         5        11        61        68
         2        11        18        61        62
         2        11        61        62        69
         2        11        61        68        69
         2        10        17        18        62
         2        10        11        18        62
         2        10        11        62        69
         2        10        17        62        63
         2        10        62        63        70
         2        10        62        69        70
         2         9        16        17        63
         2         9        10        17        63
         2         9        10        63        70
         2         9        16        63        64
         2         9        63        64        71
         2         9        63        70        71
         2         8        15        16        64
         2         8         9        16        64
         2         8         9        64        71
         2         8        15        64        65
         2         8        64        65        72
         2         8        64        71        72
         2         7        14        15        65
         2         7         8        15        65
         2         7         8        65        72
         2         7        14        65        66
         2         7        65        66        73
         2         7        65        72        73
         2         6        13        14        66
         2         6         7        14        66
         2         6         7        66        73
         2         6        13        66        67
         2         6        66        67        74
         2         6        66        73        74
         2         5        12        13        67
         2         5         6        13        67
         2         5         6        67        74
         2         5        12        61        67
         2         5        61        67        68
         2         5        67        68        74
         2         2         5        11        68
         2         1         2         5        68
         2         1         2        26        68
         2         2        11        68        69
         2         2        27        68        69
         2         2        26        27        68
         2         3        10        11        69
         2         2         3        11        69
         2         2         3        27        69
         2         3        10        69        70
         2         3        28        69        70
         2         3        27        28        69
         2         4         9        10        70
         2         3         4        10        70
         2         3         4        28        70
         2         4         9        70        71
         2         4        29        70        71
         2         4        28        29        70
         2         4         8         9        71
         2         4         4         9        71
         2         4         4        29        71
         2         4         8        71        72
         2         4        30        71        72
         2         4        29        30        71
         2         3         7         8        72
         2         3         4         8        72
         2         3         4        30        72
         2         3         7        72        73
         2         3        31        72        73
         2         3        30        31        72
         2         2         6         7        73
         2         2         3         7        73
         2         2         3        31        73
         2         2         6        73        74
         2         2        32        73        74
         2         2        31        32        73
         2         1         5         6        74
         2         1         2         6        74
         2         1         2        32        74
         2         1         5        68        74
         2         1        26        68        74
         2         1        26        32        74
         2        26        27        34        75
         2        26        33        34        75
         2        33        34        75        79
         2        27        34        75        76
         2        34        75        76        80
         2        34        75        79        80
         2        27        28        35        76
         2        27        34        35        76
         2        34        35        76        80
         2        28        35        76        77
         2        35        76        77        81
         2        35        76        80        81
         2        28        29        36        77
         2        28        35        36        77
         2        35        36        77        81
         2        29        36        77        78
         2        36        77        78        82
         2        36        77        81        82
         2        29        30        37        78
         2        29        36        37        78
         2        36        37        78        82
         2        30        37        78        78
         2        37        78        78        83
         2        37        78        82        83
         2        30        31        38        78
         2        30        37        38        78
         2        37        38        78        83
         2        31        38        77        78
         2        38        77        78        84
         2        38        78        83        84
         2        31        32        39        77
         2        31        38        39        77
         2        38        39        77        84
         2        32        39        76        77
         2        39        76        77        85
         2        39        77        84        85
         2        26        32        33        76
         2        32        33        39        76
         2        33        39        76        85
         2        26        33        75        76
         2        33        75        76        79
         2        33        76        79        85
         2        33        34        41        79
         2        33        40        41        79
         2        40        41        79        86
         2        34        41        79        80
         2        41        79        80        87
         2        41        79        86        87
         2        34        35        42        80
         2        34        41        42        80
         2        41        42        80        87
         2        35        42        80        81
         2        42        80        81        88
         2        42        80        87        88
         2        35        36        43        81
         2        35        42        43        81
         2        42        43        81        88
         2        36        43        81        82
         2        43        81        82        89
         2        43        81        88        89
         2        36        37        44        82
         2        36        43        44        82
         2        43        44        82        89
         2        37        44        82        83
         2        44        82        83        90
         2        44        82        89        90
         2        37        38        45        83
         2        37        44        45        83
         2        44        45        83        90
         2        38        45        83        84
         2        45        83        84        91
         2        45        83        90        91
         2        38        39        46        84
         2        38        45        46        84
         2        45        46        84        91
         2        39        46        84        85
         2        46        84        85        92
         2        46        84        91        92
         2        33        39        40        85
         2        39        40        46        85
         2        40        46        85        92
         2        33        40        79        85
         2        40        79        85        86
         2        40        85        86        92
         2        40        41        48        86
         2        40        47        48        86
         2        47        48        86        93
         2        41        48        86        87
         2        48        86        87        94
         2        48        86        93        94
         2        41        42        49        87
         2        41        48        49        87
         2        48        49        87        94
         2        42        49        87        88
         2        49        87        88        95
         2        49        87        94        95
         2        42        43        50        88
         2        42        49        50        88
         2        49        50        88        95
         2        43        50        88        89
         2        50        88        89        96
         2        50        88        95        96
         2        43        44        51        89
         2        43        50        51        89
         2        50        51        89        96
         2        44        51        89        90
         2        51        89        90        97
         2        51        89        96        97
         2        44        45        52        90
         2        44        51        52        90
         2        51        52        90        97
         2        45        52        90        91
         2        52        90        91        98
         2        52        90        97        98
         2        45        46        53        91
         2        45        52        53        91
         2        52        53        91        98
         2        46        53        91        92
         2        53        91        92        99
         2        53        91        98        99
         2        40        46        47        92
         2        46        47        53        92
         2        47        53        92        99
         2        40        47        86        92
         2        47        86        92        93
         2        47        92        93        99
         2        47        48        55        93
         2        47        54        55        93
         2        54        55        93        93
         2        48        55        93        94
         2        55        93        94        99
         2        55        93        93        99
         2        48        49        56        94
         2        48        55        56        94
         2        55        56        94        99
         2        49        56        94        95
         2        56        94        95        98
         2        56        94        98        99
         2        49        50        57        95
         2        49        56        57        95
         2        56        57        95        98
         2        50        57        95        96
         2        57        95        96        97
         2        57        95        97        98
         2        50        51        58        96
         2        50        57        58        96
         2        57        58        96        97
         2        51        58        96        97
         4        58        96        96        97
         2        51        52        59        97
         2        51        58        59        97
         2        58        59        96        97
         2        52        59        97        98
         2        59        95        97        98
         2        59        95        96        97
         2        52        53        60        98
         2        52        59        60        98
         2        59        60        95        98
         2        53        60        98        99
         2        60        94        98        99
         2        60        94        95        98
         2        47        53        54        99
         2        53        54        60        99
         2        54        60        94        99
         2        47        54        93        99
         2        54        93        93        99
         2        54        93        94        99
         2        54        55        62        93
         2        54        61        62        93
         2        61        62        86        93
         2        55        62        93        99
         2        62        92        93        99
         2        62        86        92        93
         2        55        56        63        99
         2        55        62        63        99
         2        62        63        92        99
         2        56        63        98        99
         2        63        91        98        99
         2        63        91        92        99
         2        56        57        64        98
         2        56        63        64        98
         2        63        64        91        98
         2        57        64        97        98
         2        64        90        97        98
         2        64        90        91        98
         2        57        58        65        97
         2        57        64        65        97
         2        64        65        90        97
         2        58        65        96        97
         2        65        89        96        97
         2        65        89        90        97
         2        58        59        66        96
         2        58        65        66        96
         2        65        66        89        96
         2        59        66        95        96
         2        66        88        95        96
         2        66        88        89        96
         2        59        60        67        95
         2        59        66        67        95
         2        66        67        88        95
         2        60        67        94        95
         2        67        87        94        95
         2        67        87        88        95
         2        54        60        61        94
         2        60        61        67        94
         2        61        67        87        94
         2        54        61        93        94
         2        61        86        93        94
         2        61        86        87        94
         2        61        62        69        86
         2        61        68        69        86
         2        68        69        79        86
         2        62        69        86        92
         2        69        85        86        92
         2        69        79        85        86
         2        62        63        70        92
         2        62        69        70        92
         2        69        70        85        92
         2        63        70        91        92
         2        70        84        91        92
         2        70        84        85        92
         2        63        64        71        91
         2        63        70        71        91
         2        70        71        84        91
         2        64        71        90        91
         2        71        83        90        91
         2        71        83        84        91
         2        64        65        72        90
         2        64        71        72        90
         2        71        72        83        90
         2        65        72        89        90
         2        72        82        89        90
         2        72        82        83        90
         2        65        66        73        89
         2        65        72        73        89
         2        72        73        82        89
         2        66        73        88        89
         2        73        81        88        89
         2        73        81        82        89
         2        66        67        74        88
         2        66        73        74        88
         2        73        74        81        88
         2        67        74        87        88
         2        74        80        87        88
         2        74        80        81        88
         2        61        67        68        87
         2        67        68        74        87
         2        68        74        80        87
         2        61        68        86        87
         2        68        79        86        87
         2        68        79        80        87
         2        27        68        69        79
         2        26        27        68        79
         2        26        27        75        79
         2        27        69        79        85
         2        27        76        79        85
         2        27        75        76        79
         2        28        69        70        85
         2        27        28        69        85
         2        27        28        76        85
         2        28        70        84        85
         2        28        77        84        85
         2        28        76        77        85
         2        29        70        71        84
         2        28        29        70        84
         2        28        29        77        84
         2        29        71        83        84
         2        29        78        83        84
         2        29        77        78        84
         2        30        71        72        83
         2        29        30        71        83
         2        29        30        78        83
         2        30        72        82        83
         2        30        78        82        83
         2        30        78        78        83
         2        31        72        73        82
         2        30        31        72        82
         2        30        31        78        82
         2        31        73        81        82
         2        31        77        81        82
         2        31        77        78        82
         2        32        73        74        81
         2        31        32        73        81
         2        31        32        77        81
         2        32        74        80        81
         2        32        76        80        81
         2        32        76        77        81
         2        26        68        74        80
         2        26        32        74        80
         2        26        32        76        80
         2        26        68        79        80
         2        26        75        79        80
         2        26        75        76        80
