Automatically generated mesh
      46
Reciprocal lattice
    0.00000000000000    0.00000000000000    0.00000000000000             1
    0.11111111111111    0.00000000000000    0.00000000000000             2
    0.22222222222222    0.00000000000000    0.00000000000000             2
    0.33333333333333    0.00000000000000    0.00000000000000             2
    0.44444444444444    0.00000000000000    0.00000000000000             2
    0.00000000000000    0.20000000000000    0.00000000000000             2
    0.11111111111111    0.20000000000000    0.00000000000000             2
    0.22222222222222    0.20000000000000    0.00000000000000             2
    0.33333333333333    0.20000000000000    0.00000000000000             2
    0.44444444444444    0.20000000000000    0.00000000000000             2
   -0.44444444444444    0.20000000000000    0.00000000000000             2
   -0.33333333333333    0.20000000000000    0.00000000000000             2
   -0.22222222222222    0.20000000000000    0.00000000000000             2
   -0.11111111111111    0.20000000000000    0.00000000000000             2
    0.00000000000000    0.40000000000000    0.00000000000000             2
    0.11111111111111    0.40000000000000    0.00000000000000             2
    0.22222222222222    0.40000000000000    0.00000000000000             2
    0.33333333333333    0.40000000000000    0.00000000000000             2
    0.44444444444444    0.40000000000000    0.00000000000000             2
   -0.44444444444444    0.40000000000000    0.00000000000000             2
   -0.33333333333333    0.40000000000000    0.00000000000000             2
   -0.22222222222222    0.40000000000000    0.00000000000000             2
   -0.11111111111111    0.40000000000000    0.00000000000000             2
    0.00000000000000    0.00000000000000    0.50000000000000             1
    0.11111111111111    0.00000000000000    0.50000000000000             2
    0.22222222222222    0.00000000000000    0.50000000000000             2
    0.33333333333333    0.00000000000000    0.50000000000000             2
    0.44444444444444    0.00000000000000    0.50000000000000             2
    0.00000000000000    0.20000000000000    0.50000000000000             2
    0.11111111111111    0.20000000000000    0.50000000000000             2
    0.22222222222222    0.20000000000000    0.50000000000000             2
    0.33333333333333    0.20000000000000    0.50000000000000             2
    0.44444444444444    0.20000000000000    0.50000000000000             2
   -0.44444444444444    0.20000000000000    0.50000000000000             2
   -0.33333333333333    0.20000000000000    0.50000000000000             2
   -0.22222222222222    0.20000000000000    0.50000000000000             2
   -0.11111111111111    0.20000000000000    0.50000000000000             2
    0.00000000000000    0.40000000000000    0.50000000000000             2
    0.11111111111111    0.40000000000000    0.50000000000000             2
    0.22222222222222    0.40000000000000    0.50000000000000             2
    0.33333333333333    0.40000000000000    0.50000000000000             2
    0.44444444444444    0.40000000000000    0.50000000000000             2
   -0.44444444444444    0.40000000000000    0.50000000000000             2
   -0.33333333333333    0.40000000000000    0.50000000000000             2
   -0.22222222222222    0.40000000000000    0.50000000000000             2
   -0.11111111111111    0.40000000000000    0.50000000000000             2
Tetrahedra
       267    0.00185185185185
         2         1         6         7        30
         2         1         2         7        30
         2         1         2        25        30
         2         1         6        29        30
         2         1        24        29        30
         2         1        24        25        30
         2         2         7         8        31
         2         2         3         8        31
         2         2         3        26        31
         2         2         7        30        31
         2         2        25        30        31
         2         2        25        26        31
         2         3         8         9        32
         2         3         4         9        32
         2         3         4        27        32
         2         3         8        31        32
         2         3        26        31        32
         2         3        26        27        32
         2         4         9        10        33
         2         4         5        10        33
         2         4         5        28        33
         2         4         9        32        33
         2         4        27        32        33
         2         4        27        28        33
         2         5        10        11        34
         2         5         5        11        34
         2         5         5        28        34
         2         5        10        33        34
         2         5        28        33        34
         2         5        28        28        34
         2         5        11        12        35
         2         4         5        12        35
         2         4         5        27        35
         2         5        11        34        35
         2         5        28        34        35
         2         5        27        28        35
         2         4        12        13        36
         2         3         4        13        36
         2         3         4        26        36
         2         4        12        35        36
         2         4        27        35        36
         2         4        26        27        36
         2         3        13        14        37
         2         2         3        14        37
         2         2         3        25        37
         2         3        13        36        37
         2         3        26        36        37
         2         3        25        26        37
         2         2         6        14        29
         2         1         2         6        29
         2         1         2        24        29
         2         2        14        29        37
         2         2        25        29        37
         2         2        24        25        29
         2         6        15        16        39
         2         6         7        16        39
         2         6         7        30        39
         2         6        15        38        39
         2         6        29        38        39
         2         6        29        30        39
         2         7        16        17        40
         2         7         8        17        40
         2         7         8        31        40
         2         7        16        39        40
         2         7        30        39        40
         2         7        30        31        40
         2         8        17        18        41
         2         8         9        18        41
         2         8         9        32        41
         2         8        17        40        41
         2         8        31        40        41
         2         8        31        32        41
         2         9        18        19        42
         2         9        10        19        42
         2         9        10        33        42
         2         9        18        41        42
         2         9        32        41        42
         2         9        32        33        42
         2        10        19        20        43
         2        10        11        20        43
         2        10        11        34        43
         2        10        19        42        43
         2        10        33        42        43
         2        10        33        34        43
         2        11        20        21        44
         2        11        12        21        44
         2        11        12        35        44
         2        11        20        43        44
         2        11        34        43        44
         2        11        34        35        44
         2        12        21        22        45
         2        12        13        22        45
         2        12        13        36        45
         2        12        21        44        45
         2        12        35        44        45
         2        12        35        36        45
         2        13        22        23        46
         2        13        14        23        46
         2        13        14        37        46
         2        13        22        45        46
         2        13        36        45        46
         2        13        36        37        46
         2        14        15        23        38
         2         6        14        15        38
         2         6        14        29        38
         2        14        23        38        46
         2        14        37        38        46
         2        14        29        37        38
         2        15        15        23        46
         2        15        16        23        46
         2        15        16        39        46
         2        15        15        38        46
         2        15        38        38        46
         2        15        38        39        46
         2        16        22        23        45
         2        16        17        22        45
         2        16        17        40        45
         2        16        23        45        46
         2        16        39        45        46
         2        16        39        40        45
         2        17        21        22        44
         2        17        18        21        44
         2        17        18        41        44
         2        17        22        44        45
         2        17        40        44        45
         2        17        40        41        44
         2        18        20        21        43
         2        18        19        20        43
         2        18        19        42        43
         2        18        21        43        44
         2        18        41        43        44
         2        18        41        42        43
         4        19        19        20        42
         4        19        20        42        43
         4        19        42        42        43
         2        18        19        20        41
         2        18        20        21        41
         2        20        21        41        44
         2        19        20        41        42
         2        20        41        42        43
         2        20        41        43        44
         2        17        18        21        40
         2        17        21        22        40
         2        21        22        40        45
         2        18        21        40        41
         2        21        40        41        44
         2        21        40        44        45
         2        16        17        22        39
         2        16        22        23        39
         2        22        23        39        46
         2        17        22        39        40
         2        22        39        40        45
         2        22        39        45        46
         2        15        16        23        38
         2        15        15        23        38
         2        15        23        38        38
         2        16        23        38        39
         2        23        38        39        46
         2        23        38        38        46
         2         6        14        15        37
         2        14        15        23        37
         2        15        23        37        46
         2         6        15        29        37
         2        15        29        37        38
         2        15        37        38        46
         2        13        14        23        36
         2        13        22        23        36
         2        22        23        36        45
         2        14        23        36        37
         2        23        36        37        46
         2        23        36        45        46
         2        12        13        22        35
         2        12        21        22        35
         2        21        22        35        44
         2        13        22        35        36
         2        22        35        36        45
         2        22        35        44        45
         2        11        12        21        34
         2        11        20        21        34
         2        20        21        34        43
         2        12        21        34        35
         2        21        34        35        44
         2        21        34        43        44
         2        10        11        20        33
         2        10        19        20        33
         2        19        20        33        42
         2        11        20        33        34
         2        20        33        34        43
         2        20        33        42        43
         2         9        10        19        32
         2         9        18        19        32
         2        18        19        32        41
         2        10        19        32        33
         2        19        32        33        42
         2        19        32        41        42
         2         8         9        18        31
         2         8        17        18        31
         2        17        18        31        40
         2         9        18        31        32
         2        18        31        32        41
         2        18        31        40        41
         2         7         8        17        30
         2         7        16        17        30
         2        16        17        30        39
         2         8        17        30        31
         2        17        30        31        40
         2        17        30        39        40
         2         6         7        16        29
         2         6        15        16        29
         2        15        16        29        38
         2         7        16        29        30
         2        16        29        30        39
         2        16        29        38        39
         2         1         2         6        25
         2         2         6        14        25
         2         6        14        25        37
         2         1         6        24        25
         2         6        24        25        29
         2         6        25        29        37
         2         2         3        14        26
         2         3        13        14        26
         2        13        14        26        36
         2         2        14        25        26
         2        14        25        26        37
         2        14        26        36        37
         2         3         4        13        27
         2         4        12        13        27
         2        12        13        27        35
         2         3        13        26        27
         2        13        26        27        36
         2        13        27        35        36
         2         4         5        12        28
         2         5        11        12        28
         2        11        12        28        34
         2         4        12        27        28
         2        12        27        28        35
         2        12        28        34        35
         2         5         5        11        28
         2         5        10        11        28
         2        10        11        28        33
         2         5        11        28        28
         2        11        28        28        34
         2        11        28        33        34
         2         4         5        10        27
         2         4         9        10        27
         2         9        10        27        32
         2         5        10        27        28
         2        10        27        28        33
         2        10        27        32        33
         2         3         4         9        26
         2         3         8         9        26
         2         8         9        26        31
         2         4         9        26        27
         2         9        26        27        32
         2         9        26        31        32
         2         2         3         8        25
         2         2         7         8        25
         2         7         8        25        30
         2         3         8        25        26
         2         8        25        26        31
         2         8        25        30        31
         2         1         2         7        24
         2         1         6         7        24
         2         6         7        24        29
         2         2         7        24        25
         2         7        24        25        30
         2         7        24        29        30
