Automatically generated mesh
      74
Reciprocal lattice
    0.00000000000000    0.00000000000000    0.00000000000000             1
    0.14285714285714    0.00000000000000    0.00000000000000             2
    0.28571428571429    0.00000000000000    0.00000000000000             2
    0.42857142857143    0.00000000000000    0.00000000000000             2
    0.00000000000000    0.14285714285714    0.00000000000000             2
    0.14285714285714    0.14285714285714    0.00000000000000             2
    0.28571428571429    0.14285714285714    0.00000000000000             2
    0.42857142857143    0.14285714285714    0.00000000000000             2
   -0.42857142857143    0.14285714285714    0.00000000000000             2
   -0.28571428571429    0.14285714285714    0.00000000000000             2
   -0.14285714285714    0.14285714285714    0.00000000000000             2
    0.00000000000000    0.28571428571429    0.00000000000000             2
    0.14285714285714    0.28571428571429    0.00000000000000             2
    0.28571428571429    0.28571428571429    0.00000000000000             2
    0.42857142857143    0.28571428571429    0.00000000000000             2
   -0.42857142857143    0.28571428571429    0.00000000000000             2
   -0.28571428571429    0.28571428571429    0.00000000000000             2
   -0.14285714285714    0.28571428571429    0.00000000000000             2
    0.00000000000000    0.42857142857143    0.00000000000000             2
    0.14285714285714    0.42857142857143    0.00000000000000             2
    0.28571428571429    0.42857142857143    0.00000000000000             2
    0.42857142857143    0.42857142857143    0.00000000000000             2
   -0.42857142857143    0.42857142857143    0.00000000000000             2
   -0.28571428571429    0.42857142857143    0.00000000000000             2
   -0.14285714285714    0.42857142857143    0.00000000000000             2
    0.00000000000000    0.00000000000000    0.33333333333333             2
    0.14285714285714    0.00000000000000    0.33333333333333             2
    0.28571428571429    0.00000000000000    0.33333333333333             2
    0.42857142857143    0.00000000000000    0.33333333333333             2
   -0.42857142857143    0.00000000000000    0.33333333333333             2
   -0.28571428571429    0.00000000000000    0.33333333333333             2
   -0.14285714285714    0.00000000000000    0.33333333333333             2
    0.00000000000000    0.14285714285714    0.33333333333333             2
    0.14285714285714    0.14285714285714    0.33333333333333             2
    0.28571428571429    0.14285714285714    0.33333333333333             2
    0.42857142857143    0.14285714285714    0.33333333333333             2
   -0.42857142857143    0.14285714285714    0.33333333333333             2
   -0.28571428571429    0.14285714285714    0.33333333333333             2
   -0.14285714285714    0.14285714285714    0.33333333333333             2
    0.00000000000000    0.28571428571429    0.33333333333333             2
    0.14285714285714    0.28571428571429    0.33333333333333             2
    0.28571428571429    0.28571428571429    0.33333333333333             2
    0.42857142857143    0.28571428571429    0.33333333333333             2
   -0.42857142857143    0.28571428571429    0.33333333333333             2
   -0.28571428571429    0.28571428571429    0.33333333333333             2
   -0.14285714285714    0.28571428571429    0.33333333333333             2
    0.00000000000000    0.42857142857143    0.33333333333333             2
    0.14285714285714    0.42857142857143    0.33333333333333             2
    0.28571428571429    0.42857142857143    0.33333333333333             2
    0.42857142857143    0.42857142857143    0.33333333333333             2
   -0.42857142857143    0.42857142857143    0.33333333333333             2
   -0.28571428571429    0.42857142857143    0.33333333333333             2
   -0.14285714285714    0.42857142857143    0.33333333333333             2
    0.00000000000000   -0.42857142857143    0.33333333333333             2
    0.14285714285714   -0.42857142857143    0.33333333333333             2
    0.28571428571429   -0.42857142857143    0.33333333333333             2
    0.42857142857143   -0.42857142857143    0.33333333333333             2
   -0.42857142857143   -0.42857142857143    0.33333333333333             2
   -0.28571428571429   -0.42857142857143    0.33333333333333             2
   -0.14285714285714   -0.42857142857143    0.33333333333333             2
    0.00000000000000   -0.28571428571429    0.33333333333333             2
    0.14285714285714   -0.28571428571429    0.33333333333333             2
    0.28571428571429   -0.28571428571429    0.33333333333333             2
    0.42857142857143   -0.28571428571429    0.33333333333333             2
   -0.42857142857143   -0.28571428571429    0.33333333333333             2
   -0.28571428571429   -0.28571428571429    0.33333333333333             2
   -0.14285714285714   -0.28571428571429    0.33333333333333             2
    0.00000000000000   -0.14285714285714    0.33333333333333             2
    0.14285714285714   -0.14285714285714    0.33333333333333             2
    0.28571428571429   -0.14285714285714    0.33333333333333             2
    0.42857142857143   -0.14285714285714    0.33333333333333             2
   -0.42857142857143   -0.14285714285714    0.33333333333333             2
   -0.28571428571429   -0.14285714285714    0.33333333333333             2
   -0.14285714285714   -0.14285714285714    0.33333333333333             2
Tetrahedra
       438    0.00113378684807
         2         1         5         6        34
         2         1         2         6        34
         2         1         2        27        34
         2         1         5        33        34
         2         1        26        33        34
         2         1        26        27        34
         2         2         6         7        35
         2         2         3         7        35
         2         2         3        28        35
         2         2         6        34        35
         2         2        27        34        35
         2         2        27        28        35
         2         3         7         8        36
         2         3         4         8        36
         2         3         4        29        36
         2         3         7        35        36
         2         3        28        35        36
         2         3        28        29        36
         2         4         8         9        37
         2         4         4         9        37
         2         4         4        30        37
         2         4         8        36        37
         2         4        29        36        37
         2         4        29        30        37
         2         4         9        10        38
         2         3         4        10        38
         2         3         4        31        38
         2         4         9        37        38
         2         4        30        37        38
         2         4        30        31        38
         2         3        10        11        39
         2         2         3        11        39
         2         2         3        32        39
         2         3        10        38        39
         2         3        31        38        39
         2         3        31        32        39
         2         2         5        11        33
         2         1         2         5        33
         2         1         2        26        33
         2         2        11        33        39
         2         2        32        33        39
         2         2        26        32        33
         2         5        12        13        41
         2         5         6        13        41
         2         5         6        34        41
         2         5        12        40        41
         2         5        33        40        41
         2         5        33        34        41
         2         6        13        14        42
         2         6         7        14        42
         2         6         7        35        42
         2         6        13        41        42
         2         6        34        41        42
         2         6        34        35        42
         2         7        14        15        43
         2         7         8        15        43
         2         7         8        36        43
         2         7        14        42        43
         2         7        35        42        43
         2         7        35        36        43
         2         8        15        16        44
         2         8         9        16        44
         2         8         9        37        44
         2         8        15        43        44
         2         8        36        43        44
         2         8        36        37        44
         2         9        16        17        45
         2         9        10        17        45
         2         9        10        38        45
         2         9        16        44        45
         2         9        37        44        45
         2         9        37        38        45
         2        10        17        18        46
         2        10        11        18        46
         2        10        11        39        46
         2        10        17        45        46
         2        10        38        45        46
         2        10        38        39        46
         2        11        12        18        40
         2         5        11        12        40
         2         5        11        33        40
         2        11        18        40        46
         2        11        39        40        46
         2        11        33        39        40
         2        12        19        20        48
         2        12        13        20        48
         2        12        13        41        48
         2        12        19        47        48
         2        12        40        47        48
         2        12        40        41        48
         2        13        20        21        49
         2        13        14        21        49
         2        13        14        42        49
         2        13        20        48        49
         2        13        41        48        49
         2        13        41        42        49
         2        14        21        22        50
         2        14        15        22        50
         2        14        15        43        50
         2        14        21        49        50
         2        14        42        49        50
         2        14        42        43        50
         2        15        22        23        51
         2        15        16        23        51
         2        15        16        44        51
         2        15        22        50        51
         2        15        43        50        51
         2        15        43        44        51
         2        16        23        24        52
         2        16        17        24        52
         2        16        17        45        52
         2        16        23        51        52
         2        16        44        51        52
         2        16        44        45        52
         2        17        24        25        53
         2        17        18        25        53
         2        17        18        46        53
         2        17        24        52        53
         2        17        45        52        53
         2        17        45        46        53
         2        18        19        25        47
         2        12        18        19        47
         2        12        18        40        47
         2        18        25        47        53
         2        18        46        47        53
         2        18        40        46        47
         2        19        19        25        55
         2        19        20        25        55
         2        19        20        48        55
         2        19        19        54        55
         2        19        47        54        55
         2        19        47        48        55
         2        20        24        25        56
         2        20        21        24        56
         2        20        21        49        56
         2        20        25        55        56
         2        20        48        55        56
         2        20        48        49        56
         2        21        23        24        57
         2        21        22        23        57
         2        21        22        50        57
         2        21        24        56        57
         2        21        49        56        57
         2        21        49        50        57
         4        22        22        23        58
         2        22        23        51        58
         2        22        23        57        58
         2        22        50        57        58
         2        22        50        51        58
         2        21        22        23        59
         2        21        23        24        59
         2        23        24        52        59
         2        22        23        58        59
         2        23        51        58        59
         2        23        51        52        59
         2        20        21        24        60
         2        20        24        25        60
         2        24        25        53        60
         2        21        24        59        60
         2        24        52        59        60
         2        24        52        53        60
         2        19        20        25        54
         2        19        19        25        54
         2        19        25        47        54
         2        20        25        54        60
         2        25        53        54        60
         2        25        47        53        54
         2        12        18        19        62
         2        18        19        25        62
         2        19        25        55        62
         2        12        19        61        62
         2        19        54        61        62
         2        19        54        55        62
         2        17        18        25        63
         2        17        24        25        63
         2        24        25        56        63
         2        18        25        62        63
         2        25        55        62        63
         2        25        55        56        63
         2        16        17        24        64
         2        16        23        24        64
         2        23        24        57        64
         2        17        24        63        64
         2        24        56        63        64
         2        24        56        57        64
         2        15        16        23        65
         2        15        22        23        65
         2        22        23        58        65
         2        16        23        64        65
         2        23        57        64        65
         2        23        57        58        65
         2        14        15        22        66
         2        14        21        22        66
         2        21        22        59        66
         2        15        22        65        66
         2        22        58        65        66
         2        22        58        59        66
         2        13        14        21        67
         2        13        20        21        67
         2        20        21        60        67
         2        14        21        66        67
         2        21        59        66        67
         2        21        59        60        67
         2        12        13        20        61
         2        12        19        20        61
         2        19        20        54        61
         2        13        20        61        67
         2        20        60        61        67
         2        20        54        60        61
         2         5        11        12        69
         2        11        12        18        69
         2        12        18        62        69
         2         5        12        68        69
         2        12        61        68        69
         2        12        61        62        69
         2        10        11        18        70
         2        10        17        18        70
         2        17        18        63        70
         2        11        18        69        70
         2        18        62        69        70
         2        18        62        63        70
         2         9        10        17        71
         2         9        16        17        71
         2        16        17        64        71
         2        10        17        70        71
         2        17        63        70        71
         2        17        63        64        71
         2         8         9        16        72
         2         8        15        16        72
         2        15        16        65        72
         2         9        16        71        72
         2        16        64        71        72
         2        16        64        65        72
         2         7         8        15        73
         2         7        14        15        73
         2        14        15        66        73
         2         8        15        72        73
         2        15        65        72        73
         2        15        65        66        73
         2         6         7        14        74
         2         6        13        14        74
         2        13        14        67        74
         2         7        14        73        74
         2        14        66        73        74
         2        14        66        67        74
         2         5         6        13        68
         2         5        12        13        68
         2        12        13        61        68
         2         6        13        68        74
         2        13        67        68        74
         2        13        61        67        68
         2         1         2         5        27
         2         2         5        11        27
         2         5        11        27        69
         2         1         5        26        27
         2         5        26        27        68
         2         5        27        68        69
         2         2         3        11        28
         2         3        10        11        28
         2        10        11        28        70
         2         2        11        27        28
         2        11        27        28        69
         2        11        28        69        70
         2         3         4        10        29
         2         4         9        10        29
         2         9        10        29        71
         2         3        10        28        29
         2        10        28        29        70
         2        10        29        70        71
         2         4         4         9        30
         2         4         8         9        30
         2         8         9        30        72
         2         4         9        29        30
         2         9        29        30        71
         2         9        30        71        72
         2         3         4         8        31
         2         3         7         8        31
         2         7         8        31        73
         2         4         8        30        31
         2         8        30        31        72
         2         8        31        72        73
         2         2         3         7        32
         2         2         6         7        32
         2         6         7        32        74
         2         3         7        31        32
         2         7        31        32        73
         2         7        32        73        74
         2         1         2         6        26
         2         1         5         6        26
         2         5         6        26        68
         2         2         6        26        32
         2         6        26        32        74
         2         6        26        68        74
         2        26        33        34        74
         2        26        27        34        74
         2        26        27        32        74
         2        26        33        68        74
         2        26        26        68        74
         2        26        26        32        74
         2        27        34        35        73
         2        27        28        35        73
         2        27        28        31        73
         2        27        34        73        74
         2        27        32        73        74
         2        27        31        32        73
         2        28        35        36        72
         2        28        29        36        72
         2        28        29        30        72
         2        28        35        72        73
         2        28        31        72        73
         2        28        30        31        72
         2        29        36        37        71
         2        29        30        37        71
         4        29        29        30        71
         2        29        36        71        72
         2        29        30        71        72
         2        30        37        38        70
         2        30        31        38        70
         2        28        30        31        70
         2        30        37        70        71
         2        29        30        70        71
         2        28        29        30        70
         2        31        38        39        69
         2        31        32        39        69
         2        27        31        32        69
         2        31        38        69        70
         2        28        31        69        70
         2        27        28        31        69
         2        32        33        39        68
         2        26        32        33        68
         2        26        26        32        68
         2        32        39        68        69
         2        27        32        68        69
         2        26        27        32        68
         2        33        40        41        67
         2        33        34        41        67
         2        33        34        67        74
         2        33        40        61        67
         2        33        61        67        68
         2        33        67        68        74
         2        34        41        42        66
         2        34        35        42        66
         2        34        35        66        73
         2        34        41        66        67
         2        34        66        67        74
         2        34        66        73        74
         2        35        42        43        65
         2        35        36        43        65
         2        35        36        65        72
         2        35        42        65        66
         2        35        65        66        73
         2        35        65        72        73
         2        36        43        44        64
         2        36        37        44        64
         2        36        37        64        71
         2        36        43        64        65
         2        36        64        65        72
         2        36        64        71        72
         2        37        44        45        63
         2        37        38        45        63
         2        37        38        63        70
         2        37        44        63        64
         2        37        63        64        71
         2        37        63        70        71
         2        38        45        46        62
         2        38        39        46        62
         2        38        39        62        69
         2        38        45        62        63
         2        38        62        63        70
         2        38        62        69        70
         2        39        40        46        61
         2        33        39        40        61
         2        33        39        61        68
         2        39        46        61        62
         2        39        61        62        69
         2        39        61        68        69
         2        40        47        48        60
         2        40        41        48        60
         2        40        41        60        67
         2        40        47        54        60
         2        40        54        60        61
         2        40        60        61        67
         2        41        48        49        59
         2        41        42        49        59
         2        41        42        59        66
         2        41        48        59        60
         2        41        59        60        67
         2        41        59        66        67
         2        42        49        50        58
         2        42        43        50        58
         2        42        43        58        65
         2        42        49        58        59
         2        42        58        59        66
         2        42        58        65        66
         2        43        50        51        57
         2        43        44        51        57
         2        43        44        57        64
         2        43        50        57        58
         2        43        57        58        65
         2        43        57        64        65
         2        44        51        52        56
         2        44        45        52        56
         2        44        45        56        63
         2        44        51        56        57
         2        44        56        57        64
         2        44        56        63        64
         2        45        52        53        55
         2        45        46        53        55
         2        45        46        55        62
         2        45        52        55        56
         2        45        55        56        63
         2        45        55        62        63
         2        46        47        53        54
         2        40        46        47        54
         2        40        46        54        61
         2        46        53        54        55
         2        46        54        55        62
         2        46        54        61        62
         2        47        53        54        55
         2        47        48        53        55
         2        47        48        53        60
         4        47        47        53        54
         2        47        53        54        60
         2        48        52        55        56
         2        48        49        52        56
         2        48        49        52        59
         2        48        52        53        55
         2        48        52        53        60
         2        48        52        59        60
         2        49        51        56        57
         2        49        50        51        57
         2        49        50        51        58
         2        49        51        52        56
         2        49        51        52        59
         2        49        51        58        59
         2        50        50        57        58
         2        50        50        51        58
         2        50        50        51        57
