Automatically generated mesh
      31
Reciprocal lattice
    0.00000000000000    0.00000000000000    0.00000000000000             1
    0.25000000000000    0.00000000000000    0.00000000000000             2
    0.50000000000000    0.00000000000000    0.00000000000000             1
    0.00000000000000    0.33333333333333    0.00000000000000             2
    0.25000000000000    0.33333333333333    0.00000000000000             2
    0.50000000000000    0.33333333333333    0.00000000000000             2
   -0.25000000000000    0.33333333333333    0.00000000000000             2
    0.00000000000000    0.00000000000000    0.20000000000000             2
    0.25000000000000    0.00000000000000    0.20000000000000             2
    0.50000000000000    0.00000000000000    0.20000000000000             2
   -0.25000000000000    0.00000000000000    0.20000000000000             2
    0.00000000000000    0.33333333333333    0.20000000000000             2
    0.25000000000000    0.33333333333333    0.20000000000000             2
    0.50000000000000    0.33333333333333    0.20000000000000             2
   -0.25000000000000    0.33333333333333    0.20000000000000             2
    0.00000000000000   -0.33333333333333    0.20000000000000             2
    0.25000000000000   -0.33333333333333    0.20000000000000             2
    0.50000000000000   -0.33333333333333    0.20000000000000             2
   -0.25000000000000   -0.33333333333333    0.20000000000000             2
    0.00000000000000    0.00000000000000    0.40000000000000             2
    0.25000000000000    0.00000000000000    0.40000000000000             2
    0.50000000000000    0.00000000000000    0.40000000000000             2
   -0.25000000000000    0.00000000000000    0.40000000000000             2
    0.00000000000000    0.33333333333333    0.40000000000000             2
    0.25000000000000    0.33333333333333    0.40000000000000             2
    0.50000000000000    0.33333333333333    0.40000000000000             2
   -0.25000000000000    0.33333333333333    0.40000000000000             2
    0.00000000000000   -0.33333333333333    0.40000000000000             2
    0.25000000000000   -0.33333333333333    0.40000000000000             2
    0.50000000000000   -0.33333333333333    0.40000000000000             2
   -0.25000000000000   -0.33333333333333    0.40000000000000             2
Tetrahedra
       178    0.00277777777778
         2         2         4         5        12
         2         1         2         4        12
         2         1         2         8        12
         2         2         5        12        13
         2         2         9        12        13
         2         2         8         9        12
         2         3         5         6        13
         2         2         3         5        13
         2         2         3         9        13
         2         3         6        13        14
         2         3        10        13        14
         2         3         9        10        13
         2         2         6         7        14
         2         2         3         6        14
         2         2         3        10        14
         2         2         7        14        15
         2         2        11        14        15
         2         2        10        11        14
         2         1         4         7        15
         2         1         2         7        15
         2         1         2        11        15
         2         1         4        12        15
         2         1         8        12        15
         2         1         8        11        15
         2         4         5         7        16
         2         4         4         5        16
         2         4         5        12        16
         2         5         7        16        17
         2         5        13        16        17
         2         5        12        13        16
         2         6         6         7        17
         2         5         6         7        17
         2         5         6        13        17
         2         6         6        17        18
         2         6        14        17        18
         2         6        13        14        17
         2         5         6         7        18
         2         6         6         7        18
         2         6         7        14        18
         2         5         7        18        19
         2         7        15        18        19
         2         7        14        15        18
         2         4         4         5        19
         2         4         5         7        19
         2         4         7        15        19
         2         4         4        16        19
         2         4        12        16        19
         2         4        12        15        19
         2         1         2         7         8
         2         1         4         7         8
         2         4         7         8        16
         2         2         7         8         9
         2         7         8         9        17
         2         7         8        16        17
         2         2         3         6         9
         2         2         6         7         9
         2         6         7         9        17
         2         3         6         9        10
         2         6         9        10        18
         2         6         9        17        18
         2         2         3         5        10
         2         3         5         6        10
         2         5         6        10        18
         2         2         5        10        11
         2         5        10        11        19
         2         5        10        18        19
         2         1         2         4        11
         2         2         4         5        11
         2         4         5        11        19
         2         1         4         8        11
         2         4         8        11        16
         2         4        11        16        19
         2         9        12        13        24
         2         8         9        12        24
         2         8         9        20        24
         2         9        13        24        25
         2         9        21        24        25
         2         9        20        21        24
         2        10        13        14        25
         2         9        10        13        25
         2         9        10        21        25
         2        10        14        25        26
         2        10        22        25        26
         2        10        21        22        25
         2        11        14        15        26
         2        10        11        14        26
         2        10        11        22        26
         2        11        15        26        27
         2        11        23        26        27
         2        11        22        23        26
         2         8        12        15        27
         2         8        11        15        27
         2         8        11        23        27
         2         8        12        24        27
         2         8        20        24        27
         2         8        20        23        27
         2        13        16        17        28
         2        12        13        16        28
         2        12        13        24        28
         2        13        17        28        29
         2        13        25        28        29
         2        13        24        25        28
         2        14        17        18        29
         2        13        14        17        29
         2        13        14        25        29
         2        14        18        29        30
         2        14        26        29        30
         2        14        25        26        29
         2        15        18        19        30
         2        14        15        18        30
         2        14        15        26        30
         2        15        19        30        31
         2        15        27        30        31
         2        15        26        27        30
         2        12        16        19        31
         2        12        15        19        31
         2        12        15        27        31
         2        12        16        28        31
         2        12        24        28        31
         2        12        24        27        31
         2         8         9        17        20
         2         8        16        17        20
         2        16        17        20        28
         2         9        17        20        21
         2        17        20        21        29
         2        17        20        28        29
         2         9        10        18        21
         2         9        17        18        21
         2        17        18        21        29
         2        10        18        21        22
         2        18        21        22        30
         2        18        21        29        30
         2        10        11        19        22
         2        10        18        19        22
         2        18        19        22        30
         2        11        19        22        23
         2        19        22        23        31
         2        19        22        30        31
         2         8        11        16        23
         2        11        16        19        23
         2        16        19        23        31
         2         8        16        20        23
         2        16        20        23        28
         2        16        23        28        31
         2        21        24        25        28
         2        20        21        24        28
         2        20        20        21        28
         2        21        25        28        31
         2        21        23        28        31
         2        20        21        23        28
         2        22        25        26        31
         2        21        22        25        31
         2        21        22        23        31
         2        22        26        30        31
         2        22        22        30        31
         2        22        22        23        31
         2        23        26        27        30
         2        22        23        26        30
         2        22        22        23        30
         2        23        27        29        30
         2        21        23        29        30
         2        21        22        23        30
         2        20        24        27        29
         2        20        23        27        29
         2        20        21        23        29
         2        20        24        28        29
         2        20        20        28        29
         2        20        20        21        29
         2        24        25        28        29
         4        24        24        25        28
         2        24        25        27        29
         2        24        25        27        31
         2        24        25        28        31
         2        26        27        29        30
         2        25        26        27        29
         2        25        26        27        31
         4        26        26        27        30
         2        26        27        30        31
