Automatically generated mesh
      31
Reciprocal lattice
    0.00000000000000    0.00000000000000    0.00000000000000             1
    0.20000000000000    0.00000000000000    0.00000000000000             2
    0.40000000000000    0.00000000000000    0.00000000000000             2
    0.00000000000000    0.25000000000000    0.00000000000000             2
    0.20000000000000    0.25000000000000    0.00000000000000             2
    0.40000000000000    0.25000000000000    0.00000000000000             2
   -0.40000000000000    0.25000000000000    0.00000000000000             2
   -0.20000000000000    0.25000000000000    0.00000000000000             2
    0.00000000000000    0.50000000000000    0.00000000000000             1
    0.20000000000000    0.50000000000000    0.00000000000000             2
    0.40000000000000    0.50000000000000    0.00000000000000             2
    0.00000000000000    0.00000000000000    0.33333333333333             2
    0.20000000000000    0.00000000000000    0.33333333333333             2
    0.40000000000000    0.00000000000000    0.33333333333333             2
   -0.40000000000000    0.00000000000000    0.33333333333333             2
   -0.20000000000000    0.00000000000000    0.33333333333333             2
    0.00000000000000    0.25000000000000    0.33333333333333             2
    0.20000000000000    0.25000000000000    0.33333333333333             2
    0.40000000000000    0.25000000000000    0.33333333333333             2
   -0.40000000000000    0.25000000000000    0.33333333333333             2
   -0.20000000000000    0.25000000000000    0.33333333333333             2
    0.00000000000000    0.50000000000000    0.33333333333333             2
    0.20000000000000    0.50000000000000    0.33333333333333             2
    0.40000000000000    0.50000000000000    0.33333333333333             2
   -0.40000000000000    0.50000000000000    0.33333333333333             2
   -0.20000000000000    0.50000000000000    0.33333333333333             2
    0.00000000000000   -0.25000000000000    0.33333333333333             2
    0.20000000000000   -0.25000000000000    0.33333333333333             2
    0.40000000000000   -0.25000000000000    0.33333333333333             2
   -0.40000000000000   -0.25000000000000    0.33333333333333             2
   -0.20000000000000   -0.25000000000000    0.33333333333333             2
Tetrahedra
       178    0.00277777777778
         2         1         2         5        12
         2         1         4         5        12
         2         4         5        12        17
         2         2         5        12        13
         2         5        12        13        18
         2         5        12        17        18
         2         2         3         6        13
         2         2         5         6        13
         2         5         6        13        18
         2         3         6        13        14
         2         6        13        14        19
         2         6        13        18        19
         2         3         3         7        14
         2         3         6         7        14
         2         6         7        14        19
         2         3         7        14        15
         2         7        14        15        20
         2         7        14        19        20
         2         2         3         8        15
         2         3         7         8        15
         2         7         8        15        20
         2         2         8        15        16
         2         8        15        16        21
         2         8        15        20        21
         2         1         2         4        16
         2         2         4         8        16
         2         4         8        16        21
         2         1         4        12        16
         2         4        12        16        17
         2         4        16        17        21
         2         4         5        10        17
         2         4         9        10        17
         2         9        10        17        22
         2         5        10        17        18
         2        10        17        18        23
         2        10        17        22        23
         2         5         6        11        18
         2         5        10        11        18
         2        10        11        18        23
         2         6        11        18        19
         2        11        18        19        24
         2        11        18        23        24
         2         6         7        11        19
         2         6        11        11        19
         2        11        11        19        24
         2         7        11        19        20
         2        11        19        20        25
         2        11        19        24        25
         2         7         8        10        20
         2         7        10        11        20
         2        10        11        20        25
         2         8        10        20        21
         2        10        20        21        26
         2        10        20        25        26
         2         4         8         9        21
         2         8         9        10        21
         2         9        10        21        26
         2         4         9        17        21
         2         9        17        21        22
         2         9        21        22        26
         2         8         9        10        22
         2         4         8         9        22
         2         4         8        22        27
         2         8        10        22        23
         2         8        22        23        28
         2         8        22        27        28
         2         7        10        11        23
         2         7         8        10        23
         2         7         8        23        28
         2         7        11        23        24
         2         7        23        24        29
         2         7        23        28        29
         2         6        11        11        24
         2         6         7        11        24
         2         6         7        24        29
         2         6        11        24        25
         2         6        24        25        30
         2         6        24        29        30
         2         5        10        11        25
         2         5         6        11        25
         2         5         6        25        30
         2         5        10        25        26
         2         5        25        26        31
         2         5        25        30        31
         2         4         9        10        26
         2         4         5        10        26
         2         4         5        26        31
         2         4         9        22        26
         2         4        22        26        27
         2         4        26        27        31
         2         2         4         8        27
         2         1         2         4        27
         2         1         2        12        27
         2         2         8        27        28
         2         2        13        27        28
         2         2        12        13        27
         2         3         7         8        28
         2         2         3         8        28
         2         2         3        13        28
         2         3         7        28        29
         2         3        14        28        29
         2         3        13        14        28
         2         3         6         7        29
         2         3         3         7        29
         2         3         3        14        29
         2         3         6        29        30
         2         3        15        29        30
         2         3        14        15        29
         2         2         5         6        30
         2         2         3         6        30
         2         2         3        15        30
         2         2         5        30        31
         2         2        16        30        31
         2         2        15        16        30
         2         1         4         5        31
         2         1         2         5        31
         2         1         2        16        31
         2         1         4        27        31
         2         1        12        27        31
         2         1        12        16        31
         2        12        12        13        18
         2        12        12        17        18
         2        12        17        18        27
         2        12        13        16        18
         2        12        16        18        31
         2        12        18        27        31
         2        13        14        16        19
         2        13        16        18        19
         2        16        18        19        31
         2        14        15        16        19
         2        15        16        19        30
         2        16        19        30        31
         4        14        15        15        20
         2        14        15        19        20
         2        15        19        20        30
         2        14        15        20        29
         2        15        20        29        30
         2        14        15        16        21
         2        14        15        20        21
         2        14        20        21        29
         2        13        14        16        21
         2        13        14        21        28
         2        14        21        28        29
         2        12        13        16        17
         2        13        16        17        21
         2        13        17        21        28
         2        12        12        13        17
         2        12        13        17        27
         2        13        17        27        28
         2        17        18        23        27
         2        17        22        23        27
         2        22        22        23        27
         2        18        23        27        31
         2        23        26        27        31
         2        22        23        26        27
         2        18        19        24        31
         2        18        23        24        31
         2        23        24        26        31
         2        19        24        30        31
         2        24        25        30        31
         2        24        25        26        31
         2        19        20        25        30
         2        19        24        25        30
         4        24        25        25        30
         2        20        25        29        30
         2        24        25        29        30
         2        20        21        26        29
         2        20        25        26        29
         2        24        25        26        29
         2        21        26        28        29
         2        23        26        28        29
         2        23        24        26        29
         2        17        21        22        28
         2        21        22        26        28
         2        22        23        26        28
         2        17        22        27        28
         2        22        22        27        28
         2        22        22        23        28
