Automatically generated mesh
      58
Reciprocal lattice
    0.00000000000000    0.00000000000000    0.00000000000000             1
    0.14285714285714    0.00000000000000    0.00000000000000             2
    0.28571428571429    0.00000000000000    0.00000000000000             2
    0.42857142857143    0.00000000000000    0.00000000000000             2
    0.00000000000000    0.25000000000000    0.00000000000000             2
    0.14285714285714    0.25000000000000    0.00000000000000             2
    0.28571428571429    0.25000000000000    0.00000000000000             2
    0.42857142857143    0.25000000000000    0.00000000000000             2
   -0.42857142857143    0.25000000000000    0.00000000000000             2
   -0.28571428571429    0.25000000000000    0.00000000000000             2
   -0.14285714285714    0.25000000000000    0.00000000000000             2
    0.00000000000000    0.50000000000000    0.00000000000000             1
    0.14285714285714    0.50000000000000    0.00000000000000             2
    0.28571428571429    0.50000000000000    0.00000000000000             2
    0.42857142857143    0.50000000000000    0.00000000000000             2
    0.00000000000000    0.00000000000000    0.25000000000000             2
    0.14285714285714    0.00000000000000    0.25000000000000             2
    0.28571428571429    0.00000000000000    0.25000000000000             2
    0.42857142857143    0.00000000000000    0.25000000000000             2
   -0.42857142857143    0.00000000000000    0.25000000000000             2
   -0.28571428571429    0.00000000000000    0.25000000000000             2
   -0.14285714285714    0.00000000000000    0.25000000000000             2
    0.00000000000000    0.25000000000000    0.25000000000000             2
    0.14285714285714    0.25000000000000    0.25000000000000             2
    0.28571428571429    0.25000000000000    0.25000000000000             2
    0.42857142857143    0.25000000000000    0.25000000000000             2
   -0.42857142857143    0.25000000000000    0.25000000000000             2
   -0.28571428571429    0.25000000000000    0.25000000000000             2
   -0.14285714285714    0.25000000000000    0.25000000000000             2
    0.00000000000000    0.50000000000000    0.25000000000000             2
    0.14285714285714    0.50000000000000    0.25000000000000             2
    0.28571428571429    0.50000000000000    0.25000000000000             2
    0.42857142857143    0.50000000000000    0.25000000000000             2
   -0.42857142857143    0.50000000000000    0.25000000000000             2
   -0.28571428571429    0.50000000000000    0.25000000000000             2
   -0.14285714285714    0.50000000000000    0.25000000000000             2
    0.00000000000000   -0.25000000000000    0.25000000000000             2
    0.14285714285714   -0.25000000000000    0.25000000000000             2
    0.28571428571429   -0.25000000000000    0.25000000000000             2
    0.42857142857143   -0.25000000000000    0.25000000000000             2
   -0.42857142857143   -0.25000000000000    0.25000000000000             2
   -0.28571428571429   -0.25000000000000    0.25000000000000             2
   -0.14285714285714   -0.25000000000000    0.25000000000000             2
    0.00000000000000    0.00000000000000    0.50000000000000             1
    0.14285714285714    0.00000000000000    0.50000000000000             2
    0.28571428571429    0.00000000000000    0.50000000000000             2
    0.42857142857143    0.00000000000000    0.50000000000000             2
    0.00000000000000    0.25000000000000    0.50000000000000             2
    0.14285714285714    0.25000000000000    0.50000000000000             2
    0.28571428571429    0.25000000000000    0.50000000000000             2
    0.42857142857143    0.25000000000000    0.50000000000000             2
   -0.42857142857143    0.25000000000000    0.50000000000000             2
   -0.28571428571429    0.25000000000000    0.50000000000000             2
   -0.14285714285714    0.25000000000000    0.50000000000000             2
    0.00000000000000    0.50000000000000    0.50000000000000             1
    0.14285714285714    0.50000000000000    0.50000000000000             2
    0.28571428571429    0.50000000000000    0.50000000000000             2
    0.42857142857143    0.50000000000000    0.50000000000000             2
Tetrahedra
       336    0.00148809523810
         2         1         5         6        24
         2         1         2         6        24
         2         1         2        17        24
         2         1         5        23        24
         2         1        16        23        24
         2         1        16        17        24
         2         2         6         7        25
         2         2         3         7        25
         2         2         3        18        25
         2         2         6        24        25
         2         2        17        24        25
         2         2        17        18        25
         2         3         7         8        26
         2         3         4         8        26
         2         3         4        19        26
         2         3         7        25        26
         2         3        18        25        26
         2         3        18        19        26
         2         4         8         9        27
         2         4         4         9        27
         2         4         4        20        27
         2         4         8        26        27
         2         4        19        26        27
         2         4        19        20        27
         2         4         9        10        28
         2         3         4        10        28
         2         3         4        21        28
         2         4         9        27        28
         2         4        20        27        28
         2         4        20        21        28
         2         3        10        11        29
         2         2         3        11        29
         2         2         3        22        29
         2         3        10        28        29
         2         3        21        28        29
         2         3        21        22        29
         2         2         5        11        23
         2         1         2         5        23
         2         1         2        16        23
         2         2        11        23        29
         2         2        22        23        29
         2         2        16        22        23
         2         5        12        13        31
         2         5         6        13        31
         2         5         6        24        31
         2         5        12        30        31
         2         5        23        30        31
         2         5        23        24        31
         2         6        13        14        32
         2         6         7        14        32
         2         6         7        25        32
         2         6        13        31        32
         2         6        24        31        32
         2         6        24        25        32
         2         7        14        15        33
         2         7         8        15        33
         2         7         8        26        33
         2         7        14        32        33
         2         7        25        32        33
         2         7        25        26        33
         2         8        15        15        34
         2         8         9        15        34
         2         8         9        27        34
         2         8        15        33        34
         2         8        26        33        34
         2         8        26        27        34
         2         9        14        15        35
         2         9        10        14        35
         2         9        10        28        35
         2         9        15        34        35
         2         9        27        34        35
         2         9        27        28        35
         2        10        13        14        36
         2        10        11        13        36
         2        10        11        29        36
         2        10        14        35        36
         2        10        28        35        36
         2        10        28        29        36
         2        11        12        13        30
         2         5        11        12        30
         2         5        11        23        30
         2        11        13        30        36
         2        11        29        30        36
         2        11        23        29        30
         2         5        11        12        38
         2        11        12        13        38
         2        12        13        31        38
         2         5        12        37        38
         2        12        30        37        38
         2        12        30        31        38
         2        10        11        13        39
         2        10        13        14        39
         2        13        14        32        39
         2        11        13        38        39
         2        13        31        38        39
         2        13        31        32        39
         2         9        10        14        40
         2         9        14        15        40
         2        14        15        33        40
         2        10        14        39        40
         2        14        32        39        40
         2        14        32        33        40
         2         8         9        15        41
         2         8        15        15        41
         2        15        15        34        41
         2         9        15        40        41
         2        15        33        40        41
         2        15        33        34        41
         2         7         8        15        42
         2         7        14        15        42
         2        14        15        35        42
         2         8        15        41        42
         2        15        34        41        42
         2        15        34        35        42
         2         6         7        14        43
         2         6        13        14        43
         2        13        14        36        43
         2         7        14        42        43
         2        14        35        42        43
         2        14        35        36        43
         2         5         6        13        37
         2         5        12        13        37
         2        12        13        30        37
         2         6        13        37        43
         2        13        36        37        43
         2        13        30        36        37
         2         1         2         5        17
         2         2         5        11        17
         2         5        11        17        38
         2         1         5        16        17
         2         5        16        17        37
         2         5        17        37        38
         2         2         3        11        18
         2         3        10        11        18
         2        10        11        18        39
         2         2        11        17        18
         2        11        17        18        38
         2        11        18        38        39
         2         3         4        10        19
         2         4         9        10        19
         2         9        10        19        40
         2         3        10        18        19
         2        10        18        19        39
         2        10        19        39        40
         2         4         4         9        20
         2         4         8         9        20
         2         8         9        20        41
         2         4         9        19        20
         2         9        19        20        40
         2         9        20        40        41
         2         3         4         8        21
         2         3         7         8        21
         2         7         8        21        42
         2         4         8        20        21
         2         8        20        21        41
         2         8        21        41        42
         2         2         3         7        22
         2         2         6         7        22
         2         6         7        22        43
         2         3         7        21        22
         2         7        21        22        42
         2         7        22        42        43
         2         1         2         6        16
         2         1         5         6        16
         2         5         6        16        37
         2         2         6        16        22
         2         6        16        22        43
         2         6        16        37        43
         2        16        23        24        49
         2        16        17        24        49
         2        16        17        45        49
         2        16        23        48        49
         2        16        44        48        49
         2        16        44        45        49
         2        17        24        25        50
         2        17        18        25        50
         2        17        18        46        50
         2        17        24        49        50
         2        17        45        49        50
         2        17        45        46        50
         2        18        25        26        51
         2        18        19        26        51
         2        18        19        47        51
         2        18        25        50        51
         2        18        46        50        51
         2        18        46        47        51
         2        19        26        27        52
         2        19        20        27        52
         2        19        20        47        52
         2        19        26        51        52
         2        19        47        51        52
         2        19        47        47        52
         2        20        27        28        53
         2        20        21        28        53
         2        20        21        46        53
         2        20        27        52        53
         2        20        47        52        53
         2        20        46        47        53
         2        21        28        29        54
         2        21        22        29        54
         2        21        22        45        54
         2        21        28        53        54
         2        21        46        53        54
         2        21        45        46        54
         2        22        23        29        48
         2        16        22        23        48
         2        16        22        44        48
         2        22        29        48        54
         2        22        45        48        54
         2        22        44        45        48
         2        23        30        31        56
         2        23        24        31        56
         2        23        24        49        56
         2        23        30        55        56
         2        23        48        55        56
         2        23        48        49        56
         2        24        31        32        57
         2        24        25        32        57
         2        24        25        50        57
         2        24        31        56        57
         2        24        49        56        57
         2        24        49        50        57
         2        25        32        33        58
         2        25        26        33        58
         2        25        26        51        58
         2        25        32        57        58
         2        25        50        57        58
         2        25        50        51        58
         2        26        33        34        58
         2        26        27        34        58
         2        26        27        52        58
         2        26        33        58        58
         2        26        51        58        58
         2        26        51        52        58
         2        27        34        35        57
         2        27        28        35        57
         2        27        28        53        57
         2        27        34        57        58
         2        27        52        57        58
         2        27        52        53        57
         2        28        35        36        56
         2        28        29        36        56
         2        28        29        54        56
         2        28        35        56        57
         2        28        53        56        57
         2        28        53        54        56
         2        29        30        36        55
         2        23        29        30        55
         2        23        29        48        55
         2        29        36        55        56
         2        29        54        55        56
         2        29        48        54        55
         2        30        37        38        54
         2        30        31        38        54
         2        30        31        54        56
         2        30        37        48        54
         2        30        48        54        55
         2        30        54        55        56
         2        31        38        39        53
         2        31        32        39        53
         2        31        32        53        57
         2        31        38        53        54
         2        31        53        54        56
         2        31        53        56        57
         2        32        39        40        52
         2        32        33        40        52
         2        32        33        52        58
         2        32        39        52        53
         2        32        52        53        57
         2        32        52        57        58
         2        33        40        41        51
         2        33        34        41        51
         2        33        34        51        58
         2        33        40        51        52
         2        33        51        52        58
         2        33        51        58        58
         2        34        41        42        50
         2        34        35        42        50
         2        34        35        50        57
         2        34        41        50        51
         2        34        50        51        58
         2        34        50        57        58
         2        35        42        43        49
         2        35        36        43        49
         2        35        36        49        56
         2        35        42        49        50
         2        35        49        50        57
         2        35        49        56        57
         2        36        37        43        48
         2        30        36        37        48
         2        30        36        48        55
         2        36        43        48        49
         2        36        48        49        56
         2        36        48        55        56
         2        16        17        37        45
         2        17        37        38        45
         2        37        38        45        54
         2        16        37        44        45
         2        37        44        45        48
         2        37        45        48        54
         2        17        18        38        46
         2        18        38        39        46
         2        38        39        46        53
         2        17        38        45        46
         2        38        45        46        54
         2        38        46        53        54
         2        18        19        39        47
         2        19        39        40        47
         2        39        40        47        52
         2        18        39        46        47
         2        39        46        47        53
         2        39        47        52        53
         2        19        20        40        47
         2        20        40        41        47
         2        40        41        47        51
         2        19        40        47        47
         2        40        47        47        52
         2        40        47        51        52
         2        20        21        41        46
         2        21        41        42        46
         2        41        42        46        50
         2        20        41        46        47
         2        41        46        47        51
         2        41        46        50        51
         2        21        22        42        45
         2        22        42        43        45
         2        42        43        45        49
         2        21        42        45        46
         2        42        45        46        50
         2        42        45        49        50
         2        16        22        43        44
         2        16        37        43        44
         2        37        43        44        48
         2        22        43        44        45
         2        43        44        45        49
         2        43        44        48        49
