Automatically generated mesh
      53
Reciprocal lattice
    0.00000000000000    0.00000000000000    0.00000000000000             1
    0.14285714285714    0.00000000000000    0.00000000000000             2
    0.28571428571429    0.00000000000000    0.00000000000000             2
    0.42857142857143    0.00000000000000    0.00000000000000             2
    0.00000000000000    0.20000000000000    0.00000000000000             2
    0.14285714285714    0.20000000000000    0.00000000000000             2
    0.28571428571429    0.20000000000000    0.00000000000000             2
    0.42857142857143    0.20000000000000    0.00000000000000             2
   -0.42857142857143    0.20000000000000    0.00000000000000             2
   -0.28571428571429    0.20000000000000    0.00000000000000             2
   -0.14285714285714    0.20000000000000    0.00000000000000             2
    0.00000000000000    0.40000000000000    0.00000000000000             2
    0.14285714285714    0.40000000000000    0.00000000000000             2
    0.28571428571429    0.40000000000000    0.00000000000000             2
    0.42857142857143    0.40000000000000    0.00000000000000             2
   -0.42857142857143    0.40000000000000    0.00000000000000             2
   -0.28571428571429    0.40000000000000    0.00000000000000             2
   -0.14285714285714    0.40000000000000    0.00000000000000             2
    0.00000000000000    0.00000000000000    0.33333333333333             2
    0.14285714285714    0.00000000000000    0.33333333333333             2
    0.28571428571429    0.00000000000000    0.33333333333333             2
    0.42857142857143    0.00000000000000    0.33333333333333             2
   -0.42857142857143    0.00000000000000    0.33333333333333             2
   -0.28571428571429    0.00000000000000    0.33333333333333             2
   -0.14285714285714    0.00000000000000    0.33333333333333             2
    0.00000000000000    0.20000000000000    0.33333333333333             2
    0.14285714285714    0.20000000000000    0.33333333333333             2
    0.28571428571429    0.20000000000000    0.33333333333333             2
    0.42857142857143    0.20000000000000    0.33333333333333             2
   -0.42857142857143    0.20000000000000    0.33333333333333             2
   -0.28571428571429    0.20000000000000    0.33333333333333             2
   -0.14285714285714    0.20000000000000    0.33333333333333             2
    0.00000000000000    0.40000000000000    0.33333333333333             2
    0.14285714285714    0.40000000000000    0.33333333333333             2
    0.28571428571429    0.40000000000000    0.33333333333333             2
    0.42857142857143    0.40000000000000    0.33333333333333             2
   -0.42857142857143    0.40000000000000    0.33333333333333             2
   -0.28571428571429    0.40000000000000    0.33333333333333             2
   -0.14285714285714    0.40000000000000    0.33333333333333             2
    0.00000000000000   -0.40000000000000    0.33333333333333             2
    0.14285714285714   -0.40000000000000    0.33333333333333             2
    0.28571428571429   -0.40000000000000    0.33333333333333             2
    0.42857142857143   -0.40000000000000    0.33333333333333             2
   -0.42857142857143   -0.40000000000000    0.33333333333333             2
   -0.28571428571429   -0.40000000000000    0.33333333333333             2
   -0.14285714285714   -0.40000000000000    0.33333333333333             2
    0.00000000000000   -0.20000000000000    0.33333333333333             2
    0.14285714285714   -0.20000000000000    0.33333333333333             2
    0.28571428571429   -0.20000000000000    0.33333333333333             2
    0.42857142857143   -0.20000000000000    0.33333333333333             2
   -0.42857142857143   -0.20000000000000    0.33333333333333             2
   -0.28571428571429   -0.20000000000000    0.33333333333333             2
   -0.14285714285714   -0.20000000000000    0.33333333333333             2
Tetrahedra
       312    0.00158730158730
         2         1         2         5        20
         2         2         5         6        20
         2         5         6        20        27
         2         1         5        19        20
         2         5        19        20        26
         2         5        20        26        27
         2         2         3         6        21
         2         3         6         7        21
         2         6         7        21        28
         2         2         6        20        21
         2         6        20        21        27
         2         6        21        27        28
         2         3         4         7        22
         2         4         7         8        22
         2         7         8        22        29
         2         3         7        21        22
         2         7        21        22        28
         2         7        22        28        29
         2         4         4         8        23
         2         4         8         9        23
         2         8         9        23        30
         2         4         8        22        23
         2         8        22        23        29
         2         8        23        29        30
         2         3         4         9        24
         2         3         9        10        24
         2         9        10        24        31
         2         4         9        23        24
         2         9        23        24        30
         2         9        24        30        31
         2         2         3        10        25
         2         2        10        11        25
         2        10        11        25        32
         2         3        10        24        25
         2        10        24        25        31
         2        10        25        31        32
         2         1         2        11        19
         2         1         5        11        19
         2         5        11        19        26
         2         2        11        19        25
         2        11        19        25        32
         2        11        19        26        32
         2         5         6        12        27
         2         6        12        13        27
         2        12        13        27        34
         2         5        12        26        27
         2        12        26        27        33
         2        12        27        33        34
         2         6         7        13        28
         2         7        13        14        28
         2        13        14        28        35
         2         6        13        27        28
         2        13        27        28        34
         2        13        28        34        35
         2         7         8        14        29
         2         8        14        15        29
         2        14        15        29        36
         2         7        14        28        29
         2        14        28        29        35
         2        14        29        35        36
         2         8         9        15        30
         2         9        15        16        30
         2        15        16        30        37
         2         8        15        29        30
         2        15        29        30        36
         2        15        30        36        37
         2         9        10        16        31
         2        10        16        17        31
         2        16        17        31        38
         2         9        16        30        31
         2        16        30        31        37
         2        16        31        37        38
         2        10        11        17        32
         2        11        17        18        32
         2        17        18        32        39
         2        10        17        31        32
         2        17        31        32        38
         2        17        32        38        39
         2         5        11        18        26
         2         5        12        18        26
         2        12        18        26        33
         2        11        18        26        32
         2        18        26        32        39
         2        18        26        33        39
         2        12        12        13        34
         2        12        13        18        34
         2        12        18        34        41
         2        12        12        33        34
         2        12        33        34        40
         2        12        34        40        41
         2        13        14        18        35
         2        14        17        18        35
         2        17        18        35        42
         2        13        18        34        35
         2        18        34        35        41
         2        18        35        41        42
         2        14        15        17        36
         2        15        16        17        36
         2        16        17        36        43
         2        14        17        35        36
         2        17        35        36        42
         2        17        36        42        43
         4        15        16        16        37
         2        15        16        37        44
         2        15        16        36        37
         2        16        36        37        43
         2        16        37        43        44
         2        15        16        17        38
         2        14        15        17        38
         2        14        15        38        45
         2        15        16        37        38
         2        15        37        38        44
         2        15        38        44        45
         2        14        17        18        39
         2        13        14        18        39
         2        13        14        39        46
         2        14        17        38        39
         2        14        38        39        45
         2        14        39        45        46
         2        12        13        18        33
         2        12        12        13        33
         2        12        13        33        40
         2        13        18        33        39
         2        13        33        39        46
         2        13        33        40        46
         2         5        12        18        41
         2         5        11        18        41
         2         5        11        41        48
         2         5        12        40        41
         2         5        40        41        47
         2         5        41        47        48
         2        11        17        18        42
         2        10        11        17        42
         2        10        11        42        49
         2        11        18        41        42
         2        11        41        42        48
         2        11        42        48        49
         2        10        16        17        43
         2         9        10        16        43
         2         9        10        43        50
         2        10        17        42        43
         2        10        42        43        49
         2        10        43        49        50
         2         9        15        16        44
         2         8         9        15        44
         2         8         9        44        51
         2         9        16        43        44
         2         9        43        44        50
         2         9        44        50        51
         2         8        14        15        45
         2         7         8        14        45
         2         7         8        45        52
         2         8        15        44        45
         2         8        44        45        51
         2         8        45        51        52
         2         7        13        14        46
         2         6         7        13        46
         2         6         7        46        53
         2         7        14        45        46
         2         7        45        46        52
         2         7        46        52        53
         2         6        12        13        40
         2         5         6        12        40
         2         5         6        40        47
         2         6        13        40        46
         2         6        40        46        53
         2         6        40        47        53
         2         1         5        11        48
         2         1         2        11        48
         2         1         2        20        48
         2         1         5        47        48
         2         1        19        47        48
         2         1        19        20        48
         2         2        10        11        49
         2         2         3        10        49
         2         2         3        21        49
         2         2        11        48        49
         2         2        20        48        49
         2         2        20        21        49
         2         3         9        10        50
         2         3         4         9        50
         2         3         4        22        50
         2         3        10        49        50
         2         3        21        49        50
         2         3        21        22        50
         2         4         8         9        51
         2         4         4         8        51
         2         4         4        23        51
         2         4         9        50        51
         2         4        22        50        51
         2         4        22        23        51
         2         4         7         8        52
         2         3         4         7        52
         2         3         4        24        52
         2         4         8        51        52
         2         4        23        51        52
         2         4        23        24        52
         2         3         6         7        53
         2         2         3         6        53
         2         2         3        25        53
         2         3         7        52        53
         2         3        24        52        53
         2         3        24        25        53
         2         2         5         6        47
         2         1         2         5        47
         2         1         2        19        47
         2         2         6        47        53
         2         2        25        47        53
         2         2        19        25        47
         2        19        20        25        26
         2        20        25        26        27
         2        25        26        27        53
         2        19        19        25        26
         2        19        25        26        47
         2        25        26        47        53
         2        20        21        24        27
         2        21        24        27        28
         2        24        27        28        52
         2        20        24        25        27
         2        24        25        27        53
         2        24        27        52        53
         2        21        22        23        28
         2        22        23        28        29
         2        23        28        29        51
         2        21        23        24        28
         2        23        24        28        52
         2        23        28        51        52
         4        22        22        23        29
         2        22        23        29        30
         2        22        29        30        50
         2        22        23        29        51
         2        22        29        50        51
         2        21        23        24        30
         2        21        24        30        31
         2        21        30        31        49
         2        21        22        23        30
         2        21        22        30        50
         2        21        30        49        50
         2        20        24        25        31
         2        20        25        31        32
         2        20        31        32        48
         2        20        21        24        31
         2        20        21        31        49
         2        20        31        48        49
         2        19        19        25        32
         2        19        19        26        32
         2        19        26        32        47
         2        19        20        25        32
         2        19        20        32        48
         2        19        32        47        48
         2        26        27        33        53
         2        27        33        34        53
         2        33        34        46        53
         2        26        33        47        53
         2        33        40        47        53
         2        33        40        46        53
         2        27        28        34        52
         2        28        34        35        52
         2        34        35        45        52
         2        27        34        52        53
         2        34        46        52        53
         2        34        45        46        52
         2        28        29        35        51
         2        29        35        36        51
         2        35        36        44        51
         2        28        35        51        52
         2        35        45        51        52
         2        35        44        45        51
         2        29        30        36        50
         2        30        36        37        50
         2        36        37        43        50
         2        29        36        50        51
         2        36        44        50        51
         2        36        43        44        50
         2        30        31        37        49
         2        31        37        38        49
         2        37        38        42        49
         2        30        37        49        50
         2        37        43        49        50
         2        37        42        43        49
         2        31        32        38        48
         2        32        38        39        48
         2        38        39        41        48
         2        31        38        48        49
         2        38        42        48        49
         2        38        41        42        48
         2        26        32        39        47
         2        26        33        39        47
         2        33        39        40        47
         2        32        39        47        48
         2        39        41        47        48
         2        39        40        41        47
         2        33        34        40        46
         2        34        40        41        46
         2        39        40        41        46
         4        33        40        40        46
         2        33        39        40        46
         2        34        35        41        45
         2        35        41        42        45
         2        38        41        42        45
         2        34        41        45        46
         2        39        41        45        46
         2        38        39        41        45
         2        35        36        42        44
         2        36        42        43        44
         2        37        42        43        44
         2        35        42        44        45
         2        38        42        44        45
         2        37        38        42        44
         2        36        37        43        43
         2        37        43        43        44
         2        36        43        43        44
