Automatically generated mesh
      48
Reciprocal lattice
    0.12500000000000    0.12500000000000    0.08333333333333             2
    0.37500000000000    0.12500000000000    0.08333333333333             2
   -0.37500000000000    0.12500000000000    0.08333333333333             2
   -0.12500000000000    0.12500000000000    0.08333333333333             2
    0.12500000000000    0.37500000000000    0.08333333333333             2
    0.37500000000000    0.37500000000000    0.08333333333333             2
   -0.37500000000000    0.37500000000000    0.08333333333333             2
   -0.12500000000000    0.37500000000000    0.08333333333333             2
    0.12500000000000   -0.37500000000000    0.08333333333333             2
    0.37500000000000   -0.37500000000000    0.08333333333333             2
   -0.37500000000000   -0.37500000000000    0.08333333333333             2
   -0.12500000000000   -0.37500000000000    0.08333333333333             2
    0.12500000000000   -0.12500000000000    0.08333333333333             2
    0.37500000000000   -0.12500000000000    0.08333333333333             2
   -0.37500000000000   -0.12500000000000    0.08333333333333             2
   -0.12500000000000   -0.12500000000000    0.08333333333333             2
    0.12500000000000    0.12500000000000    0.25000000000000             2
    0.37500000000000    0.12500000000000    0.25000000000000             2
   -0.37500000000000    0.12500000000000    0.25000000000000             2
   -0.12500000000000    0.12500000000000    0.25000000000000             2
    0.12500000000000    0.37500000000000    0.25000000000000             2
    0.37500000000000    0.37500000000000    0.25000000000000             2
   -0.37500000000000    0.37500000000000    0.25000000000000             2
   -0.12500000000000    0.37500000000000    0.25000000000000             2
    0.12500000000000   -0.37500000000000    0.25000000000000             2
    0.37500000000000   -0.37500000000000    0.25000000000000             2
   -0.37500000000000   -0.37500000000000    0.25000000000000             2
   -0.12500000000000   -0.37500000000000    0.25000000000000             2
    0.12500000000000   -0.12500000000000    0.25000000000000             2
    0.37500000000000   -0.12500000000000    0.25000000000000             2
   -0.37500000000000   -0.12500000000000    0.25000000000000             2
   -0.12500000000000   -0.12500000000000    0.25000000000000             2
    0.12500000000000    0.12500000000000    0.41666666666667             2
    0.37500000000000    0.12500000000000    0.41666666666667             2
   -0.37500000000000    0.12500000000000    0.41666666666667             2
   -0.12500000000000    0.12500000000000    0.41666666666667             2
    0.12500000000000    0.37500000000000    0.41666666666667             2
    0.37500000000000    0.37500000000000    0.41666666666667             2
   -0.37500000000000    0.37500000000000    0.41666666666667             2
   -0.12500000000000    0.37500000000000    0.41666666666667             2
    0.12500000000000   -0.37500000000000    0.41666666666667             2
    0.37500000000000   -0.37500000000000    0.41666666666667             2
   -0.37500000000000   -0.37500000000000    0.41666666666667             2
   -0.12500000000000   -0.37500000000000    0.41666666666667             2
    0.12500000000000   -0.12500000000000    0.41666666666667             2
    0.37500000000000   -0.12500000000000    0.41666666666667             2
   -0.37500000000000   -0.12500000000000    0.41666666666667             2
   -0.12500000000000   -0.12500000000000    0.41666666666667             2
Tetrahedra
       288    0.00173611111111
         2         1         5         6        22
         2         1         2         6        22
         2         1         2        18        22
         2         1         5        21        22
         2         1        17        21        22
         2         1        17        18        22
         2         2         6         7        23
         2         2         3         7        23
         2         2         3        19        23
         2         2         6        22        23
         2         2        18        22        23
         2         2        18        19        23
         2         3         7         8        24
         2         3         4         8        24
         2         3         4        20        24
         2         3         7        23        24
         2         3        19        23        24
         2         3        19        20        24
         2         4         5         8        21
         2         1         4         5        21
         2         1         4        17        21
         2         4         8        21        24
         2         4        20        21        24
         2         4        17        20        21
         2         5         9        10        26
         2         5         6        10        26
         2         5         6        22        26
         2         5         9        25        26
         2         5        21        25        26
         2         5        21        22        26
         2         6        10        11        27
         2         6         7        11        27
         2         6         7        23        27
         2         6        10        26        27
         2         6        22        26        27
         2         6        22        23        27
         2         7        11        12        28
         2         7         8        12        28
         2         7         8        24        28
         2         7        11        27        28
         2         7        23        27        28
         2         7        23        24        28
         2         8         9        12        25
         2         5         8         9        25
         2         5         8        21        25
         2         8        12        25        28
         2         8        24        25        28
         2         8        21        24        25
         2         9        13        14        30
         2         9        10        14        30
         2         9        10        26        30
         2         9        13        29        30
         2         9        25        29        30
         2         9        25        26        30
         2        10        14        15        31
         2        10        11        15        31
         2        10        11        27        31
         2        10        14        30        31
         2        10        26        30        31
         2        10        26        27        31
         2        11        15        16        32
         2        11        12        16        32
         2        11        12        28        32
         2        11        15        31        32
         2        11        27        31        32
         2        11        27        28        32
         2        12        13        16        29
         2         9        12        13        29
         2         9        12        25        29
         2        12        16        29        32
         2        12        28        29        32
         2        12        25        28        29
         2         1         2        13        18
         2         2        13        14        18
         2        13        14        18        30
         2         1        13        17        18
         2        13        17        18        29
         2        13        18        29        30
         2         2         3        14        19
         2         3        14        15        19
         2        14        15        19        31
         2         2        14        18        19
         2        14        18        19        30
         2        14        19        30        31
         2         3         4        15        20
         2         4        15        16        20
         2        15        16        20        32
         2         3        15        19        20
         2        15        19        20        31
         2        15        20        31        32
         2         1         4        16        17
         2         1        13        16        17
         2        13        16        17        29
         2         4        16        17        20
         2        16        17        20        32
         2        16        17        29        32
         2        17        21        22        38
         2        17        18        22        38
         2        17        18        34        38
         2        17        21        37        38
         2        17        33        37        38
         2        17        33        34        38
         2        18        22        23        39
         2        18        19        23        39
         2        18        19        35        39
         2        18        22        38        39
         2        18        34        38        39
         2        18        34        35        39
         2        19        23        24        40
         2        19        20        24        40
         2        19        20        36        40
         2        19        23        39        40
         2        19        35        39        40
         2        19        35        36        40
         2        20        21        24        37
         2        17        20        21        37
         2        17        20        33        37
         2        20        24        37        40
         2        20        36        37        40
         2        20        33        36        37
         2        21        25        26        42
         2        21        22        26        42
         2        21        22        38        42
         2        21        25        41        42
         2        21        37        41        42
         2        21        37        38        42
         2        22        26        27        43
         2        22        23        27        43
         2        22        23        39        43
         2        22        26        42        43
         2        22        38        42        43
         2        22        38        39        43
         2        23        27        28        44
         2        23        24        28        44
         2        23        24        40        44
         2        23        27        43        44
         2        23        39        43        44
         2        23        39        40        44
         2        24        25        28        41
         2        21        24        25        41
         2        21        24        37        41
         2        24        28        41        44
         2        24        40        41        44
         2        24        37        40        41
         2        25        29        30        46
         2        25        26        30        46
         2        25        26        42        46
         2        25        29        45        46
         2        25        41        45        46
         2        25        41        42        46
         2        26        30        31        47
         2        26        27        31        47
         2        26        27        43        47
         2        26        30        46        47
         2        26        42        46        47
         2        26        42        43        47
         2        27        31        32        48
         2        27        28        32        48
         2        27        28        44        48
         2        27        31        47        48
         2        27        43        47        48
         2        27        43        44        48
         2        28        29        32        45
         2        25        28        29        45
         2        25        28        41        45
         2        28        32        45        48
         2        28        44        45        48
         2        28        41        44        45
         2        17        18        29        34
         2        18        29        30        34
         2        29        30        34        46
         2        17        29        33        34
         2        29        33        34        45
         2        29        34        45        46
         2        18        19        30        35
         2        19        30        31        35
         2        30        31        35        47
         2        18        30        34        35
         2        30        34        35        46
         2        30        35        46        47
         2        19        20        31        36
         2        20        31        32        36
         2        31        32        36        48
         2        19        31        35        36
         2        31        35        36        47
         2        31        36        47        48
         2        17        20        32        33
         2        17        29        32        33
         2        29        32        33        45
         2        20        32        33        36
         2        32        33        36        48
         2        32        33        45        48
         2        33        37        38        43
         2        33        34        38        43
         2        33        34        43        47
         2        33        37        43        44
         2        33        43        44        48
         2        33        43        47        48
         2        34        38        39        42
         2        34        35        39        42
         2        34        35        42        46
         2        34        38        42        43
         2        34        42        43        47
         2        34        42        46        47
         2        35        39        40        41
         2        35        36        40        41
         2        35        36        41        45
         2        35        39        41        42
         2        35        41        42        46
         2        35        41        45        46
         2        36        37        40        44
         2        33        36        37        44
         2        33        36        44        48
         2        36        40        41        44
         2        36        41        44        45
         2        36        44        45        48
         2        37        39        41        42
         2        37        38        39        42
         2        37        38        39        43
         2        37        39        40        41
         2        37        39        40        44
         2        37        39        43        44
         2        38        38        42        43
         2        38        38        39        43
         2        38        38        39        42
         2        40        40        41        44
         2        37        40        40        41
         2        37        40        40        44
         2        33        34        45        47
         2        34        45        46        47
         2        35        45        46        47
         2        33        45        47        48
         2        36        45        47        48
         2        35        36        45        47
         2        34        35        46        46
         2        35        46        46        47
         2        34        46        46        47
         2        33        36        48        48
         2        33        45        48        48
         2        36        45        48        48
         2         6        11        12        16
         2         6        11        15        16
         2         2         6        15        16
         2         5         6        12        16
         2         1         5         6        16
         2         1         2         6        16
         2         7        10        11        15
         2         7        10        14        15
         2         3         7        14        15
         2         6         7        11        15
         2         2         6         7        15
         2         2         3         7        15
         2         8         9        10        14
         2         8         9        13        14
         2         4         8        13        14
         2         7         8        10        14
         2         3         7         8        14
         2         3         4         8        14
         2         5         9        12        13
         2         5        12        13        16
         2         1         5        13        16
         2         5         8         9        13
         2         4         5         8        13
         2         1         4         5        13
         2         7         8        10        12
         2         7        10        11        12
         2         6        10        11        12
         2         8         9        10        12
         2         5         9        10        12
         2         5         6        10        12
         2         6         7        11        11
         2         6        10        11        11
         2         7        10        11        11
         2         5         8         9         9
         2         8         9         9        12
         2         5         9         9        12
         2         2         4        15        16
         2         2         3         4        15
         2         2         3         4        14
         2         1         2         4        16
         2         1         2         4        13
         2         2         4        13        14
         2         3         3        14        15
         2         2         3         3        14
         2         2         3         3        15
         2         1         1        13        16
         2         1         1         4        16
         2         1         1         4        13
