Automatically generated mesh
      43
Reciprocal lattice
    0.00000000000000    0.00000000000000    0.00000000000000             1
    0.14285714285714    0.00000000000000    0.00000000000000             2
    0.28571428571429    0.00000000000000    0.00000000000000             2
    0.42857142857143    0.00000000000000    0.00000000000000             2
    0.00000000000000    0.25000000000000    0.00000000000000             2
    0.14285714285714    0.25000000000000    0.00000000000000             2
    0.28571428571429    0.25000000000000    0.00000000000000             2
    0.42857142857143    0.25000000000000    0.00000000000000             2
   -0.42857142857143    0.25000000000000    0.00000000000000             2
   -0.28571428571429    0.25000000000000    0.00000000000000             2
   -0.14285714285714    0.25000000000000    0.00000000000000             2
    0.00000000000000    0.50000000000000    0.00000000000000             1
    0.14285714285714    0.50000000000000    0.00000000000000             2
    0.28571428571429    0.50000000000000    0.00000000000000             2
    0.42857142857143    0.50000000000000    0.00000000000000             2
    0.00000000000000    0.00000000000000    0.33333333333333             2
    0.14285714285714    0.00000000000000    0.33333333333333             2
    0.28571428571429    0.00000000000000    0.33333333333333             2
    0.42857142857143    0.00000000000000    0.33333333333333             2
   -0.42857142857143    0.00000000000000    0.33333333333333             2
   -0.28571428571429    0.00000000000000    0.33333333333333             2
   -0.14285714285714    0.00000000000000    0.33333333333333             2
    0.00000000000000    0.25000000000000    0.33333333333333             2
    0.14285714285714    0.25000000000000    0.33333333333333             2
    0.28571428571429    0.25000000000000    0.33333333333333             2
    0.42857142857143    0.25000000000000    0.33333333333333             2
   -0.42857142857143    0.25000000000000    0.33333333333333             2
   -0.28571428571429    0.25000000000000    0.33333333333333             2
   -0.14285714285714    0.25000000000000    0.33333333333333             2
    0.00000000000000    0.50000000000000    0.33333333333333             2
    0.14285714285714    0.50000000000000    0.33333333333333             2
    0.28571428571429    0.50000000000000    0.33333333333333             2
    0.42857142857143    0.50000000000000    0.33333333333333             2
   -0.42857142857143    0.50000000000000    0.33333333333333             2
   -0.28571428571429    0.50000000000000    0.33333333333333             2
   -0.14285714285714    0.50000000000000    0.33333333333333             2
    0.00000000000000   -0.25000000000000    0.33333333333333             2
    0.14285714285714   -0.25000000000000    0.33333333333333             2
    0.28571428571429   -0.25000000000000    0.33333333333333             2
    0.42857142857143   -0.25000000000000    0.33333333333333             2
   -0.42857142857143   -0.25000000000000    0.33333333333333             2
   -0.28571428571429   -0.25000000000000    0.33333333333333             2
   -0.14285714285714   -0.25000000000000    0.33333333333333             2
Tetrahedra
       250    0.00198412698413
         2         1         5         6        24
         2         1         2         6        24
         2         1         2        17        24
         2         1         5        23        24
         2         1        16        23        24
         2         1        16        17        24
         2         2         6         7        25
         2         2         3         7        25
         2         2         3        18        25
         2         2         6        24        25
         2         2        17        24        25
         2         2        17        18        25
         2         3         7         8        26
         2         3         4         8        26
         2         3         4        19        26
         2         3         7        25        26
         2         3        18        25        26
         2         3        18        19        26
         2         4         8         9        27
         2         4         4         9        27
         2         4         4        20        27
         2         4         8        26        27
         2         4        19        26        27
         2         4        19        20        27
         2         4         9        10        28
         2         3         4        10        28
         2         3         4        21        28
         2         4         9        27        28
         2         4        20        27        28
         2         4        20        21        28
         2         3        10        11        29
         2         2         3        11        29
         2         2         3        22        29
         2         3        10        28        29
         2         3        21        28        29
         2         3        21        22        29
         2         2         5        11        23
         2         1         2         5        23
         2         1         2        16        23
         2         2        11        23        29
         2         2        22        23        29
         2         2        16        22        23
         2         5        12        13        31
         2         5         6        13        31
         2         5         6        24        31
         2         5        12        30        31
         2         5        23        30        31
         2         5        23        24        31
         2         6        13        14        32
         2         6         7        14        32
         2         6         7        25        32
         2         6        13        31        32
         2         6        24        31        32
         2         6        24        25        32
         2         7        14        15        33
         2         7         8        15        33
         2         7         8        26        33
         2         7        14        32        33
         2         7        25        32        33
         2         7        25        26        33
         2         8        15        15        34
         2         8         9        15        34
         2         8         9        27        34
         2         8        15        33        34
         2         8        26        33        34
         2         8        26        27        34
         2         9        14        15        35
         2         9        10        14        35
         2         9        10        28        35
         2         9        15        34        35
         2         9        27        34        35
         2         9        27        28        35
         2        10        13        14        36
         2        10        11        13        36
         2        10        11        29        36
         2        10        14        35        36
         2        10        28        35        36
         2        10        28        29        36
         2        11        12        13        30
         2         5        11        12        30
         2         5        11        23        30
         2        11        13        30        36
         2        11        29        30        36
         2        11        23        29        30
         2         5        11        12        38
         2        11        12        13        38
         2        12        13        31        38
         2         5        12        37        38
         2        12        30        37        38
         2        12        30        31        38
         2        10        11        13        39
         2        10        13        14        39
         2        13        14        32        39
         2        11        13        38        39
         2        13        31        38        39
         2        13        31        32        39
         2         9        10        14        40
         2         9        14        15        40
         2        14        15        33        40
         2        10        14        39        40
         2        14        32        39        40
         2        14        32        33        40
         2         8         9        15        41
         2         8        15        15        41
         2        15        15        34        41
         2         9        15        40        41
         2        15        33        40        41
         2        15        33        34        41
         2         7         8        15        42
         2         7        14        15        42
         2        14        15        35        42
         2         8        15        41        42
         2        15        34        41        42
         2        15        34        35        42
         2         6         7        14        43
         2         6        13        14        43
         2        13        14        36        43
         2         7        14        42        43
         2        14        35        42        43
         2        14        35        36        43
         2         5         6        13        37
         2         5        12        13        37
         2        12        13        30        37
         2         6        13        37        43
         2        13        36        37        43
         2        13        30        36        37
         2         1         2         5        17
         2         2         5        11        17
         2         5        11        17        38
         2         1         5        16        17
         2         5        16        17        37
         2         5        17        37        38
         2         2         3        11        18
         2         3        10        11        18
         2        10        11        18        39
         2         2        11        17        18
         2        11        17        18        38
         2        11        18        38        39
         2         3         4        10        19
         2         4         9        10        19
         2         9        10        19        40
         2         3        10        18        19
         2        10        18        19        39
         2        10        19        39        40
         2         4         4         9        20
         2         4         8         9        20
         2         8         9        20        41
         2         4         9        19        20
         2         9        19        20        40
         2         9        20        40        41
         2         3         4         8        21
         2         3         7         8        21
         2         7         8        21        42
         2         4         8        20        21
         2         8        20        21        41
         2         8        21        41        42
         2         2         3         7        22
         2         2         6         7        22
         2         6         7        22        43
         2         3         7        21        22
         2         7        21        22        42
         2         7        22        42        43
         2         1         2         6        16
         2         1         5         6        16
         2         5         6        16        37
         2         2         6        16        22
         2         6        16        22        43
         2         6        16        37        43
         2        16        23        24        43
         2        16        17        24        43
         2        16        17        22        43
         2        16        23        37        43
         2        16        16        37        43
         2        16        16        22        43
         2        17        24        25        42
         2        17        18        25        42
         2        17        18        21        42
         2        17        24        42        43
         2        17        22        42        43
         2        17        21        22        42
         2        18        25        26        41
         2        18        19        26        41
         2        18        19        20        41
         2        18        25        41        42
         2        18        21        41        42
         2        18        20        21        41
         2        19        26        27        40
         2        19        20        27        40
         4        19        19        20        40
         2        19        26        40        41
         2        19        20        40        41
         2        20        27        28        39
         2        20        21        28        39
         2        18        20        21        39
         2        20        27        39        40
         2        19        20        39        40
         2        18        19        20        39
         2        21        28        29        38
         2        21        22        29        38
         2        17        21        22        38
         2        21        28        38        39
         2        18        21        38        39
         2        17        18        21        38
         2        22        23        29        37
         2        16        22        23        37
         2        16        16        22        37
         2        22        29        37        38
         2        17        22        37        38
         2        16        17        22        37
         2        23        30        31        36
         2        23        24        31        36
         2        23        24        36        43
         2        23        30        30        36
         2        23        30        36        37
         2        23        36        37        43
         2        24        31        32        35
         2        24        25        32        35
         2        24        25        35        42
         2        24        31        35        36
         2        24        35        36        43
         2        24        35        42        43
         2        25        32        33        34
         2        25        26        33        34
         2        25        26        34        41
         2        25        32        34        35
         2        25        34        35        42
         2        25        34        41        42
         4        26        33        33        34
         2        26        27        33        34
         2        26        27        33        40
         2        26        33        34        41
         2        26        33        40        41
         2        27        32        34        35
         2        27        28        32        35
         2        27        28        32        39
         2        27        32        33        34
         2        27        32        33        40
         2        27        32        39        40
         2        28        31        35        36
         2        28        29        31        36
         2        28        29        31        38
         2        28        31        32        35
         2        28        31        32        39
         2        28        31        38        39
         2        29        30        30        36
         2        23        29        30        30
         2        23        29        30        37
         2        29        30        31        36
         2        29        30        31        38
         2        29        30        37        38
