Automatically generated mesh
     319
Reciprocal lattice
    0.00000000000000    0.00000000000000    0.00000000000000             1
    0.07692307692308    0.00000000000000    0.00000000000000             2
    0.15384615384615    0.00000000000000    0.00000000000000             2
    0.23076923076923    0.00000000000000    0.00000000000000             2
    0.30769230769231    0.00000000000000    0.00000000000000             2
    0.38461538461539    0.00000000000000    0.00000000000000             2
    0.46153846153846    0.00000000000000    0.00000000000000             2
    0.00000000000000    0.14285714285714    0.00000000000000             2
    0.07692307692308    0.14285714285714    0.00000000000000             2
    0.15384615384615    0.14285714285714    0.00000000000000             2
    0.23076923076923    0.14285714285714    0.00000000000000             2
    0.30769230769231    0.14285714285714    0.00000000000000             2
    0.38461538461539    0.14285714285714    0.00000000000000             2
    0.46153846153846    0.14285714285714    0.00000000000000             2
   -0.46153846153846    0.14285714285714    0.00000000000000             2
   -0.38461538461538    0.14285714285714    0.00000000000000             2
   -0.30769230769231    0.14285714285714    0.00000000000000             2
   -0.23076923076923    0.14285714285714    0.00000000000000             2
   -0.15384615384615    0.14285714285714    0.00000000000000             2
   -0.07692307692308    0.14285714285714    0.00000000000000             2
    0.00000000000000    0.28571428571429    0.00000000000000             2
    0.07692307692308    0.28571428571429    0.00000000000000             2
    0.15384615384615    0.28571428571429    0.00000000000000             2
    0.23076923076923    0.28571428571429    0.00000000000000             2
    0.30769230769231    0.28571428571429    0.00000000000000             2
    0.38461538461539    0.28571428571429    0.00000000000000             2
    0.46153846153846    0.28571428571429    0.00000000000000             2
   -0.46153846153846    0.28571428571429    0.00000000000000             2
   -0.38461538461538    0.28571428571429    0.00000000000000             2
   -0.30769230769231    0.28571428571429    0.00000000000000             2
   -0.23076923076923    0.28571428571429    0.00000000000000             2
   -0.15384615384615    0.28571428571429    0.00000000000000             2
   -0.07692307692308    0.28571428571429    0.00000000000000             2
    0.00000000000000    0.42857142857143    0.00000000000000             2
    0.07692307692308    0.42857142857143    0.00000000000000             2
    0.15384615384615    0.42857142857143    0.00000000000000             2
    0.23076923076923    0.42857142857143    0.00000000000000             2
    0.30769230769231    0.42857142857143    0.00000000000000             2
    0.38461538461539    0.42857142857143    0.00000000000000             2
    0.46153846153846    0.42857142857143    0.00000000000000             2
   -0.46153846153846    0.42857142857143    0.00000000000000             2
   -0.38461538461538    0.42857142857143    0.00000000000000             2
   -0.30769230769231    0.42857142857143    0.00000000000000             2
   -0.23076923076923    0.42857142857143    0.00000000000000             2
   -0.15384615384615    0.42857142857143    0.00000000000000             2
   -0.07692307692308    0.42857142857143    0.00000000000000             2
    0.00000000000000    0.00000000000000    0.14285714285714             2
    0.07692307692308    0.00000000000000    0.14285714285714             2
    0.15384615384615    0.00000000000000    0.14285714285714             2
    0.23076923076923    0.00000000000000    0.14285714285714             2
    0.30769230769231    0.00000000000000    0.14285714285714             2
    0.38461538461539    0.00000000000000    0.14285714285714             2
    0.46153846153846    0.00000000000000    0.14285714285714             2
   -0.46153846153846    0.00000000000000    0.14285714285714             2
   -0.38461538461538    0.00000000000000    0.14285714285714             2
   -0.30769230769231    0.00000000000000    0.14285714285714             2
   -0.23076923076923    0.00000000000000    0.14285714285714             2
   -0.15384615384615    0.00000000000000    0.14285714285714             2
   -0.07692307692308    0.00000000000000    0.14285714285714             2
    0.00000000000000    0.14285714285714    0.14285714285714             2
    0.07692307692308    0.14285714285714    0.14285714285714             2
    0.15384615384615    0.14285714285714    0.14285714285714             2
    0.23076923076923    0.14285714285714    0.14285714285714             2
    0.30769230769231    0.14285714285714    0.14285714285714             2
    0.38461538461539    0.14285714285714    0.14285714285714             2
    0.46153846153846    0.14285714285714    0.14285714285714             2
   -0.46153846153846    0.14285714285714    0.14285714285714             2
   -0.38461538461538    0.14285714285714    0.14285714285714             2
   -0.30769230769231    0.14285714285714    0.14285714285714             2
   -0.23076923076923    0.14285714285714    0.14285714285714             2
   -0.15384615384615    0.14285714285714    0.14285714285714             2
   -0.07692307692308    0.14285714285714    0.14285714285714             2
    0.00000000000000    0.28571428571429    0.14285714285714             2
    0.07692307692308    0.28571428571429    0.14285714285714             2
    0.15384615384615    0.28571428571429    0.14285714285714             2
    0.23076923076923    0.28571428571429    0.14285714285714             2
    0.30769230769231    0.28571428571429    0.14285714285714             2
    0.38461538461539    0.28571428571429    0.14285714285714             2
    0.46153846153846    0.28571428571429    0.14285714285714             2
   -0.46153846153846    0.28571428571429    0.14285714285714             2
   -0.38461538461538    0.28571428571429    0.14285714285714             2
   -0.30769230769231    0.28571428571429    0.14285714285714             2
   -0.23076923076923    0.28571428571429    0.14285714285714             2
   -0.15384615384615    0.28571428571429    0.14285714285714             2
   -0.07692307692308    0.28571428571429    0.14285714285714             2
    0.00000000000000    0.42857142857143    0.14285714285714             2
    0.07692307692308    0.42857142857143    0.14285714285714             2
    0.15384615384615    0.42857142857143    0.14285714285714             2
    0.23076923076923    0.42857142857143    0.14285714285714             2
    0.30769230769231    0.42857142857143    0.14285714285714             2
    0.38461538461539    0.42857142857143    0.14285714285714             2
    0.46153846153846    0.42857142857143    0.14285714285714             2
   -0.46153846153846    0.42857142857143    0.14285714285714             2
   -0.38461538461538    0.42857142857143    0.14285714285714             2
   -0.30769230769231    0.42857142857143    0.14285714285714             2
   -0.23076923076923    0.42857142857143    0.14285714285714             2
   -0.15384615384615    0.42857142857143    0.14285714285714             2
   -0.07692307692308    0.42857142857143    0.14285714285714             2
    0.00000000000000   -0.42857142857143    0.14285714285714             2
    0.07692307692308   -0.42857142857143    0.14285714285714             2
    0.15384615384615   -0.42857142857143    0.14285714285714             2
    0.23076923076923   -0.42857142857143    0.14285714285714             2
    0.30769230769231   -0.42857142857143    0.14285714285714             2
    0.38461538461539   -0.42857142857143    0.14285714285714             2
    0.46153846153846   -0.42857142857143    0.14285714285714             2
   -0.46153846153846   -0.42857142857143    0.14285714285714             2
   -0.38461538461538   -0.42857142857143    0.14285714285714             2
   -0.30769230769231   -0.42857142857143    0.14285714285714             2
   -0.23076923076923   -0.42857142857143    0.14285714285714             2
   -0.15384615384615   -0.42857142857143    0.14285714285714             2
   -0.07692307692308   -0.42857142857143    0.14285714285714             2
    0.00000000000000   -0.28571428571429    0.14285714285714             2
    0.07692307692308   -0.28571428571429    0.14285714285714             2
    0.15384615384615   -0.28571428571429    0.14285714285714             2
    0.23076923076923   -0.28571428571429    0.14285714285714             2
    0.30769230769231   -0.28571428571429    0.14285714285714             2
    0.38461538461539   -0.28571428571429    0.14285714285714             2
    0.46153846153846   -0.28571428571429    0.14285714285714             2
   -0.46153846153846   -0.28571428571429    0.14285714285714             2
   -0.38461538461538   -0.28571428571429    0.14285714285714             2
   -0.30769230769231   -0.28571428571429    0.14285714285714             2
   -0.23076923076923   -0.28571428571429    0.14285714285714             2
   -0.15384615384615   -0.28571428571429    0.14285714285714             2
   -0.07692307692308   -0.28571428571429    0.14285714285714             2
    0.00000000000000   -0.14285714285714    0.14285714285714             2
    0.07692307692308   -0.14285714285714    0.14285714285714             2
    0.15384615384615   -0.14285714285714    0.14285714285714             2
    0.23076923076923   -0.14285714285714    0.14285714285714             2
    0.30769230769231   -0.14285714285714    0.14285714285714             2
    0.38461538461539   -0.14285714285714    0.14285714285714             2
    0.46153846153846   -0.14285714285714    0.14285714285714             2
   -0.46153846153846   -0.14285714285714    0.14285714285714             2
   -0.38461538461538   -0.14285714285714    0.14285714285714             2
   -0.30769230769231   -0.14285714285714    0.14285714285714             2
   -0.23076923076923   -0.14285714285714    0.14285714285714             2
   -0.15384615384615   -0.14285714285714    0.14285714285714             2
   -0.07692307692308   -0.14285714285714    0.14285714285714             2
    0.00000000000000    0.00000000000000    0.28571428571429             2
    0.07692307692308    0.00000000000000    0.28571428571429             2
    0.15384615384615    0.00000000000000    0.28571428571429             2
    0.23076923076923    0.00000000000000    0.28571428571429             2
    0.30769230769231    0.00000000000000    0.28571428571429             2
    0.38461538461539    0.00000000000000    0.28571428571429             2
    0.46153846153846    0.00000000000000    0.28571428571429             2
   -0.46153846153846    0.00000000000000    0.28571428571429             2
   -0.38461538461538    0.00000000000000    0.28571428571429             2
   -0.30769230769231    0.00000000000000    0.28571428571429             2
   -0.23076923076923    0.00000000000000    0.28571428571429             2
   -0.15384615384615    0.00000000000000    0.28571428571429             2
   -0.07692307692308    0.00000000000000    0.28571428571429             2
    0.00000000000000    0.14285714285714    0.28571428571429             2
    0.07692307692308    0.14285714285714    0.28571428571429             2
    0.15384615384615    0.14285714285714    0.28571428571429             2
    0.23076923076923    0.14285714285714    0.28571428571429             2
    0.30769230769231    0.14285714285714    0.28571428571429             2
    0.38461538461539    0.14285714285714    0.28571428571429             2
    0.46153846153846    0.14285714285714    0.28571428571429             2
   -0.46153846153846    0.14285714285714    0.28571428571429             2
   -0.38461538461538    0.14285714285714    0.28571428571429             2
   -0.30769230769231    0.14285714285714    0.28571428571429             2
   -0.23076923076923    0.14285714285714    0.28571428571429             2
   -0.15384615384615    0.14285714285714    0.28571428571429             2
   -0.07692307692308    0.14285714285714    0.28571428571429             2
    0.00000000000000    0.28571428571429    0.28571428571429             2
    0.07692307692308    0.28571428571429    0.28571428571429             2
    0.15384615384615    0.28571428571429    0.28571428571429             2
    0.23076923076923    0.28571428571429    0.28571428571429             2
    0.30769230769231    0.28571428571429    0.28571428571429             2
    0.38461538461539    0.28571428571429    0.28571428571429             2
    0.46153846153846    0.28571428571429    0.28571428571429             2
   -0.46153846153846    0.28571428571429    0.28571428571429             2
   -0.38461538461538    0.28571428571429    0.28571428571429             2
   -0.30769230769231    0.28571428571429    0.28571428571429             2
   -0.23076923076923    0.28571428571429    0.28571428571429             2
   -0.15384615384615    0.28571428571429    0.28571428571429             2
   -0.07692307692308    0.28571428571429    0.28571428571429             2
    0.00000000000000    0.42857142857143    0.28571428571429             2
    0.07692307692308    0.42857142857143    0.28571428571429             2
    0.15384615384615    0.42857142857143    0.28571428571429             2
    0.23076923076923    0.42857142857143    0.28571428571429             2
    0.30769230769231    0.42857142857143    0.28571428571429             2
    0.38461538461539    0.42857142857143    0.28571428571429             2
    0.46153846153846    0.42857142857143    0.28571428571429             2
   -0.46153846153846    0.42857142857143    0.28571428571429             2
   -0.38461538461538    0.42857142857143    0.28571428571429             2
   -0.30769230769231    0.42857142857143    0.28571428571429             2
   -0.23076923076923    0.42857142857143    0.28571428571429             2
   -0.15384615384615    0.42857142857143    0.28571428571429             2
   -0.07692307692308    0.42857142857143    0.28571428571429             2
    0.00000000000000   -0.42857142857143    0.28571428571429             2
    0.07692307692308   -0.42857142857143    0.28571428571429             2
    0.15384615384615   -0.42857142857143    0.28571428571429             2
    0.23076923076923   -0.42857142857143    0.28571428571429             2
    0.30769230769231   -0.42857142857143    0.28571428571429             2
    0.38461538461539   -0.42857142857143    0.28571428571429             2
    0.46153846153846   -0.42857142857143    0.28571428571429             2
   -0.46153846153846   -0.42857142857143    0.28571428571429             2
   -0.38461538461538   -0.42857142857143    0.28571428571429             2
   -0.30769230769231   -0.42857142857143    0.28571428571429             2
   -0.23076923076923   -0.42857142857143    0.28571428571429             2
   -0.15384615384615   -0.42857142857143    0.28571428571429             2
   -0.07692307692308   -0.42857142857143    0.28571428571429             2
    0.00000000000000   -0.28571428571429    0.28571428571429             2
    0.07692307692308   -0.28571428571429    0.28571428571429             2
    0.15384615384615   -0.28571428571429    0.28571428571429             2
    0.23076923076923   -0.28571428571429    0.28571428571429             2
    0.30769230769231   -0.28571428571429    0.28571428571429             2
    0.38461538461539   -0.28571428571429    0.28571428571429             2
    0.46153846153846   -0.28571428571429    0.28571428571429             2
   -0.46153846153846   -0.28571428571429    0.28571428571429             2
   -0.38461538461538   -0.28571428571429    0.28571428571429             2
   -0.30769230769231   -0.28571428571429    0.28571428571429             2
   -0.23076923076923   -0.28571428571429    0.28571428571429             2
   -0.15384615384615   -0.28571428571429    0.28571428571429             2
   -0.07692307692308   -0.28571428571429    0.28571428571429             2
    0.00000000000000   -0.14285714285714    0.28571428571429             2
    0.07692307692308   -0.14285714285714    0.28571428571429             2
    0.15384615384615   -0.14285714285714    0.28571428571429             2
    0.23076923076923   -0.14285714285714    0.28571428571429             2
    0.30769230769231   -0.14285714285714    0.28571428571429             2
    0.38461538461539   -0.14285714285714    0.28571428571429             2
    0.46153846153846   -0.14285714285714    0.28571428571429             2
   -0.46153846153846   -0.14285714285714    0.28571428571429             2
   -0.38461538461538   -0.14285714285714    0.28571428571429             2
   -0.30769230769231   -0.14285714285714    0.28571428571429             2
   -0.23076923076923   -0.14285714285714    0.28571428571429             2
   -0.15384615384615   -0.14285714285714    0.28571428571429             2
   -0.07692307692308   -0.14285714285714    0.28571428571429             2
    0.00000000000000    0.00000000000000    0.42857142857143             2
    0.07692307692308    0.00000000000000    0.42857142857143             2
    0.15384615384615    0.00000000000000    0.42857142857143             2
    0.23076923076923    0.00000000000000    0.42857142857143             2
    0.30769230769231    0.00000000000000    0.42857142857143             2
    0.38461538461539    0.00000000000000    0.42857142857143             2
    0.46153846153846    0.00000000000000    0.42857142857143             2
   -0.46153846153846    0.00000000000000    0.42857142857143             2
   -0.38461538461538    0.00000000000000    0.42857142857143             2
   -0.30769230769231    0.00000000000000    0.42857142857143             2
   -0.23076923076923    0.00000000000000    0.42857142857143             2
   -0.15384615384615    0.00000000000000    0.42857142857143             2
   -0.07692307692308    0.00000000000000    0.42857142857143             2
    0.00000000000000    0.14285714285714    0.42857142857143             2
    0.07692307692308    0.14285714285714    0.42857142857143             2
    0.15384615384615    0.14285714285714    0.42857142857143             2
    0.23076923076923    0.14285714285714    0.42857142857143             2
    0.30769230769231    0.14285714285714    0.42857142857143             2
    0.38461538461539    0.14285714285714    0.42857142857143             2
    0.46153846153846    0.14285714285714    0.42857142857143             2
   -0.46153846153846    0.14285714285714    0.42857142857143             2
   -0.38461538461538    0.14285714285714    0.42857142857143             2
   -0.30769230769231    0.14285714285714    0.42857142857143             2
   -0.23076923076923    0.14285714285714    0.42857142857143             2
   -0.15384615384615    0.14285714285714    0.42857142857143             2
   -0.07692307692308    0.14285714285714    0.42857142857143             2
    0.00000000000000    0.28571428571429    0.42857142857143             2
    0.07692307692308    0.28571428571429    0.42857142857143             2
    0.15384615384615    0.28571428571429    0.42857142857143             2
    0.23076923076923    0.28571428571429    0.42857142857143             2
    0.30769230769231    0.28571428571429    0.42857142857143             2
    0.38461538461539    0.28571428571429    0.42857142857143             2
    0.46153846153846    0.28571428571429    0.42857142857143             2
   -0.46153846153846    0.28571428571429    0.42857142857143             2
   -0.38461538461538    0.28571428571429    0.42857142857143             2
   -0.30769230769231    0.28571428571429    0.42857142857143             2
   -0.23076923076923    0.28571428571429    0.42857142857143             2
   -0.15384615384615    0.28571428571429    0.42857142857143             2
   -0.07692307692308    0.28571428571429    0.42857142857143             2
    0.00000000000000    0.42857142857143    0.42857142857143             2
    0.07692307692308    0.42857142857143    0.42857142857143             2
    0.15384615384615    0.42857142857143    0.42857142857143             2
    0.23076923076923    0.42857142857143    0.42857142857143             2
    0.30769230769231    0.42857142857143    0.42857142857143             2
    0.38461538461539    0.42857142857143    0.42857142857143             2
    0.46153846153846    0.42857142857143    0.42857142857143             2
   -0.46153846153846    0.42857142857143    0.42857142857143             2
   -0.38461538461538    0.42857142857143    0.42857142857143             2
   -0.30769230769231    0.42857142857143    0.42857142857143             2
   -0.23076923076923    0.42857142857143    0.42857142857143             2
   -0.15384615384615    0.42857142857143    0.42857142857143             2
   -0.07692307692308    0.42857142857143    0.42857142857143             2
    0.00000000000000   -0.42857142857143    0.42857142857143             2
    0.07692307692308   -0.42857142857143    0.42857142857143             2
    0.15384615384615   -0.42857142857143    0.42857142857143             2
    0.23076923076923   -0.42857142857143    0.42857142857143             2
    0.30769230769231   -0.42857142857143    0.42857142857143             2
    0.38461538461539   -0.42857142857143    0.42857142857143             2
    0.46153846153846   -0.42857142857143    0.42857142857143             2
   -0.46153846153846   -0.42857142857143    0.42857142857143             2
   -0.38461538461538   -0.42857142857143    0.42857142857143             2
   -0.30769230769231   -0.42857142857143    0.42857142857143             2
   -0.23076923076923   -0.42857142857143    0.42857142857143             2
   -0.15384615384615   -0.42857142857143    0.42857142857143             2
   -0.07692307692308   -0.42857142857143    0.42857142857143             2
    0.00000000000000   -0.28571428571429    0.42857142857143             2
    0.07692307692308   -0.28571428571429    0.42857142857143             2
    0.15384615384615   -0.28571428571429    0.42857142857143             2
    0.23076923076923   -0.28571428571429    0.42857142857143             2
    0.30769230769231   -0.28571428571429    0.42857142857143             2
    0.38461538461539   -0.28571428571429    0.42857142857143             2
    0.46153846153846   -0.28571428571429    0.42857142857143             2
   -0.46153846153846   -0.28571428571429    0.42857142857143             2
   -0.38461538461538   -0.28571428571429    0.42857142857143             2
   -0.30769230769231   -0.28571428571429    0.42857142857143             2
   -0.23076923076923   -0.28571428571429    0.42857142857143             2
   -0.15384615384615   -0.28571428571429    0.42857142857143             2
   -0.07692307692308   -0.28571428571429    0.42857142857143             2
    0.00000000000000   -0.14285714285714    0.42857142857143             2
    0.07692307692308   -0.14285714285714    0.42857142857143             2
    0.15384615384615   -0.14285714285714    0.42857142857143             2
    0.23076923076923   -0.14285714285714    0.42857142857143             2
    0.30769230769231   -0.14285714285714    0.42857142857143             2
    0.38461538461539   -0.14285714285714    0.42857142857143             2
    0.46153846153846   -0.14285714285714    0.42857142857143             2
   -0.46153846153846   -0.14285714285714    0.42857142857143             2
   -0.38461538461538   -0.14285714285714    0.42857142857143             2
   -0.30769230769231   -0.14285714285714    0.42857142857143             2
   -0.23076923076923   -0.14285714285714    0.42857142857143             2
   -0.15384615384615   -0.14285714285714    0.42857142857143             2
   -0.07692307692308   -0.14285714285714    0.42857142857143             2
