Automatically generated mesh
      48
Reciprocal lattice
    0.12500000000000    0.08333333333333    0.12500000000000             2
    0.37500000000000    0.08333333333333    0.12500000000000             2
   -0.37500000000000    0.08333333333333    0.12500000000000             2
   -0.12500000000000    0.08333333333333    0.12500000000000             2
    0.12500000000000    0.25000000000000    0.12500000000000             2
    0.37500000000000    0.25000000000000    0.12500000000000             2
   -0.37500000000000    0.25000000000000    0.12500000000000             2
   -0.12500000000000    0.25000000000000    0.12500000000000             2
    0.12500000000000    0.41666666666667    0.12500000000000             2
    0.37500000000000    0.41666666666667    0.12500000000000             2
   -0.37500000000000    0.41666666666667    0.12500000000000             2
   -0.12500000000000    0.41666666666667    0.12500000000000             2
    0.12500000000000   -0.41666666666667    0.12500000000000             2
    0.37500000000000   -0.41666666666667    0.12500000000000             2
   -0.37500000000000   -0.41666666666667    0.12500000000000             2
   -0.12500000000000   -0.41666666666667    0.12500000000000             2
    0.12500000000000   -0.25000000000000    0.12500000000000             2
    0.37500000000000   -0.25000000000000    0.12500000000000             2
   -0.37500000000000   -0.25000000000000    0.12500000000000             2
   -0.12500000000000   -0.25000000000000    0.12500000000000             2
    0.12500000000000   -0.08333333333333    0.12500000000000             2
    0.37500000000000   -0.08333333333333    0.12500000000000             2
   -0.37500000000000   -0.08333333333333    0.12500000000000             2
   -0.12500000000000   -0.08333333333333    0.12500000000000             2
    0.12500000000000    0.08333333333333    0.37500000000000             2
    0.37500000000000    0.08333333333333    0.37500000000000             2
   -0.37500000000000    0.08333333333333    0.37500000000000             2
   -0.12500000000000    0.08333333333333    0.37500000000000             2
    0.12500000000000    0.25000000000000    0.37500000000000             2
    0.37500000000000    0.25000000000000    0.37500000000000             2
   -0.37500000000000    0.25000000000000    0.37500000000000             2
   -0.12500000000000    0.25000000000000    0.37500000000000             2
    0.12500000000000    0.41666666666667    0.37500000000000             2
    0.37500000000000    0.41666666666667    0.37500000000000             2
   -0.37500000000000    0.41666666666667    0.37500000000000             2
   -0.12500000000000    0.41666666666667    0.37500000000000             2
    0.12500000000000   -0.41666666666667    0.37500000000000             2
    0.37500000000000   -0.41666666666667    0.37500000000000             2
   -0.37500000000000   -0.41666666666667    0.37500000000000             2
   -0.12500000000000   -0.41666666666667    0.37500000000000             2
    0.12500000000000   -0.25000000000000    0.37500000000000             2
    0.37500000000000   -0.25000000000000    0.37500000000000             2
   -0.37500000000000   -0.25000000000000    0.37500000000000             2
   -0.12500000000000   -0.25000000000000    0.37500000000000             2
    0.12500000000000   -0.08333333333333    0.37500000000000             2
    0.37500000000000   -0.08333333333333    0.37500000000000             2
   -0.37500000000000   -0.08333333333333    0.37500000000000             2
   -0.12500000000000   -0.08333333333333    0.37500000000000             2
Tetrahedra
       288    0.00173611111111
         2         1         5         6        30
         2         1         2         6        30
         2         1         2        26        30
         2         1         5        29        30
         2         1        25        29        30
         2         1        25        26        30
         2         2         6         7        31
         2         2         3         7        31
         2         2         3        27        31
         2         2         6        30        31
         2         2        26        30        31
         2         2        26        27        31
         2         3         7         8        32
         2         3         4         8        32
         2         3         4        28        32
         2         3         7        31        32
         2         3        27        31        32
         2         3        27        28        32
         2         4         5         8        29
         2         1         4         5        29
         2         1         4        25        29
         2         4         8        29        32
         2         4        28        29        32
         2         4        25        28        29
         2         5         9        10        34
         2         5         6        10        34
         2         5         6        30        34
         2         5         9        33        34
         2         5        29        33        34
         2         5        29        30        34
         2         6        10        11        35
         2         6         7        11        35
         2         6         7        31        35
         2         6        10        34        35
         2         6        30        34        35
         2         6        30        31        35
         2         7        11        12        36
         2         7         8        12        36
         2         7         8        32        36
         2         7        11        35        36
         2         7        31        35        36
         2         7        31        32        36
         2         8         9        12        33
         2         5         8         9        33
         2         5         8        29        33
         2         8        12        33        36
         2         8        32        33        36
         2         8        29        32        33
         2         9        13        14        38
         2         9        10        14        38
         2         9        10        34        38
         2         9        13        37        38
         2         9        33        37        38
         2         9        33        34        38
         2        10        14        15        39
         2        10        11        15        39
         2        10        11        35        39
         2        10        14        38        39
         2        10        34        38        39
         2        10        34        35        39
         2        11        15        16        40
         2        11        12        16        40
         2        11        12        36        40
         2        11        15        39        40
         2        11        35        39        40
         2        11        35        36        40
         2        12        13        16        37
         2         9        12        13        37
         2         9        12        33        37
         2        12        16        37        40
         2        12        36        37        40
         2        12        33        36        37
         2        13        17        18        42
         2        13        14        18        42
         2        13        14        38        42
         2        13        17        41        42
         2        13        37        41        42
         2        13        37        38        42
         2        14        18        19        43
         2        14        15        19        43
         2        14        15        39        43
         2        14        18        42        43
         2        14        38        42        43
         2        14        38        39        43
         2        15        19        20        44
         2        15        16        20        44
         2        15        16        40        44
         2        15        19        43        44
         2        15        39        43        44
         2        15        39        40        44
         2        16        17        20        41
         2        13        16        17        41
         2        13        16        37        41
         2        16        20        41        44
         2        16        40        41        44
         2        16        37        40        41
         2        17        21        22        46
         2        17        18        22        46
         2        17        18        42        46
         2        17        21        45        46
         2        17        41        45        46
         2        17        41        42        46
         2        18        22        23        47
         2        18        19        23        47
         2        18        19        43        47
         2        18        22        46        47
         2        18        42        46        47
         2        18        42        43        47
         2        19        23        24        48
         2        19        20        24        48
         2        19        20        44        48
         2        19        23        47        48
         2        19        43        47        48
         2        19        43        44        48
         2        20        21        24        45
         2        17        20        21        45
         2        17        20        41        45
         2        20        24        45        48
         2        20        44        45        48
         2        20        41        44        45
         2         1         2        21        26
         2         2        21        22        26
         2        21        22        26        46
         2         1        21        25        26
         2        21        25        26        45
         2        21        26        45        46
         2         2         3        22        27
         2         3        22        23        27
         2        22        23        27        47
         2         2        22        26        27
         2        22        26        27        46
         2        22        27        46        47
         2         3         4        23        28
         2         4        23        24        28
         2        23        24        28        48
         2         3        23        27        28
         2        23        27        28        47
         2        23        28        47        48
         2         1         4        24        25
         2         1        21        24        25
         2        21        24        25        45
         2         4        24        25        28
         2        24        25        28        48
         2        24        25        45        48
         2        25        29        30        43
         2        25        26        30        43
         2        25        26        43        47
         2        25        29        43        44
         2        25        43        44        48
         2        25        43        47        48
         2        26        30        31        42
         2        26        27        31        42
         2        26        27        42        46
         2        26        30        42        43
         2        26        42        43        47
         2        26        42        46        47
         2        27        31        32        41
         2        27        28        32        41
         2        27        28        41        45
         2        27        31        41        42
         2        27        41        42        46
         2        27        41        45        46
         2        28        29        32        44
         2        25        28        29        44
         2        25        28        44        48
         2        28        32        41        44
         2        28        41        44        45
         2        28        44        45        48
         2        29        33        34        39
         2        29        30        34        39
         2        29        30        39        43
         2        29        33        39        40
         2        29        39        40        44
         2        29        39        43        44
         2        30        34        35        38
         2        30        31        35        38
         2        30        31        38        42
         2        30        34        38        39
         2        30        38        39        43
         2        30        38        42        43
         2        31        35        36        37
         2        31        32        36        37
         2        31        32        37        41
         2        31        35        37        38
         2        31        37        38        42
         2        31        37        41        42
         2        32        33        36        40
         2        29        32        33        40
         2        29        32        40        44
         2        32        36        37        40
         2        32        37        40        41
         2        32        40        41        44
         2        33        35        37        38
         2        33        34        35        38
         2        33        34        35        39
         2        33        35        36        37
         2        33        35        36        40
         2        33        35        39        40
         2        34        34        38        39
         2        34        34        35        39
         2        34        34        35        38
         2        36        36        37        40
         2        33        36        36        37
         2        33        36        36        40
         2        25        26        45        47
         2        26        45        46        47
         2        27        45        46        47
         2        25        45        47        48
         2        28        45        47        48
         2        27        28        45        47
         2        26        27        46        46
         2        27        46        46        47
         2        26        46        46        47
         2        25        28        48        48
         2        25        45        48        48
         2        28        45        48        48
         2         6        19        20        24
         2         6        19        23        24
         2         2         6        23        24
         2         5         6        20        24
         2         1         5         6        24
         2         1         2         6        24
         2         7        18        19        23
         2         7        18        22        23
         2         3         7        22        23
         2         6         7        19        23
         2         2         6         7        23
         2         2         3         7        23
         2         8        17        18        22
         2         8        17        21        22
         2         4         8        21        22
         2         7         8        18        22
         2         3         7         8        22
         2         3         4         8        22
         2         5        17        20        21
         2         5        20        21        24
         2         1         5        21        24
         2         5         8        17        21
         2         4         5         8        21
         2         1         4         5        21
         2        10        15        16        20
         2        10        15        19        20
         2         6        10        19        20
         2         9        10        16        20
         2         5         9        10        20
         2         5         6        10        20
         2        11        14        15        19
         2        11        14        18        19
         2         7        11        18        19
         2        10        11        15        19
         2         6        10        11        19
         2         6         7        11        19
         2        12        13        14        18
         2        12        13        17        18
         2         8        12        17        18
         2        11        12        14        18
         2         7        11        12        18
         2         7         8        12        18
         2         9        13        16        17
         2         9        16        17        20
         2         5         9        17        20
         2         9        12        13        17
         2         8         9        12        17
         2         5         8         9        17
         2        11        12        14        16
         2        11        14        15        16
         2        10        14        15        16
         2        12        13        14        16
         2         9        13        14        16
         2         9        10        14        16
         2        10        11        15        15
         2        10        14        15        15
         2        11        14        15        15
         2         9        12        13        13
         2        12        13        13        16
         2         9        13        13        16
         2         2         4        23        24
         2         2         3         4        23
         2         2         3         4        22
         2         1         2         4        24
         2         1         2         4        21
         2         2         4        21        22
         2         3         3        22        23
         2         2         3         3        22
         2         2         3         3        23
         2         1         1        21        24
         2         1         1         4        24
         2         1         1         4        21
