Automatically generated mesh
      31
Reciprocal lattice
    0.00000000000000    0.00000000000000    0.00000000000000             1
    0.25000000000000    0.00000000000000    0.00000000000000             2
    0.50000000000000    0.00000000000000    0.00000000000000             1
    0.00000000000000    0.20000000000000    0.00000000000000             2
    0.25000000000000    0.20000000000000    0.00000000000000             2
    0.50000000000000    0.20000000000000    0.00000000000000             2
   -0.25000000000000    0.20000000000000    0.00000000000000             2
    0.00000000000000    0.40000000000000    0.00000000000000             2
    0.25000000000000    0.40000000000000    0.00000000000000             2
    0.50000000000000    0.40000000000000    0.00000000000000             2
   -0.25000000000000    0.40000000000000    0.00000000000000             2
    0.00000000000000    0.00000000000000    0.33333333333333             2
    0.25000000000000    0.00000000000000    0.33333333333333             2
    0.50000000000000    0.00000000000000    0.33333333333333             2
   -0.25000000000000    0.00000000000000    0.33333333333333             2
    0.00000000000000    0.20000000000000    0.33333333333333             2
    0.25000000000000    0.20000000000000    0.33333333333333             2
    0.50000000000000    0.20000000000000    0.33333333333333             2
   -0.25000000000000    0.20000000000000    0.33333333333333             2
    0.00000000000000    0.40000000000000    0.33333333333333             2
    0.25000000000000    0.40000000000000    0.33333333333333             2
    0.50000000000000    0.40000000000000    0.33333333333333             2
   -0.25000000000000    0.40000000000000    0.33333333333333             2
    0.00000000000000   -0.40000000000000    0.33333333333333             2
    0.25000000000000   -0.40000000000000    0.33333333333333             2
    0.50000000000000   -0.40000000000000    0.33333333333333             2
   -0.25000000000000   -0.40000000000000    0.33333333333333             2
    0.00000000000000   -0.20000000000000    0.33333333333333             2
    0.25000000000000   -0.20000000000000    0.33333333333333             2
    0.50000000000000   -0.20000000000000    0.33333333333333             2
   -0.25000000000000   -0.20000000000000    0.33333333333333             2
Tetrahedra
       178    0.00277777777778
         2         1         2         5        12
         2         1         4         5        12
         2         4         5        12        16
         2         2         5        12        13
         2         5        12        13        17
         2         5        12        16        17
         2         2         3         6        13
         2         2         5         6        13
         2         5         6        13        17
         2         3         6        13        14
         2         6        13        14        18
         2         6        13        17        18
         2         2         3         7        14
         2         3         6         7        14
         2         6         7        14        18
         2         2         7        14        15
         2         7        14        15        19
         2         7        14        18        19
         2         1         2         4        15
         2         2         4         7        15
         2         4         7        15        19
         2         1         4        12        15
         2         4        12        15        16
         2         4        15        16        19
         2         4         5         9        16
         2         4         8         9        16
         2         8         9        16        20
         2         5         9        16        17
         2         9        16        17        21
         2         9        16        20        21
         2         5         6        10        17
         2         5         9        10        17
         2         9        10        17        21
         2         6        10        17        18
         2        10        17        18        22
         2        10        17        21        22
         2         6         7        11        18
         2         6        10        11        18
         2        10        11        18        22
         2         7        11        18        19
         2        11        18        19        23
         2        11        18        22        23
         2         4         7         8        19
         2         7         8        11        19
         2         8        11        19        23
         2         4         8        16        19
         2         8        16        19        20
         2         8        19        20        23
         2         8         9        11        20
         2         8         8        11        20
         2         8        11        20        24
         2         9        11        20        21
         2        11        20        21        25
         2        11        20        24        25
         2         9        10        10        21
         2         9        10        11        21
         2        10        11        21        25
         2        10        10        21        22
         2        10        21        22        26
         2        10        21        25        26
         2         9        10        11        22
         2         9        10        10        22
         2         9        10        22        26
         2         9        11        22        23
         2         9        22        23        27
         2         9        22        26        27
         2         8         8        11        23
         2         8         9        11        23
         2         8         9        23        27
         2         8         8        20        23
         2         8        20        23        24
         2         8        23        24        27
         2         7         8        11        24
         2         4         7         8        24
         2         4         7        24        28
         2         7        11        24        25
         2         7        24        25        29
         2         7        24        28        29
         2         6        10        11        25
         2         6         7        11        25
         2         6         7        25        29
         2         6        10        25        26
         2         6        25        26        30
         2         6        25        29        30
         2         5         9        10        26
         2         5         6        10        26
         2         5         6        26        30
         2         5         9        26        27
         2         5        26        27        31
         2         5        26        30        31
         2         4         8         9        27
         2         4         5         9        27
         2         4         5        27        31
         2         4         8        24        27
         2         4        24        27        28
         2         4        27        28        31
         2         2         4         7        28
         2         1         2         4        28
         2         1         2        12        28
         2         2         7        28        29
         2         2        13        28        29
         2         2        12        13        28
         2         3         6         7        29
         2         2         3         7        29
         2         2         3        13        29
         2         3         6        29        30
         2         3        14        29        30
         2         3        13        14        29
         2         2         5         6        30
         2         2         3         6        30
         2         2         3        14        30
         2         2         5        30        31
         2         2        15        30        31
         2         2        14        15        30
         2         1         4         5        31
         2         1         2         5        31
         2         1         2        15        31
         2         1         4        28        31
         2         1        12        28        31
         2         1        12        15        31
         2        12        12        13        17
         2        12        12        16        17
         2        12        16        17        28
         2        12        13        15        17
         2        12        15        17        31
         2        12        17        28        31
         2        13        14        15        18
         2        13        15        17        18
         2        15        17        18        31
         2        14        14        15        18
         2        14        15        18        30
         2        15        18        30        31
         2        14        14        15        19
         2        14        14        18        19
         2        14        18        19        30
         2        13        14        15        19
         2        13        14        19        29
         2        14        19        29        30
         2        12        13        15        16
         2        13        15        16        19
         2        13        16        19        29
         2        12        12        13        16
         2        12        13        16        28
         2        13        16        28        29
         2        16        17        21        28
         2        16        20        21        28
         2        20        21        24        28
         2        17        21        28        31
         2        21        27        28        31
         2        21        24        27        28
         2        17        18        22        31
         2        17        21        22        31
         2        21        22        27        31
         2        18        22        30        31
         2        22        26        30        31
         2        22        26        27        31
         2        18        19        23        30
         2        18        22        23        30
         2        22        23        26        30
         2        19        23        29        30
         2        23        25        29        30
         2        23        25        26        30
         2        16        19        20        29
         2        19        20        23        29
         2        20        23        25        29
         2        16        20        28        29
         2        20        24        28        29
         2        20        24        25        29
         2        20        21        24        25
         4        20        24        24        25
         2        21        24        25        27
         2        23        24        25        27
         2        20        23        24        25
         2        21        22        26        27
         2        21        25        26        27
         2        23        25        26        27
         4        22        26        26        27
         2        22        23        26        27
