Automatically generated mesh
      62
Reciprocal lattice
    0.00000000000000    0.00000000000000    0.00000000000000             1
    0.16666666666667    0.00000000000000    0.00000000000000             2
    0.33333333333333    0.00000000000000    0.00000000000000             2
    0.50000000000000    0.00000000000000    0.00000000000000             1
    0.00000000000000    0.20000000000000    0.00000000000000             2
    0.16666666666667    0.20000000000000    0.00000000000000             2
    0.33333333333333    0.20000000000000    0.00000000000000             2
    0.50000000000000    0.20000000000000    0.00000000000000             2
   -0.33333333333333    0.20000000000000    0.00000000000000             2
   -0.16666666666667    0.20000000000000    0.00000000000000             2
    0.00000000000000    0.40000000000000    0.00000000000000             2
    0.16666666666667    0.40000000000000    0.00000000000000             2
    0.33333333333333    0.40000000000000    0.00000000000000             2
    0.50000000000000    0.40000000000000   -0.00000000000000             2
   -0.33333333333333    0.40000000000000    0.00000000000000             2
   -0.16666666666667    0.40000000000000    0.00000000000000             2
    0.00000000000000    0.00000000000000    0.25000000000000             2
    0.16666666666667    0.00000000000000    0.25000000000000             2
    0.33333333333333    0.00000000000000    0.25000000000000             2
    0.50000000000000    0.00000000000000    0.25000000000000             2
   -0.33333333333333    0.00000000000000    0.25000000000000             2
   -0.16666666666667    0.00000000000000    0.25000000000000             2
    0.00000000000000    0.20000000000000    0.25000000000000             2
    0.16666666666667    0.20000000000000    0.25000000000000             2
    0.33333333333333    0.20000000000000    0.25000000000000             2
    0.50000000000000    0.20000000000000    0.25000000000000             2
   -0.33333333333333    0.20000000000000    0.25000000000000             2
   -0.16666666666667    0.20000000000000    0.25000000000000             2
    0.00000000000000    0.40000000000000    0.25000000000000             2
    0.16666666666667    0.40000000000000    0.25000000000000             2
    0.33333333333333    0.40000000000000    0.25000000000000             2
    0.50000000000000    0.40000000000000    0.25000000000000             2
   -0.33333333333333    0.40000000000000    0.25000000000000             2
   -0.16666666666667    0.40000000000000    0.25000000000000             2
    0.00000000000000   -0.40000000000000    0.25000000000000             2
    0.16666666666667   -0.40000000000000    0.25000000000000             2
    0.33333333333333   -0.40000000000000    0.25000000000000             2
    0.50000000000000   -0.40000000000000    0.25000000000000             2
   -0.33333333333333   -0.40000000000000    0.25000000000000             2
   -0.16666666666667   -0.40000000000000    0.25000000000000             2
    0.00000000000000   -0.20000000000000    0.25000000000000             2
    0.16666666666667   -0.20000000000000    0.25000000000000             2
    0.33333333333333   -0.20000000000000    0.25000000000000             2
    0.50000000000000   -0.20000000000000    0.25000000000000             2
   -0.33333333333333   -0.20000000000000    0.25000000000000             2
   -0.16666666666667   -0.20000000000000    0.25000000000000             2
    0.00000000000000    0.00000000000000    0.50000000000000             1
    0.16666666666667    0.00000000000000    0.50000000000000             2
    0.33333333333333    0.00000000000000    0.50000000000000             2
    0.50000000000000    0.00000000000000    0.50000000000000             1
    0.00000000000000    0.20000000000000    0.50000000000000             2
    0.16666666666667    0.20000000000000    0.50000000000000             2
    0.33333333333333    0.20000000000000    0.50000000000000             2
    0.50000000000000    0.20000000000000    0.50000000000000             2
   -0.33333333333333    0.20000000000000    0.50000000000000             2
   -0.16666666666667    0.20000000000000    0.50000000000000             2
    0.00000000000000    0.40000000000000    0.50000000000000             2
    0.16666666666667    0.40000000000000    0.50000000000000             2
    0.33333333333333    0.40000000000000    0.50000000000000             2
    0.50000000000000    0.40000000000000    0.50000000000000             2
   -0.33333333333333    0.40000000000000    0.50000000000000             2
   -0.16666666666667    0.40000000000000    0.50000000000000             2
Tetrahedra
       360    0.00138888888889
         2         2         5         6        23
         2         1         2         5        23
         2         1         2        17        23
         2         2         6        23        24
         2         2        18        23        24
         2         2        17        18        23
         2         3         6         7        24
         2         2         3         6        24
         2         2         3        18        24
         2         3         7        24        25
         2         3        19        24        25
         2         3        18        19        24
         2         4         7         8        25
         2         3         4         7        25
         2         3         4        19        25
         2         4         8        25        26
         2         4        20        25        26
         2         4        19        20        25
         2         3         8         9        26
         2         3         4         8        26
         2         3         4        20        26
         2         3         9        26        27
         2         3        21        26        27
         2         3        20        21        26
         2         2         9        10        27
         2         2         3         9        27
         2         2         3        21        27
         2         2        10        27        28
         2         2        22        27        28
         2         2        21        22        27
         2         1         5        10        28
         2         1         2        10        28
         2         1         2        22        28
         2         1         5        23        28
         2         1        17        23        28
         2         1        17        22        28
         2         6        11        12        29
         2         5         6        11        29
         2         5         6        23        29
         2         6        12        29        30
         2         6        24        29        30
         2         6        23        24        29
         2         7        12        13        30
         2         6         7        12        30
         2         6         7        24        30
         2         7        13        30        31
         2         7        25        30        31
         2         7        24        25        30
         2         8        13        14        31
         2         7         8        13        31
         2         7         8        25        31
         2         8        14        31        32
         2         8        26        31        32
         2         8        25        26        31
         2         9        14        15        32
         2         8         9        14        32
         2         8         9        26        32
         2         9        15        32        33
         2         9        27        32        33
         2         9        26        27        32
         2        10        15        16        33
         2         9        10        15        33
         2         9        10        27        33
         2        10        16        33        34
         2        10        28        33        34
         2        10        27        28        33
         2         5        11        16        34
         2         5        10        16        34
         2         5        10        28        34
         2         5        11        29        34
         2         5        23        29        34
         2         5        23        28        34
         2        11        12        16        35
         2        11        11        12        35
         2        11        12        29        35
         2        12        16        35        36
         2        12        30        35        36
         2        12        29        30        35
         2        13        15        16        36
         2        12        13        16        36
         2        12        13        30        36
         2        13        15        36        37
         2        13        31        36        37
         2        13        30        31        36
         2        14        14        15        37
         2        13        14        15        37
         2        13        14        31        37
         2        14        14        37        38
         2        14        32        37        38
         2        14        31        32        37
         2        13        14        15        38
         2        14        14        15        38
         2        14        15        32        38
         2        13        15        38        39
         2        15        33        38        39
         2        15        32        33        38
         2        12        13        16        39
         2        13        15        16        39
         2        15        16        33        39
         2        12        16        39        40
         2        16        34        39        40
         2        16        33        34        39
         2        11        11        12        40
         2        11        12        16        40
         2        11        16        34        40
         2        11        11        35        40
         2        11        29        35        40
         2        11        29        34        40
         2         5        10        16        41
         2         5        11        16        41
         2        11        16        35        41
         2        10        16        41        42
         2        16        36        41        42
         2        16        35        36        41
         2         9        10        15        42
         2        10        15        16        42
         2        15        16        36        42
         2         9        15        42        43
         2        15        37        42        43
         2        15        36        37        42
         2         8         9        14        43
         2         9        14        15        43
         2        14        15        37        43
         2         8        14        43        44
         2        14        38        43        44
         2        14        37        38        43
         2         7         8        13        44
         2         8        13        14        44
         2        13        14        38        44
         2         7        13        44        45
         2        13        39        44        45
         2        13        38        39        44
         2         6         7        12        45
         2         7        12        13        45
         2        12        13        39        45
         2         6        12        45        46
         2        12        40        45        46
         2        12        39        40        45
         2         5         6        11        46
         2         6        11        12        46
         2        11        12        40        46
         2         5        11        41        46
         2        11        35        41        46
         2        11        35        40        46
         2         1         2        10        17
         2         1         5        10        17
         2         5        10        17        41
         2         2        10        17        18
         2        10        17        18        42
         2        10        17        41        42
         2         2         3         9        18
         2         2         9        10        18
         2         9        10        18        42
         2         3         9        18        19
         2         9        18        19        43
         2         9        18        42        43
         2         3         4         8        19
         2         3         8         9        19
         2         8         9        19        43
         2         4         8        19        20
         2         8        19        20        44
         2         8        19        43        44
         2         3         4         7        20
         2         4         7         8        20
         2         7         8        20        44
         2         3         7        20        21
         2         7        20        21        45
         2         7        20        44        45
         2         2         3         6        21
         2         3         6         7        21
         2         6         7        21        45
         2         2         6        21        22
         2         6        21        22        46
         2         6        21        45        46
         2         1         2         5        22
         2         2         5         6        22
         2         5         6        22        46
         2         1         5        17        22
         2         5        17        22        41
         2         5        22        41        46
         2        18        23        24        51
         2        17        18        23        51
         2        17        18        47        51
         2        18        24        51        52
         2        18        48        51        52
         2        18        47        48        51
         2        19        24        25        52
         2        18        19        24        52
         2        18        19        48        52
         2        19        25        52        53
         2        19        49        52        53
         2        19        48        49        52
         2        20        25        26        53
         2        19        20        25        53
         2        19        20        49        53
         2        20        26        53        54
         2        20        50        53        54
         2        20        49        50        53
         2        21        26        27        54
         2        20        21        26        54
         2        20        21        50        54
         2        21        27        54        55
         2        21        49        54        55
         2        21        49        50        54
         2        22        27        28        55
         2        21        22        27        55
         2        21        22        49        55
         2        22        28        55        56
         2        22        48        55        56
         2        22        48        49        55
         2        17        23        28        56
         2        17        22        28        56
         2        17        22        48        56
         2        17        23        51        56
         2        17        47        51        56
         2        17        47        48        56
         2        24        29        30        57
         2        23        24        29        57
         2        23        24        51        57
         2        24        30        57        58
         2        24        52        57        58
         2        24        51        52        57
         2        25        30        31        58
         2        24        25        30        58
         2        24        25        52        58
         2        25        31        58        59
         2        25        53        58        59
         2        25        52        53        58
         2        26        31        32        59
         2        25        26        31        59
         2        25        26        53        59
         2        26        32        59        60
         2        26        54        59        60
         2        26        53        54        59
         2        27        32        33        60
         2        26        27        32        60
         2        26        27        54        60
         2        27        33        60        61
         2        27        55        60        61
         2        27        54        55        60
         2        28        33        34        61
         2        27        28        33        61
         2        27        28        55        61
         2        28        34        61        62
         2        28        56        61        62
         2        28        55        56        61
         2        23        29        34        62
         2        23        28        34        62
         2        23        28        56        62
         2        23        29        57        62
         2        23        51        57        62
         2        23        51        56        62
         2        30        35        36        57
         2        29        30        35        57
         2        29        30        57        57
         2        30        36        57        62
         2        30        57        58        62
         2        30        57        57        58
         2        31        36        37        62
         2        30        31        36        62
         2        30        31        58        62
         2        31        37        61        62
         2        31        59        61        62
         2        31        58        59        62
         2        32        37        38        61
         2        31        32        37        61
         2        31        32        59        61
         2        32        38        60        61
         2        32        60        60        61
         2        32        59        60        61
         2        33        38        39        60
         2        32        33        38        60
         2        32        33        60        60
         2        33        39        59        60
         2        33        59        60        61
         2        33        60        60        61
         2        34        39        40        59
         2        33        34        39        59
         2        33        34        59        61
         2        34        40        58        59
         2        34        58        59        62
         2        34        59        61        62
         2        29        35        40        58
         2        29        34        40        58
         2        29        34        58        62
         2        29        35        57        58
         2        29        57        57        58
         2        29        57        58        62
         2        36        41        42        51
         2        35        36        41        51
         2        35        36        51        57
         2        36        42        51        56
         2        36        51        56        62
         2        36        51        57        62
         2        37        42        43        56
         2        36        37        42        56
         2        36        37        56        62
         2        37        43        55        56
         2        37        55        56        61
         2        37        56        61        62
         2        38        43        44        55
         2        37        38        43        55
         2        37        38        55        61
         2        38        44        54        55
         2        38        54        55        60
         2        38        55        60        61
         2        39        44        45        54
         2        38        39        44        54
         2        38        39        54        60
         2        39        45        53        54
         2        39        53        54        59
         2        39        54        59        60
         2        40        45        46        53
         2        39        40        45        53
         2        39        40        53        59
         2        40        46        52        53
         2        40        52        53        58
         2        40        53        58        59
         2        35        41        46        52
         2        35        40        46        52
         2        35        40        52        58
         2        35        41        51        52
         2        35        51        52        57
         2        35        52        57        58
         2        17        18        42        47
         2        17        41        42        47
         2        41        42        47        51
         2        18        42        47        48
         2        42        47        48        56
         2        42        47        51        56
         2        18        19        43        48
         2        18        42        43        48
         2        42        43        48        56
         2        19        43        48        49
         2        43        48        49        55
         2        43        48        55        56
         2        19        20        44        49
         2        19        43        44        49
         2        43        44        49        55
         2        20        44        49        50
         2        44        49        50        54
         2        44        49        54        55
         2        20        21        45        50
         2        20        44        45        50
         2        44        45        50        54
         2        21        45        49        50
         2        45        49        50        53
         2        45        50        53        54
         2        21        22        46        49
         2        21        45        46        49
         2        45        46        49        53
         2        22        46        48        49
         2        46        48        49        52
         2        46        49        52        53
         2        17        22        41        48
         2        22        41        46        48
         2        41        46        48        52
         2        17        41        47        48
         2        41        47        48        51
         2        41        48        51        52
