Automatically generated mesh
      22
Reciprocal lattice
    0.00000000000000    0.00000000000000    0.00000000000000             1
    0.14285714285714    0.00000000000000    0.00000000000000             2
    0.28571428571429    0.00000000000000    0.00000000000000             2
    0.42857142857143    0.00000000000000    0.00000000000000             2
    0.00000000000000    0.33333333333333    0.00000000000000             2
    0.14285714285714    0.33333333333333    0.00000000000000             2
    0.28571428571429    0.33333333333333    0.00000000000000             2
    0.42857142857143    0.33333333333333    0.00000000000000             2
   -0.42857142857143    0.33333333333333    0.00000000000000             2
   -0.28571428571429    0.33333333333333    0.00000000000000             2
   -0.14285714285714    0.33333333333333    0.00000000000000             2
    0.00000000000000    0.00000000000000    0.50000000000000             1
    0.14285714285714    0.00000000000000    0.50000000000000             2
    0.28571428571429    0.00000000000000    0.50000000000000             2
    0.42857142857143    0.00000000000000    0.50000000000000             2
    0.00000000000000    0.33333333333333    0.50000000000000             2
    0.14285714285714    0.33333333333333    0.50000000000000             2
    0.28571428571429    0.33333333333333    0.50000000000000             2
    0.42857142857143    0.33333333333333    0.50000000000000             2
   -0.42857142857143    0.33333333333333    0.50000000000000             2
   -0.28571428571429    0.33333333333333    0.50000000000000             2
   -0.14285714285714    0.33333333333333    0.50000000000000             2
Tetrahedra
       123    0.00396825396825
         2         1         2         6        12
         2         1         5         6        12
         2         5         6        12        16
         2         2         6        12        13
         2         6        12        13        17
         2         6        12        16        17
         2         2         3         7        13
         2         2         6         7        13
         2         6         7        13        17
         2         3         7        13        14
         2         7        13        14        18
         2         7        13        17        18
         2         3         4         8        14
         2         3         7         8        14
         2         7         8        14        18
         2         4         8        14        15
         2         8        14        15        19
         2         8        14        18        19
         2         4         4         9        15
         2         4         8         9        15
         2         8         9        15        19
         2         4         9        15        15
         2         9        15        15        20
         2         9        15        19        20
         2         3         4        10        15
         2         4         9        10        15
         2         9        10        15        20
         2         3        10        14        15
         2        10        14        15        21
         2        10        15        20        21
         2         2         3        11        14
         2         3        10        11        14
         2        10        11        14        21
         2         2        11        13        14
         2        11        13        14        22
         2        11        14        21        22
         2         1         2         5        13
         2         2         5        11        13
         2         5        11        13        22
         2         1         5        12        13
         2         5        12        13        16
         2         5        13        16        22
         2         5         6        11        16
         2         5         5        11        16
         2         5        11        16        16
         2         6        11        16        17
         2        11        16        17        22
         2        11        16        16        22
         2         6         7        10        17
         2         6        10        11        17
         2        10        11        17        22
         2         7        10        17        18
         2        10        17        18        21
         2        10        17        21        22
         2         7         8         9        18
         2         7         9        10        18
         2         9        10        18        21
         2         8         9        18        19
         2         9        18        19        20
         2         9        18        20        21
         4         8         8         9        19
         4         8         9        19        20
         4         8        19        19        20
         2         7         9        10        20
         2         7         8         9        20
         2         7         8        19        20
         2         7        10        20        21
         2         7        18        20        21
         2         7        18        19        20
         2         6        10        11        21
         2         6         7        10        21
         2         6         7        18        21
         2         6        11        21        22
         2         6        17        21        22
         2         6        17        18        21
         2         5         5        11        22
         2         5         6        11        22
         2         5         6        17        22
         2         5         5        16        22
         2         5        16        16        22
         2         5        16        17        22
         2         2         5        11        16
         2         1         2         5        16
         2         1         2        12        16
         2         2        11        16        22
         2         2        13        16        22
         2         2        12        13        16
         2         3        10        11        22
         2         2         3        11        22
         2         2         3        13        22
         2         3        10        21        22
         2         3        14        21        22
         2         3        13        14        22
         2         4         9        10        21
         2         3         4        10        21
         2         3         4        14        21
         2         4         9        20        21
         2         4        15        20        21
         2         4        14        15        21
         2         4         8         9        20
         2         4         4         9        20
         2         4         4        15        20
         2         4         8        19        20
         2         4        15        19        20
         2         4        15        15        20
         2         3         7         8        19
         2         3         4         8        19
         2         3         4        15        19
         2         3         7        18        19
         2         3        14        18        19
         2         3        14        15        19
         2         2         6         7        18
         2         2         3         7        18
         2         2         3        14        18
         2         2         6        17        18
         2         2        13        17        18
         2         2        13        14        18
         2         1         5         6        17
         2         1         2         6        17
         2         1         2        13        17
         2         1         5        16        17
         2         1        12        16        17
         2         1        12        13        17
