Automatically generated mesh
      74
Reciprocal lattice
    0.00000000000000    0.00000000000000    0.00000000000000             1
    0.14285714285714    0.00000000000000    0.00000000000000             2
    0.28571428571429    0.00000000000000    0.00000000000000             2
    0.42857142857143    0.00000000000000    0.00000000000000             2
    0.00000000000000    0.14285714285714    0.00000000000000             2
    0.14285714285714    0.14285714285714    0.00000000000000             2
    0.28571428571429    0.14285714285714    0.00000000000000             2
    0.42857142857143    0.14285714285714    0.00000000000000             2
   -0.42857142857143    0.14285714285714    0.00000000000000             2
   -0.28571428571429    0.14285714285714    0.00000000000000             2
   -0.14285714285714    0.14285714285714    0.00000000000000             2
    0.00000000000000    0.28571428571429    0.00000000000000             2
    0.14285714285714    0.28571428571429    0.00000000000000             2
    0.28571428571429    0.28571428571429    0.00000000000000             2
    0.42857142857143    0.28571428571429    0.00000000000000             2
   -0.42857142857143    0.28571428571429    0.00000000000000             2
   -0.28571428571429    0.28571428571429    0.00000000000000             2
   -0.14285714285714    0.28571428571429    0.00000000000000             2
    0.00000000000000    0.42857142857143    0.00000000000000             2
    0.14285714285714    0.42857142857143    0.00000000000000             2
    0.28571428571429    0.42857142857143    0.00000000000000             2
    0.42857142857143    0.42857142857143    0.00000000000000             2
   -0.42857142857143    0.42857142857143    0.00000000000000             2
   -0.28571428571429    0.42857142857143    0.00000000000000             2
   -0.14285714285714    0.42857142857143    0.00000000000000             2
    0.00000000000000    0.00000000000000    0.33333333333333             2
    0.14285714285714    0.00000000000000    0.33333333333333             2
    0.28571428571429    0.00000000000000    0.33333333333333             2
    0.42857142857143    0.00000000000000    0.33333333333333             2
   -0.42857142857143    0.00000000000000    0.33333333333333             2
   -0.28571428571429    0.00000000000000    0.33333333333333             2
   -0.14285714285714    0.00000000000000    0.33333333333333             2
    0.00000000000000    0.14285714285714    0.33333333333333             2
    0.14285714285714    0.14285714285714    0.33333333333333             2
    0.28571428571429    0.14285714285714    0.33333333333333             2
    0.42857142857143    0.14285714285714    0.33333333333333             2
   -0.42857142857143    0.14285714285714    0.33333333333333             2
   -0.28571428571429    0.14285714285714    0.33333333333333             2
   -0.14285714285714    0.14285714285714    0.33333333333333             2
    0.00000000000000    0.28571428571429    0.33333333333333             2
    0.14285714285714    0.28571428571429    0.33333333333333             2
    0.28571428571429    0.28571428571429    0.33333333333333             2
    0.42857142857143    0.28571428571429    0.33333333333333             2
   -0.42857142857143    0.28571428571429    0.33333333333333             2
   -0.28571428571429    0.28571428571429    0.33333333333333             2
   -0.14285714285714    0.28571428571429    0.33333333333333             2
    0.00000000000000    0.42857142857143    0.33333333333333             2
    0.14285714285714    0.42857142857143    0.33333333333333             2
    0.28571428571429    0.42857142857143    0.33333333333333             2
    0.42857142857143    0.42857142857143    0.33333333333333             2
   -0.42857142857143    0.42857142857143    0.33333333333333             2
   -0.28571428571429    0.42857142857143    0.33333333333333             2
   -0.14285714285714    0.42857142857143    0.33333333333333             2
    0.00000000000000   -0.42857142857143    0.33333333333333             2
    0.14285714285714   -0.42857142857143    0.33333333333333             2
    0.28571428571429   -0.42857142857143    0.33333333333333             2
    0.42857142857143   -0.42857142857143    0.33333333333333             2
   -0.42857142857143   -0.42857142857143    0.33333333333333             2
   -0.28571428571429   -0.42857142857143    0.33333333333333             2
   -0.14285714285714   -0.42857142857143    0.33333333333333             2
    0.00000000000000   -0.28571428571429    0.33333333333333             2
    0.14285714285714   -0.28571428571429    0.33333333333333             2
    0.28571428571429   -0.28571428571429    0.33333333333333             2
    0.42857142857143   -0.28571428571429    0.33333333333333             2
   -0.42857142857143   -0.28571428571429    0.33333333333333             2
   -0.28571428571429   -0.28571428571429    0.33333333333333             2
   -0.14285714285714   -0.28571428571429    0.33333333333333             2
    0.00000000000000   -0.14285714285714    0.33333333333333             2
    0.14285714285714   -0.14285714285714    0.33333333333333             2
    0.28571428571429   -0.14285714285714    0.33333333333333             2
    0.42857142857143   -0.14285714285714    0.33333333333333             2
   -0.42857142857143   -0.14285714285714    0.33333333333333             2
   -0.28571428571429   -0.14285714285714    0.33333333333333             2
   -0.14285714285714   -0.14285714285714    0.33333333333333             2
Tetrahedra
       438    0.00113378684807
         2         2         5         6        33
         2         1         2         5        33
         2         1         2        26        33
         2         2         6        33        34
         2         2        27        33        34
         2         2        26        27        33
         2         3         6         7        34
         2         2         3         6        34
         2         2         3        27        34
         2         3         7        34        35
         2         3        28        34        35
         2         3        27        28        34
         2         4         7         8        35
         2         3         4         7        35
         2         3         4        28        35
         2         4         8        35        36
         2         4        29        35        36
         2         4        28        29        35
         2         4         8         9        36
         2         4         4         8        36
         2         4         4        29        36
         2         4         9        36        37
         2         4        30        36        37
         2         4        29        30        36
         2         3         9        10        37
         2         3         4         9        37
         2         3         4        30        37
         2         3        10        37        38
         2         3        31        37        38
         2         3        30        31        37
         2         2        10        11        38
         2         2         3        10        38
         2         2         3        31        38
         2         2        11        38        39
         2         2        32        38        39
         2         2        31        32        38
         2         1         5        11        39
         2         1         2        11        39
         2         1         2        32        39
         2         1         5        33        39
         2         1        26        33        39
         2         1        26        32        39
         2         6        12        13        40
         2         5         6        12        40
         2         5         6        33        40
         2         6        13        40        41
         2         6        34        40        41
         2         6        33        34        40
         2         7        13        14        41
         2         6         7        13        41
         2         6         7        34        41
         2         7        14        41        42
         2         7        35        41        42
         2         7        34        35        41
         2         8        14        15        42
         2         7         8        14        42
         2         7         8        35        42
         2         8        15        42        43
         2         8        36        42        43
         2         8        35        36        42
         2         9        15        16        43
         2         8         9        15        43
         2         8         9        36        43
         2         9        16        43        44
         2         9        37        43        44
         2         9        36        37        43
         2        10        16        17        44
         2         9        10        16        44
         2         9        10        37        44
         2        10        17        44        45
         2        10        38        44        45
         2        10        37        38        44
         2        11        17        18        45
         2        10        11        17        45
         2        10        11        38        45
         2        11        18        45        46
         2        11        39        45        46
         2        11        38        39        45
         2         5        12        18        46
         2         5        11        18        46
         2         5        11        39        46
         2         5        12        40        46
         2         5        33        40        46
         2         5        33        39        46
         2        13        19        20        47
         2        12        13        19        47
         2        12        13        40        47
         2        13        20        47        48
         2        13        41        47        48
         2        13        40        41        47
         2        14        20        21        48
         2        13        14        20        48
         2        13        14        41        48
         2        14        21        48        49
         2        14        42        48        49
         2        14        41        42        48
         2        15        21        22        49
         2        14        15        21        49
         2        14        15        42        49
         2        15        22        49        50
         2        15        43        49        50
         2        15        42        43        49
         2        16        22        23        50
         2        15        16        22        50
         2        15        16        43        50
         2        16        23        50        51
         2        16        44        50        51
         2        16        43        44        50
         2        17        23        24        51
         2        16        17        23        51
         2        16        17        44        51
         2        17        24        51        52
         2        17        45        51        52
         2        17        44        45        51
         2        18        24        25        52
         2        17        18        24        52
         2        17        18        45        52
         2        18        25        52        53
         2        18        46        52        53
         2        18        45        46        52
         2        12        19        25        53
         2        12        18        25        53
         2        12        18        46        53
         2        12        19        47        53
         2        12        40        47        53
         2        12        40        46        53
         2        19        20        25        54
         2        19        19        20        54
         2        19        20        47        54
         2        20        25        54        55
         2        20        48        54        55
         2        20        47        48        54
         2        21        24        25        55
         2        20        21        25        55
         2        20        21        48        55
         2        21        24        55        56
         2        21        49        55        56
         2        21        48        49        55
         2        22        23        24        56
         2        21        22        24        56
         2        21        22        49        56
         2        22        23        56        57
         2        22        50        56        57
         2        22        49        50        56
         4        22        23        23        57
         2        22        23        50        57
         2        22        23        57        58
         2        23        51        57        58
         2        23        50        51        57
         2        21        22        24        58
         2        22        23        24        58
         2        23        24        51        58
         2        21        24        58        59
         2        24        52        58        59
         2        24        51        52        58
         2        20        21        25        59
         2        21        24        25        59
         2        24        25        52        59
         2        20        25        59        60
         2        25        53        59        60
         2        25        52        53        59
         2        19        19        20        60
         2        19        20        25        60
         2        19        25        53        60
         2        19        19        54        60
         2        19        47        54        60
         2        19        47        53        60
         2        12        18        25        61
         2        12        19        25        61
         2        19        25        54        61
         2        18        25        61        62
         2        25        55        61        62
         2        25        54        55        61
         2        17        18        24        62
         2        18        24        25        62
         2        24        25        55        62
         2        17        24        62        63
         2        24        56        62        63
         2        24        55        56        62
         2        16        17        23        63
         2        17        23        24        63
         2        23        24        56        63
         2        16        23        63        64
         2        23        57        63        64
         2        23        56        57        63
         2        15        16        22        64
         2        16        22        23        64
         2        22        23        57        64
         2        15        22        64        65
         2        22        58        64        65
         2        22        57        58        64
         2        14        15        21        65
         2        15        21        22        65
         2        21        22        58        65
         2        14        21        65        66
         2        21        59        65        66
         2        21        58        59        65
         2        13        14        20        66
         2        14        20        21        66
         2        20        21        59        66
         2        13        20        66        67
         2        20        60        66        67
         2        20        59        60        66
         2        12        13        19        67
         2        13        19        20        67
         2        19        20        60        67
         2        12        19        61        67
         2        19        54        61        67
         2        19        54        60        67
         2         5        11        18        68
         2         5        12        18        68
         2        12        18        61        68
         2        11        18        68        69
         2        18        62        68        69
         2        18        61        62        68
         2        10        11        17        69
         2        11        17        18        69
         2        17        18        62        69
         2        10        17        69        70
         2        17        63        69        70
         2        17        62        63        69
         2         9        10        16        70
         2        10        16        17        70
         2        16        17        63        70
         2         9        16        70        71
         2        16        64        70        71
         2        16        63        64        70
         2         8         9        15        71
         2         9        15        16        71
         2        15        16        64        71
         2         8        15        71        72
         2        15        65        71        72
         2        15        64        65        71
         2         7         8        14        72
         2         8        14        15        72
         2        14        15        65        72
         2         7        14        72        73
         2        14        66        72        73
         2        14        65        66        72
         2         6         7        13        73
         2         7        13        14        73
         2        13        14        66        73
         2         6        13        73        74
         2        13        67        73        74
         2        13        66        67        73
         2         5         6        12        74
         2         6        12        13        74
         2        12        13        67        74
         2         5        12        68        74
         2        12        61        68        74
         2        12        61        67        74
         2         1         2        11        26
         2         1         5        11        26
         2         5        11        26        68
         2         2        11        26        27
         2        11        26        27        69
         2        11        26        68        69
         2         2         3        10        27
         2         2        10        11        27
         2        10        11        27        69
         2         3        10        27        28
         2        10        27        28        70
         2        10        27        69        70
         2         3         4         9        28
         2         3         9        10        28
         2         9        10        28        70
         2         4         9        28        29
         2         9        28        29        71
         2         9        28        70        71
         2         4         4         8        29
         2         4         8         9        29
         2         8         9        29        71
         2         4         8        29        30
         2         8        29        30        72
         2         8        29        71        72
         2         3         4         7        30
         2         4         7         8        30
         2         7         8        30        72
         2         3         7        30        31
         2         7        30        31        73
         2         7        30        72        73
         2         2         3         6        31
         2         3         6         7        31
         2         6         7        31        73
         2         2         6        31        32
         2         6        31        32        74
         2         6        31        73        74
         2         1         2         5        32
         2         2         5         6        32
         2         5         6        32        74
         2         1         5        26        32
         2         5        26        32        68
         2         5        32        68        74
         2        27        33        34        68
         2        26        27        33        68
         2        26        26        27        68
         2        27        34        68        74
         2        27        32        68        74
         2        26        27        32        68
         2        28        34        35        74
         2        27        28        34        74
         2        27        28        32        74
         2        28        35        73        74
         2        28        31        73        74
         2        28        31        32        74
         2        29        35        36        73
         2        28        29        35        73
         2        28        29        31        73
         2        29        36        72        73
         2        29        30        72        73
         2        29        30        31        73
         2        30        36        37        72
         2        29        30        36        72
         4        29        30        30        72
         2        30        37        71        72
         2        29        30        71        72
         2        31        37        38        71
         2        30        31        37        71
         2        29        30        31        71
         2        31        38        70        71
         2        28        31        70        71
         2        28        29        31        71
         2        32        38        39        70
         2        31        32        38        70
         2        28        31        32        70
         2        32        39        69        70
         2        27        32        69        70
         2        27        28        32        70
         2        26        33        39        69
         2        26        32        39        69
         2        26        27        32        69
         2        26        33        68        69
         2        26        26        68        69
         2        26        26        27        69
         2        34        40        41        61
         2        33        34        40        61
         2        33        34        61        68
         2        34        41        61        67
         2        34        61        67        74
         2        34        61        68        74
         2        35        41        42        67
         2        34        35        41        67
         2        34        35        67        74
         2        35        42        66        67
         2        35        66        67        73
         2        35        67        73        74
         2        36        42        43        66
         2        35        36        42        66
         2        35        36        66        73
         2        36        43        65        66
         2        36        65        66        72
         2        36        66        72        73
         2        37        43        44        65
         2        36        37        43        65
         2        36        37        65        72
         2        37        44        64        65
         2        37        64        65        71
         2        37        65        71        72
         2        38        44        45        64
         2        37        38        44        64
         2        37        38        64        71
         2        38        45        63        64
         2        38        63        64        70
         2        38        64        70        71
         2        39        45        46        63
         2        38        39        45        63
         2        38        39        63        70
         2        39        46        62        63
         2        39        62        63        69
         2        39        63        69        70
         2        33        40        46        62
         2        33        39        46        62
         2        33        39        62        69
         2        33        40        61        62
         2        33        61        62        68
         2        33        62        68        69
         2        41        47        48        54
         2        40        41        47        54
         2        40        41        54        61
         2        41        48        54        60
         2        41        54        60        67
         2        41        54        61        67
         2        42        48        49        60
         2        41        42        48        60
         2        41        42        60        67
         2        42        49        59        60
         2        42        59        60        66
         2        42        60        66        67
         2        43        49        50        59
         2        42        43        49        59
         2        42        43        59        66
         2        43        50        58        59
         2        43        58        59        65
         2        43        59        65        66
         2        44        50        51        58
         2        43        44        50        58
         2        43        44        58        65
         2        44        51        57        58
         2        44        57        58        64
         2        44        58        64        65
         2        45        51        52        57
         2        44        45        51        57
         2        44        45        57        64
         2        45        52        56        57
         2        45        56        57        63
         2        45        57        63        64
         2        46        52        53        56
         2        45        46        52        56
         2        45        46        56        63
         2        46        53        55        56
         2        46        55        56        62
         2        46        56        62        63
         2        40        47        53        55
         2        40        46        53        55
         2        40        46        55        62
         2        40        47        54        55
         2        40        54        55        61
         2        40        55        61        62
         2        47        48        54        55
         4        47        47        48        54
         2        47        48        53        55
         2        47        48        53        60
         2        47        48        54        60
         2        49        53        55        56
         2        48        49        53        55
         2        48        49        53        60
         2        49        52        53        56
         2        49        52        53        59
         2        49        53        59        60
         2        50        52        56        57
         2        49        50        52        56
         2        49        50        52        59
         2        50        51        52        57
         2        50        51        52        58
         2        50        52        58        59
         2        51        51        57        58
         2        50        51        51        57
         2        50        51        51        58
