Automatically generated mesh
      74
Reciprocal lattice
    0.00000000000000    0.00000000000000    0.00000000000000             1
    0.11111111111111    0.00000000000000    0.00000000000000             2
    0.22222222222222    0.00000000000000    0.00000000000000             2
    0.33333333333333    0.00000000000000    0.00000000000000             2
    0.44444444444444    0.00000000000000    0.00000000000000             2
    0.00000000000000    0.25000000000000    0.00000000000000             2
    0.11111111111111    0.25000000000000    0.00000000000000             2
    0.22222222222222    0.25000000000000    0.00000000000000             2
    0.33333333333333    0.25000000000000    0.00000000000000             2
    0.44444444444444    0.25000000000000    0.00000000000000             2
   -0.44444444444444    0.25000000000000    0.00000000000000             2
   -0.33333333333333    0.25000000000000    0.00000000000000             2
   -0.22222222222222    0.25000000000000    0.00000000000000             2
   -0.11111111111111    0.25000000000000    0.00000000000000             2
    0.00000000000000    0.50000000000000    0.00000000000000             1
    0.11111111111111    0.50000000000000    0.00000000000000             2
    0.22222222222222    0.50000000000000    0.00000000000000             2
    0.33333333333333    0.50000000000000    0.00000000000000             2
    0.44444444444444    0.50000000000000    0.00000000000000             2
    0.00000000000000    0.00000000000000    0.25000000000000             2
    0.11111111111111    0.00000000000000    0.25000000000000             2
    0.22222222222222    0.00000000000000    0.25000000000000             2
    0.33333333333333    0.00000000000000    0.25000000000000             2
    0.44444444444444    0.00000000000000    0.25000000000000             2
   -0.44444444444444    0.00000000000000    0.25000000000000             2
   -0.33333333333333    0.00000000000000    0.25000000000000             2
   -0.22222222222222    0.00000000000000    0.25000000000000             2
   -0.11111111111111    0.00000000000000    0.25000000000000             2
    0.00000000000000    0.25000000000000    0.25000000000000             2
    0.11111111111111    0.25000000000000    0.25000000000000             2
    0.22222222222222    0.25000000000000    0.25000000000000             2
    0.33333333333333    0.25000000000000    0.25000000000000             2
    0.44444444444444    0.25000000000000    0.25000000000000             2
   -0.44444444444444    0.25000000000000    0.25000000000000             2
   -0.33333333333333    0.25000000000000    0.25000000000000             2
   -0.22222222222222    0.25000000000000    0.25000000000000             2
   -0.11111111111111    0.25000000000000    0.25000000000000             2
    0.00000000000000    0.50000000000000    0.25000000000000             2
    0.11111111111111    0.50000000000000    0.25000000000000             2
    0.22222222222222    0.50000000000000    0.25000000000000             2
    0.33333333333333    0.50000000000000    0.25000000000000             2
    0.44444444444445    0.50000000000000    0.25000000000000             2
   -0.44444444444444    0.50000000000000    0.25000000000000             2
   -0.33333333333333    0.50000000000000    0.25000000000000             2
   -0.22222222222222    0.50000000000000    0.25000000000000             2
   -0.11111111111111    0.50000000000000    0.25000000000000             2
    0.00000000000000   -0.25000000000000    0.25000000000000             2
    0.11111111111111   -0.25000000000000    0.25000000000000             2
    0.22222222222222   -0.25000000000000    0.25000000000000             2
    0.33333333333333   -0.25000000000000    0.25000000000000             2
    0.44444444444444   -0.25000000000000    0.25000000000000             2
   -0.44444444444444   -0.25000000000000    0.25000000000000             2
   -0.33333333333333   -0.25000000000000    0.25000000000000             2
   -0.22222222222222   -0.25000000000000    0.25000000000000             2
   -0.11111111111111   -0.25000000000000    0.25000000000000             2
    0.00000000000000    0.00000000000000    0.50000000000000             1
    0.11111111111111    0.00000000000000    0.50000000000000             2
    0.22222222222222    0.00000000000000    0.50000000000000             2
    0.33333333333333    0.00000000000000    0.50000000000000             2
    0.44444444444444    0.00000000000000    0.50000000000000             2
    0.00000000000000    0.25000000000000    0.50000000000000             2
    0.11111111111111    0.25000000000000    0.50000000000000             2
    0.22222222222222    0.25000000000000    0.50000000000000             2
    0.33333333333333    0.25000000000000    0.50000000000000             2
    0.44444444444444    0.25000000000000    0.50000000000000             2
   -0.44444444444444    0.25000000000000    0.50000000000000             2
   -0.33333333333333    0.25000000000000    0.50000000000000             2
   -0.22222222222222    0.25000000000000    0.50000000000000             2
   -0.11111111111111    0.25000000000000    0.50000000000000             2
    0.00000000000000    0.50000000000000    0.50000000000000             1
    0.11111111111111    0.50000000000000    0.50000000000000             2
    0.22222222222222    0.50000000000000    0.50000000000000             2
    0.33333333333333    0.50000000000000    0.50000000000000             2
    0.44444444444444    0.50000000000000    0.50000000000000             2
Tetrahedra
       432    0.00115740740741
         2         1         2         7        20
         2         1         6         7        20
         2         6         7        20        29
         2         2         7        20        21
         2         7        20        21        30
         2         7        20        29        30
         2         2         3         8        21
         2         2         7         8        21
         2         7         8        21        30
         2         3         8        21        22
         2         8        21        22        31
         2         8        21        30        31
         2         3         4         9        22
         2         3         8         9        22
         2         8         9        22        31
         2         4         9        22        23
         2         9        22        23        32
         2         9        22        31        32
         2         4         5        10        23
         2         4         9        10        23
         2         9        10        23        32
         2         5        10        23        24
         2        10        23        24        33
         2        10        23        32        33
         2         5         5        11        24
         2         5        10        11        24
         2        10        11        24        33
         2         5        11        24        25
         2        11        24        25        34
         2        11        24        33        34
         2         4         5        12        25
         2         5        11        12        25
         2        11        12        25        34
         2         4        12        25        26
         2        12        25        26        35
         2        12        25        34        35
         2         3         4        13        26
         2         4        12        13        26
         2        12        13        26        35
         2         3        13        26        27
         2        13        26        27        36
         2        13        26        35        36
         2         2         3        14        27
         2         3        13        14        27
         2        13        14        27        36
         2         2        14        27        28
         2        14        27        28        37
         2        14        27        36        37
         2         1         2         6        28
         2         2         6        14        28
         2         6        14        28        37
         2         1         6        20        28
         2         6        20        28        29
         2         6        28        29        37
         2         6         7        16        29
         2         6        15        16        29
         2        15        16        29        38
         2         7        16        29        30
         2        16        29        30        39
         2        16        29        38        39
         2         7         8        17        30
         2         7        16        17        30
         2        16        17        30        39
         2         8        17        30        31
         2        17        30        31        40
         2        17        30        39        40
         2         8         9        18        31
         2         8        17        18        31
         2        17        18        31        40
         2         9        18        31        32
         2        18        31        32        41
         2        18        31        40        41
         2         9        10        19        32
         2         9        18        19        32
         2        18        19        32        41
         2        10        19        32        33
         2        19        32        33        42
         2        19        32        41        42
         2        10        11        19        33
         2        10        19        19        33
         2        19        19        33        42
         2        11        19        33        34
         2        19        33        34        43
         2        19        33        42        43
         2        11        12        18        34
         2        11        18        19        34
         2        18        19        34        43
         2        12        18        34        35
         2        18        34        35        44
         2        18        34        43        44
         2        12        13        17        35
         2        12        17        18        35
         2        17        18        35        44
         2        13        17        35        36
         2        17        35        36        45
         2        17        35        44        45
         2        13        14        16        36
         2        13        16        17        36
         2        16        17        36        45
         2        14        16        36        37
         2        16        36        37        46
         2        16        36        45        46
         2         6        14        15        37
         2        14        15        16        37
         2        15        16        37        46
         2         6        15        29        37
         2        15        29        37        38
         2        15        37        38        46
         2        14        15        16        38
         2         6        14        15        38
         2         6        14        38        47
         2        14        16        38        39
         2        14        38        39        48
         2        14        38        47        48
         2        13        16        17        39
         2        13        14        16        39
         2        13        14        39        48
         2        13        17        39        40
         2        13        39        40        49
         2        13        39        48        49
         2        12        17        18        40
         2        12        13        17        40
         2        12        13        40        49
         2        12        18        40        41
         2        12        40        41        50
         2        12        40        49        50
         2        11        18        19        41
         2        11        12        18        41
         2        11        12        41        50
         2        11        19        41        42
         2        11        41        42        51
         2        11        41        50        51
         2        10        19        19        42
         2        10        11        19        42
         2        10        11        42        51
         2        10        19        42        43
         2        10        42        43        52
         2        10        42        51        52
         2         9        18        19        43
         2         9        10        19        43
         2         9        10        43        52
         2         9        18        43        44
         2         9        43        44        53
         2         9        43        52        53
         2         8        17        18        44
         2         8         9        18        44
         2         8         9        44        53
         2         8        17        44        45
         2         8        44        45        54
         2         8        44        53        54
         2         7        16        17        45
         2         7         8        17        45
         2         7         8        45        54
         2         7        16        45        46
         2         7        45        46        55
         2         7        45        54        55
         2         6        15        16        46
         2         6         7        16        46
         2         6         7        46        55
         2         6        15        38        46
         2         6        38        46        47
         2         6        46        47        55
         2         2         6        14        47
         2         1         2         6        47
         2         1         2        20        47
         2         2        14        47        48
         2         2        21        47        48
         2         2        20        21        47
         2         3        13        14        48
         2         2         3        14        48
         2         2         3        21        48
         2         3        13        48        49
         2         3        22        48        49
         2         3        21        22        48
         2         4        12        13        49
         2         3         4        13        49
         2         3         4        22        49
         2         4        12        49        50
         2         4        23        49        50
         2         4        22        23        49
         2         5        11        12        50
         2         4         5        12        50
         2         4         5        23        50
         2         5        11        50        51
         2         5        24        50        51
         2         5        23        24        50
         2         5        10        11        51
         2         5         5        11        51
         2         5         5        24        51
         2         5        10        51        52
         2         5        25        51        52
         2         5        24        25        51
         2         4         9        10        52
         2         4         5        10        52
         2         4         5        25        52
         2         4         9        52        53
         2         4        26        52        53
         2         4        25        26        52
         2         3         8         9        53
         2         3         4         9        53
         2         3         4        26        53
         2         3         8        53        54
         2         3        27        53        54
         2         3        26        27        53
         2         2         7         8        54
         2         2         3         8        54
         2         2         3        27        54
         2         2         7        54        55
         2         2        28        54        55
         2         2        27        28        54
         2         1         6         7        55
         2         1         2         7        55
         2         1         2        28        55
         2         1         6        47        55
         2         1        20        47        55
         2         1        20        28        55
         2        20        21        30        56
         2        20        29        30        56
         2        29        30        56        61
         2        21        30        56        57
         2        30        56        57        62
         2        30        56        61        62
         2        21        22        31        57
         2        21        30        31        57
         2        30        31        57        62
         2        22        31        57        58
         2        31        57        58        63
         2        31        57        62        63
         2        22        23        32        58
         2        22        31        32        58
         2        31        32        58        63
         2        23        32        58        59
         2        32        58        59        64
         2        32        58        63        64
         2        23        24        33        59
         2        23        32        33        59
         2        32        33        59        64
         2        24        33        59        60
         2        33        59        60        65
         2        33        59        64        65
         2        24        25        34        60
         2        24        33        34        60
         2        33        34        60        65
         2        25        34        60        60
         2        34        60        60        66
         2        34        60        65        66
         2        25        26        35        60
         2        25        34        35        60
         2        34        35        60        66
         2        26        35        59        60
         2        35        59        60        67
         2        35        60        66        67
         2        26        27        36        59
         2        26        35        36        59
         2        35        36        59        67
         2        27        36        58        59
         2        36        58        59        68
         2        36        59        67        68
         2        27        28        37        58
         2        27        36        37        58
         2        36        37        58        68
         2        28        37        57        58
         2        37        57        58        69
         2        37        58        68        69
         2        20        28        29        57
         2        28        29        37        57
         2        29        37        57        69
         2        20        29        56        57
         2        29        56        57        61
         2        29        57        61        69
         2        29        30        39        61
         2        29        38        39        61
         2        38        39        61        70
         2        30        39        61        62
         2        39        61        62        71
         2        39        61        70        71
         2        30        31        40        62
         2        30        39        40        62
         2        39        40        62        71
         2        31        40        62        63
         2        40        62        63        72
         2        40        62        71        72
         2        31        32        41        63
         2        31        40        41        63
         2        40        41        63        72
         2        32        41        63        64
         2        41        63        64        73
         2        41        63        72        73
         2        32        33        42        64
         2        32        41        42        64
         2        41        42        64        73
         2        33        42        64        65
         2        42        64        65        74
         2        42        64        73        74
         2        33        34        43        65
         2        33        42        43        65
         2        42        43        65        74
         2        34        43        65        66
         2        43        65        66        74
         2        43        65        74        74
         2        34        35        44        66
         2        34        43        44        66
         2        43        44        66        74
         2        35        44        66        67
         2        44        66        67        73
         2        44        66        73        74
         2        35        36        45        67
         2        35        44        45        67
         2        44        45        67        73
         2        36        45        67        68
         2        45        67        68        72
         2        45        67        72        73
         2        36        37        46        68
         2        36        45        46        68
         2        45        46        68        72
         2        37        46        68        69
         2        46        68        69        71
         2        46        68        71        72
         2        29        37        38        69
         2        37        38        46        69
         2        38        46        69        71
         2        29        38        61        69
         2        38        61        69        70
         2        38        69        70        71
         2        38        39        48        70
         2        38        47        48        70
         2        47        48        61        70
         2        39        48        70        71
         2        48        69        70        71
         2        48        61        69        70
         2        39        40        49        71
         2        39        48        49        71
         2        48        49        69        71
         2        40        49        71        72
         2        49        68        71        72
         2        49        68        69        71
         2        40        41        50        72
         2        40        49        50        72
         2        49        50        68        72
         2        41        50        72        73
         2        50        67        72        73
         2        50        67        68        72
         2        41        42        51        73
         2        41        50        51        73
         2        50        51        67        73
         2        42        51        73        74
         2        51        66        73        74
         2        51        66        67        73
         2        42        43        52        74
         2        42        51        52        74
         2        51        52        66        74
         2        43        52        74        74
         2        52        65        74        74
         2        52        65        66        74
         2        43        44        53        74
         2        43        52        53        74
         2        52        53        65        74
         2        44        53        73        74
         2        53        64        73        74
         2        53        64        65        74
         2        44        45        54        73
         2        44        53        54        73
         2        53        54        64        73
         2        45        54        72        73
         2        54        63        72        73
         2        54        63        64        73
         2        45        46        55        72
         2        45        54        55        72
         2        54        55        63        72
         2        46        55        71        72
         2        55        62        71        72
         2        55        62        63        72
         2        38        46        47        71
         2        46        47        55        71
         2        47        55        62        71
         2        38        47        70        71
         2        47        61        70        71
         2        47        61        62        71
         2        21        47        48        61
         2        20        21        47        61
         2        20        21        56        61
         2        21        48        61        69
         2        21        57        61        69
         2        21        56        57        61
         2        22        48        49        69
         2        21        22        48        69
         2        21        22        57        69
         2        22        49        68        69
         2        22        58        68        69
         2        22        57        58        69
         2        23        49        50        68
         2        22        23        49        68
         2        22        23        58        68
         2        23        50        67        68
         2        23        59        67        68
         2        23        58        59        68
         2        24        50        51        67
         2        23        24        50        67
         2        23        24        59        67
         2        24        51        66        67
         2        24        60        66        67
         2        24        59        60        67
         2        25        51        52        66
         2        24        25        51        66
         2        24        25        60        66
         2        25        52        65        66
         2        25        60        65        66
         2        25        60        60        66
         2        26        52        53        65
         2        25        26        52        65
         2        25        26        60        65
         2        26        53        64        65
         2        26        59        64        65
         2        26        59        60        65
         2        27        53        54        64
         2        26        27        53        64
         2        26        27        59        64
         2        27        54        63        64
         2        27        58        63        64
         2        27        58        59        64
         2        28        54        55        63
         2        27        28        54        63
         2        27        28        58        63
         2        28        55        62        63
         2        28        57        62        63
         2        28        57        58        63
         2        20        47        55        62
         2        20        28        55        62
         2        20        28        57        62
         2        20        47        61        62
         2        20        56        61        62
         2        20        56        57        62
