Automatically generated mesh
     366
Reciprocal lattice
    0.00000000000000    0.00000000000000    0.00000000000000             1
    0.07142857142857    0.00000000000000    0.00000000000000             2
    0.14285714285714    0.00000000000000    0.00000000000000             2
    0.21428571428571    0.00000000000000    0.00000000000000             2
    0.28571428571429    0.00000000000000    0.00000000000000             2
    0.35714285714286    0.00000000000000    0.00000000000000             2
    0.42857142857143    0.00000000000000    0.00000000000000             2
    0.50000000000000    0.00000000000000    0.00000000000000             1
    0.00000000000000    0.07692307692308    0.00000000000000             2
    0.07142857142857    0.07692307692308    0.00000000000000             2
    0.14285714285714    0.07692307692308    0.00000000000000             2
    0.21428571428571    0.07692307692308    0.00000000000000             2
    0.28571428571429    0.07692307692308    0.00000000000000             2
    0.35714285714286    0.07692307692308    0.00000000000000             2
    0.42857142857143    0.07692307692308    0.00000000000000             2
    0.50000000000000    0.07692307692308    0.00000000000000             2
   -0.42857142857143    0.07692307692308    0.00000000000000             2
   -0.35714285714286    0.07692307692308    0.00000000000000             2
   -0.28571428571429    0.07692307692308    0.00000000000000             2
   -0.21428571428571    0.07692307692308    0.00000000000000             2
   -0.14285714285714    0.07692307692308    0.00000000000000             2
   -0.07142857142857    0.07692307692308    0.00000000000000             2
    0.00000000000000    0.15384615384615    0.00000000000000             2
    0.07142857142857    0.15384615384615    0.00000000000000             2
    0.14285714285714    0.15384615384615    0.00000000000000             2
    0.21428571428571    0.15384615384615    0.00000000000000             2
    0.28571428571429    0.15384615384615    0.00000000000000             2
    0.35714285714286    0.15384615384615    0.00000000000000             2
    0.42857142857143    0.15384615384615    0.00000000000000             2
    0.50000000000000    0.15384615384615    0.00000000000000             2
   -0.42857142857143    0.15384615384615    0.00000000000000             2
   -0.35714285714286    0.15384615384615    0.00000000000000             2
   -0.28571428571429    0.15384615384615    0.00000000000000             2
   -0.21428571428571    0.15384615384615    0.00000000000000             2
   -0.14285714285714    0.15384615384615    0.00000000000000             2
   -0.07142857142857    0.15384615384615    0.00000000000000             2
    0.00000000000000    0.23076923076923    0.00000000000000             2
    0.07142857142857    0.23076923076923    0.00000000000000             2
    0.14285714285714    0.23076923076923    0.00000000000000             2
    0.21428571428571    0.23076923076923    0.00000000000000             2
    0.28571428571429    0.23076923076923    0.00000000000000             2
    0.35714285714286    0.23076923076923    0.00000000000000             2
    0.42857142857143    0.23076923076923    0.00000000000000             2
    0.50000000000000    0.23076923076923    0.00000000000000             2
   -0.42857142857143    0.23076923076923    0.00000000000000             2
   -0.35714285714286    0.23076923076923    0.00000000000000             2
   -0.28571428571429    0.23076923076923    0.00000000000000             2
   -0.21428571428571    0.23076923076923    0.00000000000000             2
   -0.14285714285714    0.23076923076923    0.00000000000000             2
   -0.07142857142857    0.23076923076923    0.00000000000000             2
    0.00000000000000    0.30769230769231    0.00000000000000             2
    0.07142857142857    0.30769230769231    0.00000000000000             2
    0.14285714285714    0.30769230769231    0.00000000000000             2
    0.21428571428571    0.30769230769231    0.00000000000000             2
    0.28571428571429    0.30769230769231    0.00000000000000             2
    0.35714285714286    0.30769230769231    0.00000000000000             2
    0.42857142857143    0.30769230769231    0.00000000000000             2
    0.50000000000000    0.30769230769231    0.00000000000000             2
   -0.42857142857143    0.30769230769231    0.00000000000000             2
   -0.35714285714286    0.30769230769231    0.00000000000000             2
   -0.28571428571429    0.30769230769231    0.00000000000000             2
   -0.21428571428571    0.30769230769231    0.00000000000000             2
   -0.14285714285714    0.30769230769231    0.00000000000000             2
   -0.07142857142857    0.30769230769231    0.00000000000000             2
    0.00000000000000    0.38461538461539    0.00000000000000             2
    0.07142857142857    0.38461538461539    0.00000000000000             2
    0.14285714285714    0.38461538461539    0.00000000000000             2
    0.21428571428571    0.38461538461539    0.00000000000000             2
    0.28571428571429    0.38461538461539    0.00000000000000             2
    0.35714285714286    0.38461538461539    0.00000000000000             2
    0.42857142857143    0.38461538461539    0.00000000000000             2
    0.50000000000000    0.38461538461539    0.00000000000000             2
   -0.42857142857143    0.38461538461539    0.00000000000000             2
   -0.35714285714286    0.38461538461539    0.00000000000000             2
   -0.28571428571429    0.38461538461539    0.00000000000000             2
   -0.21428571428571    0.38461538461539    0.00000000000000             2
   -0.14285714285714    0.38461538461539    0.00000000000000             2
   -0.07142857142857    0.38461538461539    0.00000000000000             2
    0.00000000000000    0.46153846153846    0.00000000000000             2
    0.07142857142857    0.46153846153846    0.00000000000000             2
    0.14285714285714    0.46153846153846    0.00000000000000             2
    0.21428571428571    0.46153846153846    0.00000000000000             2
    0.28571428571429    0.46153846153846    0.00000000000000             2
    0.35714285714286    0.46153846153846    0.00000000000000             2
    0.42857142857143    0.46153846153846    0.00000000000000             2
    0.50000000000000    0.46153846153846    0.00000000000000             2
   -0.42857142857143    0.46153846153846    0.00000000000000             2
   -0.35714285714286    0.46153846153846    0.00000000000000             2
   -0.28571428571429    0.46153846153846    0.00000000000000             2
   -0.21428571428571    0.46153846153846    0.00000000000000             2
   -0.14285714285714    0.46153846153846    0.00000000000000             2
   -0.07142857142857    0.46153846153846    0.00000000000000             2
    0.00000000000000    0.00000000000000    0.25000000000000             2
    0.07142857142857    0.00000000000000    0.25000000000000             2
    0.14285714285714    0.00000000000000    0.25000000000000             2
    0.21428571428571    0.00000000000000    0.25000000000000             2
    0.28571428571429    0.00000000000000    0.25000000000000             2
    0.35714285714286    0.00000000000000    0.25000000000000             2
    0.42857142857143    0.00000000000000    0.25000000000000             2
    0.50000000000000    0.00000000000000    0.25000000000000             2
   -0.42857142857143    0.00000000000000    0.25000000000000             2
   -0.35714285714286    0.00000000000000    0.25000000000000             2
   -0.28571428571429    0.00000000000000    0.25000000000000             2
   -0.21428571428571    0.00000000000000    0.25000000000000             2
   -0.14285714285714    0.00000000000000    0.25000000000000             2
   -0.07142857142857    0.00000000000000    0.25000000000000             2
    0.00000000000000    0.07692307692308    0.25000000000000             2
    0.07142857142857    0.07692307692308    0.25000000000000             2
    0.14285714285714    0.07692307692308    0.25000000000000             2
    0.21428571428571    0.07692307692308    0.25000000000000             2
    0.28571428571429    0.07692307692308    0.25000000000000             2
    0.35714285714286    0.07692307692308    0.25000000000000             2
    0.42857142857143    0.07692307692308    0.25000000000000             2
    0.50000000000000    0.07692307692308    0.25000000000000             2
   -0.42857142857143    0.07692307692308    0.25000000000000             2
   -0.35714285714286    0.07692307692308    0.25000000000000             2
   -0.28571428571429    0.07692307692308    0.25000000000000             2
   -0.21428571428571    0.07692307692308    0.25000000000000             2
   -0.14285714285714    0.07692307692308    0.25000000000000             2
   -0.07142857142857    0.07692307692308    0.25000000000000             2
    0.00000000000000    0.15384615384615    0.25000000000000             2
    0.07142857142857    0.15384615384615    0.25000000000000             2
    0.14285714285714    0.15384615384615    0.25000000000000             2
    0.21428571428571    0.15384615384615    0.25000000000000             2
    0.28571428571429    0.15384615384615    0.25000000000000             2
    0.35714285714286    0.15384615384615    0.25000000000000             2
    0.42857142857143    0.15384615384615    0.25000000000000             2
    0.50000000000000    0.15384615384615    0.25000000000000             2
   -0.42857142857143    0.15384615384615    0.25000000000000             2
   -0.35714285714286    0.15384615384615    0.25000000000000             2
   -0.28571428571429    0.15384615384615    0.25000000000000             2
   -0.21428571428571    0.15384615384615    0.25000000000000             2
   -0.14285714285714    0.15384615384615    0.25000000000000             2
   -0.07142857142857    0.15384615384615    0.25000000000000             2
    0.00000000000000    0.23076923076923    0.25000000000000             2
    0.07142857142857    0.23076923076923    0.25000000000000             2
    0.14285714285714    0.23076923076923    0.25000000000000             2
    0.21428571428571    0.23076923076923    0.25000000000000             2
    0.28571428571429    0.23076923076923    0.25000000000000             2
    0.35714285714286    0.23076923076923    0.25000000000000             2
    0.42857142857143    0.23076923076923    0.25000000000000             2
    0.50000000000000    0.23076923076923    0.25000000000000             2
   -0.42857142857143    0.23076923076923    0.25000000000000             2
   -0.35714285714286    0.23076923076923    0.25000000000000             2
   -0.28571428571429    0.23076923076923    0.25000000000000             2
   -0.21428571428571    0.23076923076923    0.25000000000000             2
   -0.14285714285714    0.23076923076923    0.25000000000000             2
   -0.07142857142857    0.23076923076923    0.25000000000000             2
    0.00000000000000    0.30769230769231    0.25000000000000             2
    0.07142857142857    0.30769230769231    0.25000000000000             2
    0.14285714285714    0.30769230769231    0.25000000000000             2
    0.21428571428571    0.30769230769231    0.25000000000000             2
    0.28571428571429    0.30769230769231    0.25000000000000             2
    0.35714285714286    0.30769230769231    0.25000000000000             2
    0.42857142857143    0.30769230769231    0.25000000000000             2
    0.50000000000000    0.30769230769231    0.25000000000000             2
   -0.42857142857143    0.30769230769231    0.25000000000000             2
   -0.35714285714286    0.30769230769231    0.25000000000000             2
   -0.28571428571429    0.30769230769231    0.25000000000000             2
   -0.21428571428571    0.30769230769231    0.25000000000000             2
   -0.14285714285714    0.30769230769231    0.25000000000000             2
   -0.07142857142857    0.30769230769231    0.25000000000000             2
    0.00000000000000    0.38461538461539    0.25000000000000             2
    0.07142857142857    0.38461538461539    0.25000000000000             2
    0.14285714285714    0.38461538461539    0.25000000000000             2
    0.21428571428571    0.38461538461539    0.25000000000000             2
    0.28571428571429    0.38461538461539    0.25000000000000             2
    0.35714285714286    0.38461538461539    0.25000000000000             2
    0.42857142857143    0.38461538461539    0.25000000000000             2
    0.50000000000000    0.38461538461539    0.25000000000000             2
   -0.42857142857143    0.38461538461539    0.25000000000000             2
   -0.35714285714286    0.38461538461539    0.25000000000000             2
   -0.28571428571429    0.38461538461539    0.25000000000000             2
   -0.21428571428571    0.38461538461539    0.25000000000000             2
   -0.14285714285714    0.38461538461539    0.25000000000000             2
   -0.07142857142857    0.38461538461539    0.25000000000000             2
    0.00000000000000    0.46153846153846    0.25000000000000             2
    0.07142857142857    0.46153846153846    0.25000000000000             2
    0.14285714285714    0.46153846153846    0.25000000000000             2
    0.21428571428571    0.46153846153846    0.25000000000000             2
    0.28571428571429    0.46153846153846    0.25000000000000             2
    0.35714285714286    0.46153846153846    0.25000000000000             2
    0.42857142857143    0.46153846153846    0.25000000000000             2
    0.50000000000000    0.46153846153846    0.25000000000000             2
   -0.42857142857143    0.46153846153846    0.25000000000000             2
   -0.35714285714286    0.46153846153846    0.25000000000000             2
   -0.28571428571429    0.46153846153846    0.25000000000000             2
   -0.21428571428571    0.46153846153846    0.25000000000000             2
   -0.14285714285714    0.46153846153846    0.25000000000000             2
   -0.07142857142857    0.46153846153846    0.25000000000000             2
    0.00000000000000   -0.46153846153846    0.25000000000000             2
    0.07142857142857   -0.46153846153846    0.25000000000000             2
    0.14285714285714   -0.46153846153846    0.25000000000000             2
    0.21428571428571   -0.46153846153846    0.25000000000000             2
    0.28571428571429   -0.46153846153846    0.25000000000000             2
    0.35714285714286   -0.46153846153846    0.25000000000000             2
    0.42857142857143   -0.46153846153846    0.25000000000000             2
    0.50000000000000   -0.46153846153846    0.25000000000000             2
   -0.42857142857143   -0.46153846153846    0.25000000000000             2
   -0.35714285714286   -0.46153846153846    0.25000000000000             2
   -0.28571428571429   -0.46153846153846    0.25000000000000             2
   -0.21428571428571   -0.46153846153846    0.25000000000000             2
   -0.14285714285714   -0.46153846153846    0.25000000000000             2
   -0.07142857142857   -0.46153846153846    0.25000000000000             2
    0.00000000000000   -0.38461538461538    0.25000000000000             2
    0.07142857142857   -0.38461538461538    0.25000000000000             2
    0.14285714285714   -0.38461538461538    0.25000000000000             2
    0.21428571428571   -0.38461538461538    0.25000000000000             2
    0.28571428571429   -0.38461538461538    0.25000000000000             2
    0.35714285714286   -0.38461538461538    0.25000000000000             2
    0.42857142857143   -0.38461538461538    0.25000000000000             2
    0.50000000000000   -0.38461538461538    0.25000000000000             2
   -0.42857142857143   -0.38461538461538    0.25000000000000             2
   -0.35714285714286   -0.38461538461538    0.25000000000000             2
   -0.28571428571429   -0.38461538461538    0.25000000000000             2
   -0.21428571428571   -0.38461538461538    0.25000000000000             2
   -0.14285714285714   -0.38461538461538    0.25000000000000             2
   -0.07142857142857   -0.38461538461538    0.25000000000000             2
    0.00000000000000   -0.30769230769231    0.25000000000000             2
    0.07142857142857   -0.30769230769231    0.25000000000000             2
    0.14285714285714   -0.30769230769231    0.25000000000000             2
    0.21428571428571   -0.30769230769231    0.25000000000000             2
    0.28571428571429   -0.30769230769231    0.25000000000000             2
    0.35714285714286   -0.30769230769231    0.25000000000000             2
    0.42857142857143   -0.30769230769231    0.25000000000000             2
    0.50000000000000   -0.30769230769231    0.25000000000000             2
   -0.42857142857143   -0.30769230769231    0.25000000000000             2
   -0.35714285714286   -0.30769230769231    0.25000000000000             2
   -0.28571428571429   -0.30769230769231    0.25000000000000             2
   -0.21428571428571   -0.30769230769231    0.25000000000000             2
   -0.14285714285714   -0.30769230769231    0.25000000000000             2
   -0.07142857142857   -0.30769230769231    0.25000000000000             2
    0.00000000000000   -0.23076923076923    0.25000000000000             2
    0.07142857142857   -0.23076923076923    0.25000000000000             2
    0.14285714285714   -0.23076923076923    0.25000000000000             2
    0.21428571428571   -0.23076923076923    0.25000000000000             2
    0.28571428571429   -0.23076923076923    0.25000000000000             2
    0.35714285714286   -0.23076923076923    0.25000000000000             2
    0.42857142857143   -0.23076923076923    0.25000000000000             2
    0.50000000000000   -0.23076923076923    0.25000000000000             2
   -0.42857142857143   -0.23076923076923    0.25000000000000             2
   -0.35714285714286   -0.23076923076923    0.25000000000000             2
   -0.28571428571429   -0.23076923076923    0.25000000000000             2
   -0.21428571428571   -0.23076923076923    0.25000000000000             2
   -0.14285714285714   -0.23076923076923    0.25000000000000             2
   -0.07142857142857   -0.23076923076923    0.25000000000000             2
    0.00000000000000   -0.15384615384615    0.25000000000000             2
    0.07142857142857   -0.15384615384615    0.25000000000000             2
    0.14285714285714   -0.15384615384615    0.25000000000000             2
    0.21428571428571   -0.15384615384615    0.25000000000000             2
    0.28571428571429   -0.15384615384615    0.25000000000000             2
    0.35714285714286   -0.15384615384615    0.25000000000000             2
    0.42857142857143   -0.15384615384615    0.25000000000000             2
    0.50000000000000   -0.15384615384615    0.25000000000000             2
   -0.42857142857143   -0.15384615384615    0.25000000000000             2
   -0.35714285714286   -0.15384615384615    0.25000000000000             2
   -0.28571428571429   -0.15384615384615    0.25000000000000             2
   -0.21428571428571   -0.15384615384615    0.25000000000000             2
   -0.14285714285714   -0.15384615384615    0.25000000000000             2
   -0.07142857142857   -0.15384615384615    0.25000000000000             2
    0.00000000000000   -0.07692307692308    0.25000000000000             2
    0.07142857142857   -0.07692307692308    0.25000000000000             2
    0.14285714285714   -0.07692307692308    0.25000000000000             2
    0.21428571428571   -0.07692307692308    0.25000000000000             2
    0.28571428571429   -0.07692307692308    0.25000000000000             2
    0.35714285714286   -0.07692307692308    0.25000000000000             2
    0.42857142857143   -0.07692307692308    0.25000000000000             2
    0.50000000000000   -0.07692307692308    0.25000000000000             2
   -0.42857142857143   -0.07692307692308    0.25000000000000             2
   -0.35714285714286   -0.07692307692308    0.25000000000000             2
   -0.28571428571429   -0.07692307692308    0.25000000000000             2
   -0.21428571428571   -0.07692307692308    0.25000000000000             2
   -0.14285714285714   -0.07692307692308    0.25000000000000             2
   -0.07142857142857   -0.07692307692308    0.25000000000000             2
    0.00000000000000    0.00000000000000    0.50000000000000             1
    0.07142857142857    0.00000000000000    0.50000000000000             2
    0.14285714285714    0.00000000000000    0.50000000000000             2
    0.21428571428571    0.00000000000000    0.50000000000000             2
    0.28571428571429    0.00000000000000    0.50000000000000             2
    0.35714285714286    0.00000000000000    0.50000000000000             2
    0.42857142857143    0.00000000000000    0.50000000000000             2
    0.50000000000000    0.00000000000000    0.50000000000000             1
    0.00000000000000    0.07692307692308    0.50000000000000             2
    0.07142857142857    0.07692307692308    0.50000000000000             2
    0.14285714285714    0.07692307692308    0.50000000000000             2
    0.21428571428571    0.07692307692308    0.50000000000000             2
    0.28571428571429    0.07692307692308    0.50000000000000             2
    0.35714285714286    0.07692307692308    0.50000000000000             2
    0.42857142857143    0.07692307692308    0.50000000000000             2
    0.50000000000000    0.07692307692308    0.50000000000000             2
   -0.42857142857143    0.07692307692308    0.50000000000000             2
   -0.35714285714286    0.07692307692308    0.50000000000000             2
   -0.28571428571429    0.07692307692308    0.50000000000000             2
   -0.21428571428571    0.07692307692308    0.50000000000000             2
   -0.14285714285714    0.07692307692308    0.50000000000000             2
   -0.07142857142857    0.07692307692308    0.50000000000000             2
    0.00000000000000    0.15384615384615    0.50000000000000             2
    0.07142857142857    0.15384615384615    0.50000000000000             2
    0.14285714285714    0.15384615384615    0.50000000000000             2
    0.21428571428571    0.15384615384615    0.50000000000000             2
    0.28571428571429    0.15384615384615    0.50000000000000             2
    0.35714285714286    0.15384615384615    0.50000000000000             2
    0.42857142857143    0.15384615384615    0.50000000000000             2
    0.50000000000000    0.15384615384615    0.50000000000000             2
   -0.42857142857143    0.15384615384615    0.50000000000000             2
   -0.35714285714286    0.15384615384615    0.50000000000000             2
   -0.28571428571429    0.15384615384615    0.50000000000000             2
   -0.21428571428571    0.15384615384615    0.50000000000000             2
   -0.14285714285714    0.15384615384615    0.50000000000000             2
   -0.07142857142857    0.15384615384615    0.50000000000000             2
    0.00000000000000    0.23076923076923    0.50000000000000             2
    0.07142857142857    0.23076923076923    0.50000000000000             2
    0.14285714285714    0.23076923076923    0.50000000000000             2
    0.21428571428571    0.23076923076923    0.50000000000000             2
    0.28571428571429    0.23076923076923    0.50000000000000             2
    0.35714285714286    0.23076923076923    0.50000000000000             2
    0.42857142857143    0.23076923076923    0.50000000000000             2
    0.50000000000000    0.23076923076923    0.50000000000000             2
   -0.42857142857143    0.23076923076923    0.50000000000000             2
   -0.35714285714286    0.23076923076923    0.50000000000000             2
   -0.28571428571429    0.23076923076923    0.50000000000000             2
   -0.21428571428571    0.23076923076923    0.50000000000000             2
   -0.14285714285714    0.23076923076923    0.50000000000000             2
   -0.07142857142857    0.23076923076923    0.50000000000000             2
    0.00000000000000    0.30769230769231    0.50000000000000             2
    0.07142857142857    0.30769230769231    0.50000000000000             2
    0.14285714285714    0.30769230769231    0.50000000000000             2
    0.21428571428571    0.30769230769231    0.50000000000000             2
    0.28571428571429    0.30769230769231    0.50000000000000             2
    0.35714285714286    0.30769230769231    0.50000000000000             2
    0.42857142857143    0.30769230769231    0.50000000000000             2
    0.50000000000000    0.30769230769231    0.50000000000000             2
   -0.42857142857143    0.30769230769231    0.50000000000000             2
   -0.35714285714286    0.30769230769231    0.50000000000000             2
   -0.28571428571429    0.30769230769231    0.50000000000000             2
   -0.21428571428571    0.30769230769231    0.50000000000000             2
   -0.14285714285714    0.30769230769231    0.50000000000000             2
   -0.07142857142857    0.30769230769231    0.50000000000000             2
    0.00000000000000    0.38461538461539    0.50000000000000             2
    0.07142857142857    0.38461538461539    0.50000000000000             2
    0.14285714285714    0.38461538461539    0.50000000000000             2
    0.21428571428571    0.38461538461539    0.50000000000000             2
    0.28571428571429    0.38461538461539    0.50000000000000             2
    0.35714285714286    0.38461538461539    0.50000000000000             2
    0.42857142857143    0.38461538461539    0.50000000000000             2
    0.50000000000000    0.38461538461539    0.50000000000000             2
   -0.42857142857143    0.38461538461539    0.50000000000000             2
   -0.35714285714286    0.38461538461539    0.50000000000000             2
   -0.28571428571429    0.38461538461539    0.50000000000000             2
   -0.21428571428571    0.38461538461539    0.50000000000000             2
   -0.14285714285714    0.38461538461539    0.50000000000000             2
   -0.07142857142857    0.38461538461539    0.50000000000000             2
    0.00000000000000    0.46153846153846    0.50000000000000             2
    0.07142857142857    0.46153846153846    0.50000000000000             2
    0.14285714285714    0.46153846153846    0.50000000000000             2
    0.21428571428571    0.46153846153846    0.50000000000000             2
    0.28571428571429    0.46153846153846    0.50000000000000             2
    0.35714285714286    0.46153846153846    0.50000000000000             2
    0.42857142857143    0.46153846153846    0.50000000000000             2
    0.50000000000000    0.46153846153846    0.50000000000000             2
   -0.42857142857143    0.46153846153846    0.50000000000000             2
   -0.35714285714286    0.46153846153846    0.50000000000000             2
   -0.28571428571429    0.46153846153846    0.50000000000000             2
   -0.21428571428571    0.46153846153846    0.50000000000000             2
   -0.14285714285714    0.46153846153846    0.50000000000000             2
   -0.07142857142857    0.46153846153846    0.50000000000000             2
