Automatically generated mesh
      50
Reciprocal lattice
    0.00000000000000    0.00000000000000    0.00000000000000             1
    0.12500000000000    0.00000000000000    0.00000000000000             2
    0.25000000000000    0.00000000000000    0.00000000000000             2
    0.37500000000000    0.00000000000000    0.00000000000000             2
    0.50000000000000    0.00000000000000    0.00000000000000             1
    0.00000000000000    0.25000000000000    0.00000000000000             2
    0.12500000000000    0.25000000000000    0.00000000000000             2
    0.25000000000000    0.25000000000000    0.00000000000000             2
    0.37500000000000    0.25000000000000    0.00000000000000             2
    0.50000000000000    0.25000000000000    0.00000000000000             2
   -0.37500000000000    0.25000000000000    0.00000000000000             2
   -0.25000000000000    0.25000000000000    0.00000000000000             2
   -0.12500000000000    0.25000000000000    0.00000000000000             2
    0.00000000000000    0.50000000000000    0.00000000000000             1
    0.12500000000000    0.50000000000000    0.00000000000000             2
    0.25000000000000    0.50000000000000    0.00000000000000             2
    0.37500000000000    0.50000000000000    0.00000000000000             2
    0.50000000000000    0.50000000000000    0.00000000000000             1
    0.00000000000000    0.00000000000000    0.33333333333333             2
    0.12500000000000    0.00000000000000    0.33333333333333             2
    0.25000000000000    0.00000000000000    0.33333333333333             2
    0.37500000000000    0.00000000000000    0.33333333333333             2
    0.50000000000000    0.00000000000000    0.33333333333333             2
   -0.37500000000000    0.00000000000000    0.33333333333333             2
   -0.25000000000000    0.00000000000000    0.33333333333333             2
   -0.12500000000000    0.00000000000000    0.33333333333333             2
    0.00000000000000    0.25000000000000    0.33333333333333             2
    0.12500000000000    0.25000000000000    0.33333333333333             2
    0.25000000000000    0.25000000000000    0.33333333333333             2
    0.37500000000000    0.25000000000000    0.33333333333333             2
    0.50000000000000    0.25000000000000    0.33333333333333             2
   -0.37500000000000    0.25000000000000    0.33333333333333             2
   -0.25000000000000    0.25000000000000    0.33333333333333             2
   -0.12500000000000    0.25000000000000    0.33333333333333             2
    0.00000000000000    0.50000000000000    0.33333333333333             2
    0.12500000000000    0.50000000000000    0.33333333333333             2
    0.25000000000000    0.50000000000000    0.33333333333333             2
    0.37500000000000    0.50000000000000    0.33333333333333             2
    0.50000000000000    0.50000000000000    0.33333333333333             2
   -0.37500000000000    0.50000000000000    0.33333333333333             2
   -0.25000000000000    0.50000000000000    0.33333333333333             2
   -0.12500000000000    0.50000000000000    0.33333333333333             2
    0.00000000000000   -0.25000000000000    0.33333333333333             2
    0.12500000000000   -0.25000000000000    0.33333333333333             2
    0.25000000000000   -0.25000000000000    0.33333333333333             2
    0.37500000000000   -0.25000000000000    0.33333333333333             2
    0.50000000000000   -0.25000000000000    0.33333333333333             2
   -0.37500000000000   -0.25000000000000    0.33333333333333             2
   -0.25000000000000   -0.25000000000000    0.33333333333333             2
   -0.12500000000000   -0.25000000000000    0.33333333333333             2
Tetrahedra
       288    0.00173611111111
         2         2         6         7        27
         2         1         2         6        27
         2         1         2        19        27
         2         2         7        27        28
         2         2        20        27        28
         2         2        19        20        27
         2         3         7         8        28
         2         2         3         7        28
         2         2         3        20        28
         2         3         8        28        29
         2         3        21        28        29
         2         3        20        21        28
         2         4         8         9        29
         2         3         4         8        29
         2         3         4        21        29
         2         4         9        29        30
         2         4        22        29        30
         2         4        21        22        29
         2         5         9        10        30
         2         4         5         9        30
         2         4         5        22        30
         2         5        10        30        31
         2         5        23        30        31
         2         5        22        23        30
         2         4        10        11        31
         2         4         5        10        31
         2         4         5        23        31
         2         4        11        31        32
         2         4        24        31        32
         2         4        23        24        31
         2         3        11        12        32
         2         3         4        11        32
         2         3         4        24        32
         2         3        12        32        33
         2         3        25        32        33
         2         3        24        25        32
         2         2        12        13        33
         2         2         3        12        33
         2         2         3        25        33
         2         2        13        33        34
         2         2        26        33        34
         2         2        25        26        33
         2         1         6        13        34
         2         1         2        13        34
         2         1         2        26        34
         2         1         6        27        34
         2         1        19        27        34
         2         1        19        26        34
         2         7        14        15        35
         2         6         7        14        35
         2         6         7        27        35
         2         7        15        35        36
         2         7        28        35        36
         2         7        27        28        35
         2         8        15        16        36
         2         7         8        15        36
         2         7         8        28        36
         2         8        16        36        37
         2         8        29        36        37
         2         8        28        29        36
         2         9        16        17        37
         2         8         9        16        37
         2         8         9        29        37
         2         9        17        37        38
         2         9        30        37        38
         2         9        29        30        37
         2        10        17        18        38
         2         9        10        17        38
         2         9        10        30        38
         2        10        18        38        39
         2        10        31        38        39
         2        10        30        31        38
         2        11        17        18        39
         2        10        11        18        39
         2        10        11        31        39
         2        11        17        39        40
         2        11        32        39        40
         2        11        31        32        39
         2        12        16        17        40
         2        11        12        17        40
         2        11        12        32        40
         2        12        16        40        41
         2        12        33        40        41
         2        12        32        33        40
         2        13        15        16        41
         2        12        13        16        41
         2        12        13        33        41
         2        13        15        41        42
         2        13        34        41        42
         2        13        33        34        41
         2         6        14        15        42
         2         6        13        15        42
         2         6        13        34        42
         2         6        14        35        42
         2         6        27        35        42
         2         6        27        34        42
         2         6        13        15        43
         2         6        14        15        43
         2        14        15        35        43
         2        13        15        43        44
         2        15        36        43        44
         2        15        35        36        43
         2        12        13        16        44
         2        13        15        16        44
         2        15        16        36        44
         2        12        16        44        45
         2        16        37        44        45
         2        16        36        37        44
         2        11        12        17        45
         2        12        16        17        45
         2        16        17        37        45
         2        11        17        45        46
         2        17        38        45        46
         2        17        37        38        45
         2        10        11        18        46
         2        11        17        18        46
         2        17        18        38        46
         2        10        18        46        47
         2        18        39        46        47
         2        18        38        39        46
         2         9        10        17        47
         2        10        17        18        47
         2        17        18        39        47
         2         9        17        47        48
         2        17        40        47        48
         2        17        39        40        47
         2         8         9        16        48
         2         9        16        17        48
         2        16        17        40        48
         2         8        16        48        49
         2        16        41        48        49
         2        16        40        41        48
         2         7         8        15        49
         2         8        15        16        49
         2        15        16        41        49
         2         7        15        49        50
         2        15        42        49        50
         2        15        41        42        49
         2         6         7        14        50
         2         7        14        15        50
         2        14        15        42        50
         2         6        14        43        50
         2        14        35        43        50
         2        14        35        42        50
         2         1         2        13        19
         2         1         6        13        19
         2         6        13        19        43
         2         2        13        19        20
         2        13        19        20        44
         2        13        19        43        44
         2         2         3        12        20
         2         2        12        13        20
         2        12        13        20        44
         2         3        12        20        21
         2        12        20        21        45
         2        12        20        44        45
         2         3         4        11        21
         2         3        11        12        21
         2        11        12        21        45
         2         4        11        21        22
         2        11        21        22        46
         2        11        21        45        46
         2         4         5        10        22
         2         4        10        11        22
         2        10        11        22        46
         2         5        10        22        23
         2        10        22        23        47
         2        10        22        46        47
         2         4         5         9        23
         2         5         9        10        23
         2         9        10        23        47
         2         4         9        23        24
         2         9        23        24        48
         2         9        23        47        48
         2         3         4         8        24
         2         4         8         9        24
         2         8         9        24        48
         2         3         8        24        25
         2         8        24        25        49
         2         8        24        48        49
         2         2         3         7        25
         2         3         7         8        25
         2         7         8        25        49
         2         2         7        25        26
         2         7        25        26        50
         2         7        25        49        50
         2         1         2         6        26
         2         2         6         7        26
         2         6         7        26        50
         2         1         6        19        26
         2         6        19        26        43
         2         6        26        43        50
         2        20        27        28        43
         2        19        20        27        43
         2        19        19        20        43
         2        20        28        43        50
         2        20        26        43        50
         2        19        20        26        43
         2        21        28        29        50
         2        20        21        28        50
         2        20        21        26        50
         2        21        29        49        50
         2        21        25        49        50
         2        21        25        26        50
         2        22        29        30        49
         2        21        22        29        49
         2        21        22        25        49
         2        22        30        48        49
         2        22        24        48        49
         2        22        24        25        49
         2        23        30        31        48
         2        22        23        30        48
         2        22        23        24        48
         2        23        31        47        48
         2        23        23        47        48
         2        23        23        24        48
         2        24        31        32        47
         2        23        24        31        47
         2        23        23        24        47
         2        24        32        46        47
         2        22        24        46        47
         2        22        23        24        47
         2        25        32        33        46
         2        24        25        32        46
         2        22        24        25        46
         2        25        33        45        46
         2        21        25        45        46
         2        21        22        25        46
         2        26        33        34        45
         2        25        26        33        45
         2        21        25        26        45
         2        26        34        44        45
         2        20        26        44        45
         2        20        21        26        45
         2        19        27        34        44
         2        19        26        34        44
         2        19        20        26        44
         2        19        27        43        44
         2        19        19        43        44
         2        19        19        20        44
         2        28        35        35        36
         2        27        28        35        35
         2        27        28        35        43
         2        28        35        36        42
         2        28        35        42        50
         2        28        35        43        50
         2        29        36        37        42
         2        28        29        36        42
         2        28        29        42        50
         2        29        37        41        42
         2        29        41        42        49
         2        29        42        49        50
         2        30        37        38        41
         2        29        30        37        41
         2        29        30        41        49
         2        30        38        40        41
         2        30        40        41        48
         2        30        41        48        49
         2        31        38        39        40
         2        30        31        38        40
         2        30        31        40        48
         2        31        39        39        40
         2        31        39        40        47
         2        31        40        47        48
         2        32        39        39        40
         2        31        32        39        39
         2        31        32        39        47
         2        32        38        39        40
         2        32        38        39        46
         2        32        39        46        47
         2        33        38        40        41
         2        32        33        38        40
         2        32        33        38        46
         2        33        37        38        41
         2        33        37        38        45
         2        33        38        45        46
         2        34        37        41        42
         2        33        34        37        41
         2        33        34        37        45
         2        34        36        37        42
         2        34        36        37        44
         2        34        37        44        45
         2        27        35        36        42
         2        27        34        36        42
         2        27        34        36        44
         2        27        35        35        36
         2        27        35        36        43
         2        27        36        43        44
