Automatically generated mesh
      68
Reciprocal lattice
    0.00000000000000    0.00000000000000    0.00000000000000             1
    0.11111111111111    0.00000000000000    0.00000000000000             2
    0.22222222222222    0.00000000000000    0.00000000000000             2
    0.33333333333333    0.00000000000000    0.00000000000000             2
    0.44444444444444    0.00000000000000    0.00000000000000             2
    0.00000000000000    0.20000000000000    0.00000000000000             2
    0.11111111111111    0.20000000000000    0.00000000000000             2
    0.22222222222222    0.20000000000000    0.00000000000000             2
    0.33333333333333    0.20000000000000    0.00000000000000             2
    0.44444444444444    0.20000000000000    0.00000000000000             2
   -0.44444444444444    0.20000000000000    0.00000000000000             2
   -0.33333333333333    0.20000000000000    0.00000000000000             2
   -0.22222222222222    0.20000000000000    0.00000000000000             2
   -0.11111111111111    0.20000000000000    0.00000000000000             2
    0.00000000000000    0.40000000000000    0.00000000000000             2
    0.11111111111111    0.40000000000000    0.00000000000000             2
    0.22222222222222    0.40000000000000    0.00000000000000             2
    0.33333333333333    0.40000000000000    0.00000000000000             2
    0.44444444444444    0.40000000000000    0.00000000000000             2
   -0.44444444444444    0.40000000000000    0.00000000000000             2
   -0.33333333333333    0.40000000000000    0.00000000000000             2
   -0.22222222222222    0.40000000000000    0.00000000000000             2
   -0.11111111111111    0.40000000000000    0.00000000000000             2
    0.00000000000000    0.00000000000000    0.33333333333333             2
    0.11111111111111    0.00000000000000    0.33333333333333             2
    0.22222222222222    0.00000000000000    0.33333333333333             2
    0.33333333333333    0.00000000000000    0.33333333333333             2
    0.44444444444444    0.00000000000000    0.33333333333333             2
   -0.44444444444444    0.00000000000000    0.33333333333333             2
   -0.33333333333333    0.00000000000000    0.33333333333333             2
   -0.22222222222222    0.00000000000000    0.33333333333333             2
   -0.11111111111111    0.00000000000000    0.33333333333333             2
    0.00000000000000    0.20000000000000    0.33333333333333             2
    0.11111111111111    0.20000000000000    0.33333333333333             2
    0.22222222222222    0.20000000000000    0.33333333333333             2
    0.33333333333333    0.20000000000000    0.33333333333333             2
    0.44444444444444    0.20000000000000    0.33333333333333             2
   -0.44444444444444    0.20000000000000    0.33333333333333             2
   -0.33333333333333    0.20000000000000    0.33333333333333             2
   -0.22222222222222    0.20000000000000    0.33333333333333             2
   -0.11111111111111    0.20000000000000    0.33333333333333             2
    0.00000000000000    0.40000000000000    0.33333333333333             2
    0.11111111111111    0.40000000000000    0.33333333333333             2
    0.22222222222222    0.40000000000000    0.33333333333333             2
    0.33333333333333    0.40000000000000    0.33333333333333             2
    0.44444444444444    0.40000000000000    0.33333333333333             2
   -0.44444444444444    0.40000000000000    0.33333333333333             2
   -0.33333333333333    0.40000000000000    0.33333333333333             2
   -0.22222222222222    0.40000000000000    0.33333333333333             2
   -0.11111111111111    0.40000000000000    0.33333333333333             2
    0.00000000000000   -0.40000000000000    0.33333333333333             2
    0.11111111111111   -0.40000000000000    0.33333333333333             2
    0.22222222222222   -0.40000000000000    0.33333333333333             2
    0.33333333333333   -0.40000000000000    0.33333333333333             2
    0.44444444444444   -0.40000000000000    0.33333333333333             2
   -0.44444444444444   -0.40000000000000    0.33333333333333             2
   -0.33333333333333   -0.40000000000000    0.33333333333333             2
   -0.22222222222222   -0.40000000000000    0.33333333333333             2
   -0.11111111111111   -0.40000000000000    0.33333333333333             2
    0.00000000000000   -0.20000000000000    0.33333333333333             2
    0.11111111111111   -0.20000000000000    0.33333333333333             2
    0.22222222222222   -0.20000000000000    0.33333333333333             2
    0.33333333333333   -0.20000000000000    0.33333333333333             2
    0.44444444444444   -0.20000000000000    0.33333333333333             2
   -0.44444444444444   -0.20000000000000    0.33333333333333             2
   -0.33333333333333   -0.20000000000000    0.33333333333333             2
   -0.22222222222222   -0.20000000000000    0.33333333333333             2
   -0.11111111111111   -0.20000000000000    0.33333333333333             2
Tetrahedra
       402    0.00123456790123
         2         1         2         6        25
         2         2         6         7        25
         2         6         7        25        34
         2         1         6        24        25
         2         6        24        25        33
         2         6        25        33        34
         2         2         3         7        26
         2         3         7         8        26
         2         7         8        26        35
         2         2         7        25        26
         2         7        25        26        34
         2         7        26        34        35
         2         3         4         8        27
         2         4         8         9        27
         2         8         9        27        36
         2         3         8        26        27
         2         8        26        27        35
         2         8        27        35        36
         2         4         5         9        28
         2         5         9        10        28
         2         9        10        28        37
         2         4         9        27        28
         2         9        27        28        36
         2         9        28        36        37
         2         5         5        10        29
         2         5        10        11        29
         2        10        11        29        38
         2         5        10        28        29
         2        10        28        29        37
         2        10        29        37        38
         2         4         5        11        30
         2         4        11        12        30
         2        11        12        30        39
         2         5        11        29        30
         2        11        29        30        38
         2        11        30        38        39
         2         3         4        12        31
         2         3        12        13        31
         2        12        13        31        40
         2         4        12        30        31
         2        12        30        31        39
         2        12        31        39        40
         2         2         3        13        32
         2         2        13        14        32
         2        13        14        32        41
         2         3        13        31        32
         2        13        31        32        40
         2        13        32        40        41
         2         1         2        14        24
         2         1         6        14        24
         2         6        14        24        33
         2         2        14        24        32
         2        14        24        32        41
         2        14        24        33        41
         2         6         7        15        34
         2         7        15        16        34
         2        15        16        34        43
         2         6        15        33        34
         2        15        33        34        42
         2        15        34        42        43
         2         7         8        16        35
         2         8        16        17        35
         2        16        17        35        44
         2         7        16        34        35
         2        16        34        35        43
         2        16        35        43        44
         2         8         9        17        36
         2         9        17        18        36
         2        17        18        36        45
         2         8        17        35        36
         2        17        35        36        44
         2        17        36        44        45
         2         9        10        18        37
         2        10        18        19        37
         2        18        19        37        46
         2         9        18        36        37
         2        18        36        37        45
         2        18        37        45        46
         2        10        11        19        38
         2        11        19        20        38
         2        19        20        38        47
         2        10        19        37        38
         2        19        37        38        46
         2        19        38        46        47
         2        11        12        20        39
         2        12        20        21        39
         2        20        21        39        48
         2        11        20        38        39
         2        20        38        39        47
         2        20        39        47        48
         2        12        13        21        40
         2        13        21        22        40
         2        21        22        40        49
         2        12        21        39        40
         2        21        39        40        48
         2        21        40        48        49
         2        13        14        22        41
         2        14        22        23        41
         2        22        23        41        50
         2        13        22        40        41
         2        22        40        41        49
         2        22        41        49        50
         2         6        14        23        33
         2         6        15        23        33
         2        15        23        33        42
         2        14        23        33        41
         2        23        33        41        50
         2        23        33        42        50
         2        15        15        16        43
         2        15        16        23        43
         2        15        23        43        52
         2        15        15        42        43
         2        15        42        43        51
         2        15        43        51        52
         2        16        17        23        44
         2        17        22        23        44
         2        22        23        44        53
         2        16        23        43        44
         2        23        43        44        52
         2        23        44        52        53
         2        17        18        22        45
         2        18        21        22        45
         2        21        22        45        54
         2        17        22        44        45
         2        22        44        45        53
         2        22        45        53        54
         2        18        19        21        46
         2        19        20        21        46
         2        20        21        46        55
         2        18        21        45        46
         2        21        45        46        54
         2        21        46        54        55
         4        19        20        20        47
         2        19        20        47        56
         2        19        20        46        47
         2        20        46        47        55
         2        20        47        55        56
         2        19        20        21        48
         2        18        19        21        48
         2        18        19        48        57
         2        19        20        47        48
         2        19        47        48        56
         2        19        48        56        57
         2        18        21        22        49
         2        17        18        22        49
         2        17        18        49        58
         2        18        21        48        49
         2        18        48        49        57
         2        18        49        57        58
         2        17        22        23        50
         2        16        17        23        50
         2        16        17        50        59
         2        17        22        49        50
         2        17        49        50        58
         2        17        50        58        59
         2        15        16        23        42
         2        15        15        16        42
         2        15        16        42        51
         2        16        23        42        50
         2        16        42        50        59
         2        16        42        51        59
         2         6        15        23        52
         2         6        14        23        52
         2         6        14        52        61
         2         6        15        51        52
         2         6        51        52        60
         2         6        52        60        61
         2        14        22        23        53
         2        13        14        22        53
         2        13        14        53        62
         2        14        23        52        53
         2        14        52        53        61
         2        14        53        61        62
         2        13        21        22        54
         2        12        13        21        54
         2        12        13        54        63
         2        13        22        53        54
         2        13        53        54        62
         2        13        54        62        63
         2        12        20        21        55
         2        11        12        20        55
         2        11        12        55        64
         2        12        21        54        55
         2        12        54        55        63
         2        12        55        63        64
         2        11        19        20        56
         2        10        11        19        56
         2        10        11        56        65
         2        11        20        55        56
         2        11        55        56        64
         2        11        56        64        65
         2        10        18        19        57
         2         9        10        18        57
         2         9        10        57        66
         2        10        19        56        57
         2        10        56        57        65
         2        10        57        65        66
         2         9        17        18        58
         2         8         9        17        58
         2         8         9        58        67
         2         9        18        57        58
         2         9        57        58        66
         2         9        58        66        67
         2         8        16        17        59
         2         7         8        16        59
         2         7         8        59        68
         2         8        17        58        59
         2         8        58        59        67
         2         8        59        67        68
         2         7        15        16        51
         2         6         7        15        51
         2         6         7        51        60
         2         7        16        51        59
         2         7        51        59        68
         2         7        51        60        68
         2         1         6        14        61
         2         1         2        14        61
         2         1         2        25        61
         2         1         6        60        61
         2         1        24        60        61
         2         1        24        25        61
         2         2        13        14        62
         2         2         3        13        62
         2         2         3        26        62
         2         2        14        61        62
         2         2        25        61        62
         2         2        25        26        62
         2         3        12        13        63
         2         3         4        12        63
         2         3         4        27        63
         2         3        13        62        63
         2         3        26        62        63
         2         3        26        27        63
         2         4        11        12        64
         2         4         5        11        64
         2         4         5        28        64
         2         4        12        63        64
         2         4        27        63        64
         2         4        27        28        64
         2         5        10        11        65
         2         5         5        10        65
         2         5         5        29        65
         2         5        11        64        65
         2         5        28        64        65
         2         5        28        29        65
         2         5         9        10        66
         2         4         5         9        66
         2         4         5        30        66
         2         5        10        65        66
         2         5        29        65        66
         2         5        29        30        66
         2         4         8         9        67
         2         3         4         8        67
         2         3         4        31        67
         2         4         9        66        67
         2         4        30        66        67
         2         4        30        31        67
         2         3         7         8        68
         2         2         3         7        68
         2         2         3        32        68
         2         3         8        67        68
         2         3        31        67        68
         2         3        31        32        68
         2         2         6         7        60
         2         1         2         6        60
         2         1         2        24        60
         2         2         7        60        68
         2         2        32        60        68
         2         2        24        32        60
         2        24        25        32        33
         2        25        32        33        34
         2        32        33        34        68
         2        24        24        32        33
         2        24        32        33        60
         2        32        33        60        68
         2        25        26        31        34
         2        26        31        34        35
         2        31        34        35        67
         2        25        31        32        34
         2        31        32        34        68
         2        31        34        67        68
         2        26        27        30        35
         2        27        30        35        36
         2        30        35        36        66
         2        26        30        31        35
         2        30        31        35        67
         2        30        35        66        67
         2        27        28        29        36
         2        28        29        36        37
         2        29        36        37        65
         2        27        29        30        36
         2        29        30        36        66
         2        29        36        65        66
         4        28        28        29        37
         2        28        29        37        38
         2        28        37        38        64
         2        28        29        37        65
         2        28        37        64        65
         2        27        29        30        38
         2        27        30        38        39
         2        27        38        39        63
         2        27        28        29        38
         2        27        28        38        64
         2        27        38        63        64
         2        26        30        31        39
         2        26        31        39        40
         2        26        39        40        62
         2        26        27        30        39
         2        26        27        39        63
         2        26        39        62        63
         2        25        31        32        40
         2        25        32        40        41
         2        25        40        41        61
         2        25        26        31        40
         2        25        26        40        62
         2        25        40        61        62
         2        24        24        32        41
         2        24        24        33        41
         2        24        33        41        60
         2        24        25        32        41
         2        24        25        41        61
         2        24        41        60        61
         2        33        34        42        68
         2        34        42        43        68
         2        42        43        59        68
         2        33        42        60        68
         2        42        51        60        68
         2        42        51        59        68
         2        34        35        43        67
         2        35        43        44        67
         2        43        44        58        67
         2        34        43        67        68
         2        43        59        67        68
         2        43        58        59        67
         2        35        36        44        66
         2        36        44        45        66
         2        44        45        57        66
         2        35        44        66        67
         2        44        58        66        67
         2        44        57        58        66
         2        36        37        45        65
         2        37        45        46        65
         2        45        46        56        65
         2        36        45        65        66
         2        45        57        65        66
         2        45        56        57        65
         2        37        38        46        64
         2        38        46        47        64
         2        46        47        55        64
         2        37        46        64        65
         2        46        56        64        65
         2        46        55        56        64
         2        38        39        47        63
         2        39        47        48        63
         2        47        48        54        63
         2        38        47        63        64
         2        47        55        63        64
         2        47        54        55        63
         2        39        40        48        62
         2        40        48        49        62
         2        48        49        53        62
         2        39        48        62        63
         2        48        54        62        63
         2        48        53        54        62
         2        40        41        49        61
         2        41        49        50        61
         2        49        50        52        61
         2        40        49        61        62
         2        49        53        61        62
         2        49        52        53        61
         2        33        41        50        60
         2        33        42        50        60
         2        42        50        51        60
         2        41        50        60        61
         2        50        52        60        61
         2        50        51        52        60
         2        42        43        51        59
         2        43        51        52        59
         2        50        51        52        59
         4        42        51        51        59
         2        42        50        51        59
         2        43        44        52        58
         2        44        52        53        58
         2        49        52        53        58
         2        43        52        58        59
         2        50        52        58        59
         2        49        50        52        58
         2        44        45        53        57
         2        45        53        54        57
         2        48        53        54        57
         2        44        53        57        58
         2        49        53        57        58
         2        48        49        53        57
         2        45        46        54        56
         2        46        54        55        56
         2        47        54        55        56
         2        45        54        56        57
         2        48        54        56        57
         2        47        48        54        56
         2        46        47        55        55
         2        47        55        55        56
         2        46        55        55        56
