Automatically generated mesh
      38
Reciprocal lattice
    0.00000000000000    0.00000000000000    0.00000000000000             1
    0.16666666666667    0.00000000000000    0.00000000000000             2
    0.33333333333333    0.00000000000000    0.00000000000000             2
    0.50000000000000    0.00000000000000    0.00000000000000             1
    0.00000000000000    0.33333333333333    0.00000000000000             2
    0.16666666666667    0.33333333333333    0.00000000000000             2
    0.33333333333333    0.33333333333333    0.00000000000000             2
    0.50000000000000    0.33333333333333    0.00000000000000             2
   -0.33333333333333    0.33333333333333    0.00000000000000             2
   -0.16666666666667    0.33333333333333    0.00000000000000             2
    0.00000000000000    0.00000000000000    0.25000000000000             2
    0.16666666666667    0.00000000000000    0.25000000000000             2
    0.33333333333333    0.00000000000000    0.25000000000000             2
    0.50000000000000    0.00000000000000    0.25000000000000             2
   -0.33333333333333    0.00000000000000    0.25000000000000             2
   -0.16666666666667    0.00000000000000    0.25000000000000             2
    0.00000000000000    0.33333333333333    0.25000000000000             2
    0.16666666666667    0.33333333333333    0.25000000000000             2
    0.33333333333333    0.33333333333333    0.25000000000000             2
    0.50000000000000    0.33333333333333    0.25000000000000             2
   -0.33333333333333    0.33333333333333    0.25000000000000             2
   -0.16666666666667    0.33333333333333    0.25000000000000             2
    0.00000000000000   -0.33333333333333    0.25000000000000             2
    0.16666666666667   -0.33333333333333    0.25000000000000             2
    0.33333333333333   -0.33333333333333    0.25000000000000             2
    0.50000000000000   -0.33333333333333    0.25000000000000             2
   -0.33333333333333   -0.33333333333333    0.25000000000000             2
   -0.16666666666667   -0.33333333333333    0.25000000000000             2
    0.00000000000000    0.00000000000000    0.50000000000000             1
    0.16666666666667    0.00000000000000    0.50000000000000             2
    0.33333333333333    0.00000000000000    0.50000000000000             2
    0.50000000000000    0.00000000000000    0.50000000000000             1
    0.00000000000000    0.33333333333333    0.50000000000000             2
    0.16666666666667    0.33333333333333    0.50000000000000             2
    0.33333333333333    0.33333333333333    0.50000000000000             2
    0.50000000000000    0.33333333333333    0.50000000000000             2
   -0.33333333333333    0.33333333333333    0.50000000000000             2
   -0.16666666666667    0.33333333333333    0.50000000000000             2
Tetrahedra
       216    0.00231481481481
         2         1         2         5        12
         2         2         5         6        12
         2         5         6        12        18
         2         1         5        11        12
         2         5        11        12        17
         2         5        12        17        18
         2         2         3         6        13
         2         3         6         7        13
         2         6         7        13        19
         2         2         6        12        13
         2         6        12        13        18
         2         6        13        18        19
         2         3         4         7        14
         2         4         7         8        14
         2         7         8        14        20
         2         3         7        13        14
         2         7        13        14        19
         2         7        14        19        20
         2         3         4         8        15
         2         3         8         9        15
         2         8         9        15        21
         2         4         8        14        15
         2         8        14        15        20
         2         8        15        20        21
         2         2         3         9        16
         2         2         9        10        16
         2         9        10        16        22
         2         3         9        15        16
         2         9        15        16        21
         2         9        16        21        22
         2         1         2        10        11
         2         1         5        10        11
         2         5        10        11        17
         2         2        10        11        16
         2        10        11        16        22
         2        10        11        17        22
         2         5         5         6        18
         2         5         6        10        18
         2         5        10        18        24
         2         5         5        17        18
         2         5        17        18        23
         2         5        18        23        24
         2         6         7        10        19
         2         7         9        10        19
         2         9        10        19        25
         2         6        10        18        19
         2        10        18        19        24
         2        10        19        24        25
         2         7         8         9        20
         2         8         8         9        20
         2         8         9        20        26
         2         7         9        19        20
         2         9        19        20        25
         2         9        20        25        26
         2         8         8         9        21
         2         7         8         9        21
         2         7         8        21        27
         2         8         8        20        21
         2         8        20        21        26
         2         8        21        26        27
         2         7         9        10        22
         2         6         7        10        22
         2         6         7        22        28
         2         7         9        21        22
         2         7        21        22        27
         2         7        22        27        28
         2         5         6        10        17
         2         5         5         6        17
         2         5         6        17        23
         2         6        10        17        22
         2         6        17        22        28
         2         6        17        23        28
         2         1         5        10        24
         2         1         2        10        24
         2         1         2        12        24
         2         1         5        23        24
         2         1        11        23        24
         2         1        11        12        24
         2         2         9        10        25
         2         2         3         9        25
         2         2         3        13        25
         2         2        10        24        25
         2         2        12        24        25
         2         2        12        13        25
         2         3         8         9        26
         2         3         4         8        26
         2         3         4        14        26
         2         3         9        25        26
         2         3        13        25        26
         2         3        13        14        26
         2         4         7         8        27
         2         3         4         7        27
         2         3         4        15        27
         2         4         8        26        27
         2         4        14        26        27
         2         4        14        15        27
         2         3         6         7        28
         2         2         3         6        28
         2         2         3        16        28
         2         3         7        27        28
         2         3        15        27        28
         2         3        15        16        28
         2         2         5         6        23
         2         1         2         5        23
         2         1         2        11        23
         2         2         6        23        28
         2         2        16        23        28
         2         2        11        16        23
         2        11        12        17        30
         2        12        17        18        30
         2        17        18        30        34
         2        11        17        29        30
         2        17        29        30        33
         2        17        30        33        34
         2        12        13        18        31
         2        13        18        19        31
         2        18        19        31        35
         2        12        18        30        31
         2        18        30        31        34
         2        18        31        34        35
         2        13        14        19        32
         2        14        19        20        32
         2        19        20        32        36
         2        13        19        31        32
         2        19        31        32        35
         2        19        32        35        36
         2        14        15        20        31
         2        15        20        21        31
         2        20        21        31        37
         2        14        20        31        32
         2        20        31        32        36
         2        20        31        36        37
         2        15        16        21        30
         2        16        21        22        30
         2        21        22        30        38
         2        15        21        30        31
         2        21        30        31        37
         2        21        30        37        38
         2        11        16        22        29
         2        11        17        22        29
         2        17        22        29        33
         2        16        22        29        30
         2        22        29        30        38
         2        22        29        33        38
         2        17        18        23        34
         2        18        23        24        34
         2        23        24        34        38
         2        17        23        33        34
         2        23        33        33        34
         2        23        33        34        38
         2        18        19        24        35
         2        19        24        25        35
         2        24        25        35        37
         2        18        24        34        35
         2        24        34        35        38
         2        24        35        37        38
         2        19        20        25        36
         2        20        25        26        36
         2        25        26        36        36
         2        19        25        35        36
         2        25        35        36        37
         2        25        36        36        37
         2        20        21        26        37
         2        21        26        27        37
         2        26        27        35        37
         2        20        26        36        37
         2        26        36        36        37
         2        26        35        36        37
         2        21        22        27        38
         2        22        27        28        38
         2        27        28        34        38
         2        21        27        37        38
         2        27        35        37        38
         2        27        34        35        38
         2        17        22        28        33
         2        17        23        28        33
         2        23        28        33        33
         2        22        28        33        38
         2        28        33        34        38
         2        28        33        33        34
         2        11        23        24        38
         2        11        12        24        38
         2        11        12        30        38
         2        11        23        33        38
         2        11        29        33        38
         2        11        29        30        38
         2        12        24        25        37
         2        12        13        25        37
         2        12        13        31        37
         2        12        24        37        38
         2        12        30        37        38
         2        12        30        31        37
         2        13        25        26        36
         2        13        14        26        36
         2        13        14        32        36
         2        13        25        36        37
         2        13        31        36        37
         2        13        31        32        36
         2        14        26        27        35
         2        14        15        27        35
         2        14        15        31        35
         2        14        26        35        36
         2        14        32        35        36
         2        14        31        32        35
         2        15        27        28        34
         2        15        16        28        34
         2        15        16        30        34
         2        15        27        34        35
         2        15        31        34        35
         2        15        30        31        34
         2        16        23        28        33
         2        11        16        23        33
         2        11        16        29        33
         2        16        28        33        34
         2        16        30        33        34
         2        16        29        30        33
