Automatically generated mesh
      74
Reciprocal lattice
    0.00000000000000    0.00000000000000    0.00000000000000             1
    0.11111111111111    0.00000000000000    0.00000000000000             2
    0.22222222222222    0.00000000000000    0.00000000000000             2
    0.33333333333333    0.00000000000000    0.00000000000000             2
    0.44444444444445    0.00000000000000    0.00000000000000             2
    0.00000000000000    0.25000000000000    0.00000000000000             2
    0.11111111111111    0.25000000000000    0.00000000000000             2
    0.22222222222222    0.25000000000000    0.00000000000000             2
    0.33333333333333    0.25000000000000    0.00000000000000             2
    0.44444444444445    0.25000000000000    0.00000000000000             2
   -0.44444444444444    0.25000000000000    0.00000000000000             2
   -0.33333333333333    0.25000000000000    0.00000000000000             2
   -0.22222222222222    0.25000000000000    0.00000000000000             2
   -0.11111111111111    0.25000000000000    0.00000000000000             2
    0.00000000000000    0.50000000000000    0.00000000000000             1
    0.11111111111111    0.50000000000000    0.00000000000000             2
    0.22222222222222    0.50000000000000    0.00000000000000             2
    0.33333333333333    0.50000000000000    0.00000000000000             2
    0.44444444444445    0.50000000000000    0.00000000000000             2
    0.00000000000000    0.00000000000000    0.25000000000000             2
    0.11111111111111    0.00000000000000    0.25000000000000             2
    0.22222222222222    0.00000000000000    0.25000000000000             2
    0.33333333333333    0.00000000000000    0.25000000000000             2
    0.44444444444444    0.00000000000000    0.25000000000000             2
   -0.44444444444444    0.00000000000000    0.25000000000000             2
   -0.33333333333333    0.00000000000000    0.25000000000000             2
   -0.22222222222222    0.00000000000000    0.25000000000000             2
   -0.11111111111111    0.00000000000000    0.25000000000000             2
    0.00000000000000    0.25000000000000    0.25000000000000             2
    0.11111111111111    0.25000000000000    0.25000000000000             2
    0.22222222222222    0.25000000000000    0.25000000000000             2
    0.33333333333333    0.25000000000000    0.25000000000000             2
    0.44444444444445    0.25000000000000    0.25000000000000             2
   -0.44444444444444    0.25000000000000    0.25000000000000             2
   -0.33333333333333    0.25000000000000    0.25000000000000             2
   -0.22222222222222    0.25000000000000    0.25000000000000             2
   -0.11111111111111    0.25000000000000    0.25000000000000             2
   -0.00000000000000    0.50000000000000    0.25000000000000             2
    0.11111111111111    0.50000000000000    0.25000000000000             2
    0.22222222222222    0.50000000000000    0.25000000000000             2
    0.33333333333333    0.50000000000000    0.25000000000000             2
    0.44444444444445    0.50000000000000    0.25000000000000             2
   -0.44444444444444    0.50000000000000    0.25000000000000             2
   -0.33333333333333    0.50000000000000    0.25000000000000             2
   -0.22222222222222    0.50000000000000    0.25000000000000             2
   -0.11111111111111    0.50000000000000    0.25000000000000             2
    0.00000000000000   -0.25000000000000    0.25000000000000             2
    0.11111111111111   -0.25000000000000    0.25000000000000             2
    0.22222222222222   -0.25000000000000    0.25000000000000             2
    0.33333333333333   -0.25000000000000    0.25000000000000             2
    0.44444444444445   -0.25000000000000    0.25000000000000             2
   -0.44444444444444   -0.25000000000000    0.25000000000000             2
   -0.33333333333333   -0.25000000000000    0.25000000000000             2
   -0.22222222222222   -0.25000000000000    0.25000000000000             2
   -0.11111111111111   -0.25000000000000    0.25000000000000             2
    0.00000000000000    0.00000000000000    0.50000000000000             1
    0.11111111111111    0.00000000000000    0.50000000000000             2
    0.22222222222222    0.00000000000000    0.50000000000000             2
    0.33333333333333    0.00000000000000    0.50000000000000             2
    0.44444444444445    0.00000000000000    0.50000000000000             2
    0.00000000000000    0.25000000000000    0.50000000000000             2
    0.11111111111111    0.25000000000000    0.50000000000000             2
    0.22222222222222    0.25000000000000    0.50000000000000             2
    0.33333333333333    0.25000000000000    0.50000000000000             2
    0.44444444444445    0.25000000000000    0.50000000000000             2
   -0.44444444444444    0.25000000000000    0.50000000000000             2
   -0.33333333333333    0.25000000000000    0.50000000000000             2
   -0.22222222222222    0.25000000000000    0.50000000000000             2
   -0.11111111111111    0.25000000000000    0.50000000000000             2
    0.00000000000000    0.50000000000000    0.50000000000000             1
    0.11111111111111    0.50000000000000    0.50000000000000             2
    0.22222222222222    0.50000000000000    0.50000000000000             2
    0.33333333333333    0.50000000000000    0.50000000000000             2
    0.44444444444445    0.50000000000000    0.50000000000000             2
Tetrahedra
       432    0.00115740740741
         2         2         6         7        29
         2         1         2         6        29
         2         1         2        20        29
         2         2         7        29        30
         2         2        21        29        30
         2         2        20        21        29
         2         3         7         8        30
         2         2         3         7        30
         2         2         3        21        30
         2         3         8        30        31
         2         3        22        30        31
         2         3        21        22        30
         2         4         8         9        31
         2         3         4         8        31
         2         3         4        22        31
         2         4         9        31        32
         2         4        23        31        32
         2         4        22        23        31
         2         5         9        10        32
         2         4         5         9        32
         2         4         5        23        32
         2         5        10        32        33
         2         5        24        32        33
         2         5        23        24        32
         2         5        10        11        33
         2         5         5        10        33
         2         5         5        24        33
         2         5        11        33        34
         2         5        25        33        34
         2         5        24        25        33
         2         4        11        12        34
         2         4         5        11        34
         2         4         5        25        34
         2         4        12        34        35
         2         4        26        34        35
         2         4        25        26        34
         2         3        12        13        35
         2         3         4        12        35
         2         3         4        26        35
         2         3        13        35        36
         2         3        27        35        36
         2         3        26        27        35
         2         2        13        14        36
         2         2         3        13        36
         2         2         3        27        36
         2         2        14        36        37
         2         2        28        36        37
         2         2        27        28        36
         2         1         6        14        37
         2         1         2        14        37
         2         1         2        28        37
         2         1         6        29        37
         2         1        20        29        37
         2         1        20        28        37
         2         7        15        16        38
         2         6         7        15        38
         2         6         7        29        38
         2         7        16        38        39
         2         7        30        38        39
         2         7        29        30        38
         2         8        16        17        39
         2         7         8        16        39
         2         7         8        30        39
         2         8        17        39        40
         2         8        31        39        40
         2         8        30        31        39
         2         9        17        18        40
         2         8         9        17        40
         2         8         9        31        40
         2         9        18        40        41
         2         9        32        40        41
         2         9        31        32        40
         2        10        18        19        41
         2         9        10        18        41
         2         9        10        32        41
         2        10        19        41        42
         2        10        33        41        42
         2        10        32        33        41
         2        11        19        19        42
         2        10        11        19        42
         2        10        11        33        42
         2        11        19        42        43
         2        11        34        42        43
         2        11        33        34        42
         2        12        18        19        43
         2        11        12        19        43
         2        11        12        34        43
         2        12        18        43        44
         2        12        35        43        44
         2        12        34        35        43
         2        13        17        18        44
         2        12        13        18        44
         2        12        13        35        44
         2        13        17        44        45
         2        13        36        44        45
         2        13        35        36        44
         2        14        16        17        45
         2        13        14        17        45
         2        13        14        36        45
         2        14        16        45        46
         2        14        37        45        46
         2        14        36        37        45
         2         6        15        16        46
         2         6        14        16        46
         2         6        14        37        46
         2         6        15        38        46
         2         6        29        38        46
         2         6        29        37        46
         2         6        14        16        47
         2         6        15        16        47
         2        15        16        38        47
         2        14        16        47        48
         2        16        39        47        48
         2        16        38        39        47
         2        13        14        17        48
         2        14        16        17        48
         2        16        17        39        48
         2        13        17        48        49
         2        17        40        48        49
         2        17        39        40        48
         2        12        13        18        49
         2        13        17        18        49
         2        17        18        40        49
         2        12        18        49        50
         2        18        41        49        50
         2        18        40        41        49
         2        11        12        19        50
         2        12        18        19        50
         2        18        19        41        50
         2        11        19        50        51
         2        19        42        50        51
         2        19        41        42        50
         2        10        11        19        51
         2        11        19        19        51
         2        19        19        42        51
         2        10        19        51        52
         2        19        43        51        52
         2        19        42        43        51
         2         9        10        18        52
         2        10        18        19        52
         2        18        19        43        52
         2         9        18        52        53
         2        18        44        52        53
         2        18        43        44        52
         2         8         9        17        53
         2         9        17        18        53
         2        17        18        44        53
         2         8        17        53        54
         2        17        45        53        54
         2        17        44        45        53
         2         7         8        16        54
         2         8        16        17        54
         2        16        17        45        54
         2         7        16        54        55
         2        16        46        54        55
         2        16        45        46        54
         2         6         7        15        55
         2         7        15        16        55
         2        15        16        46        55
         2         6        15        47        55
         2        15        38        47        55
         2        15        38        46        55
         2         1         2        14        20
         2         1         6        14        20
         2         6        14        20        47
         2         2        14        20        21
         2        14        20        21        48
         2        14        20        47        48
         2         2         3        13        21
         2         2        13        14        21
         2        13        14        21        48
         2         3        13        21        22
         2        13        21        22        49
         2        13        21        48        49
         2         3         4        12        22
         2         3        12        13        22
         2        12        13        22        49
         2         4        12        22        23
         2        12        22        23        50
         2        12        22        49        50
         2         4         5        11        23
         2         4        11        12        23
         2        11        12        23        50
         2         5        11        23        24
         2        11        23        24        51
         2        11        23        50        51
         2         5         5        10        24
         2         5        10        11        24
         2        10        11        24        51
         2         5        10        24        25
         2        10        24        25        52
         2        10        24        51        52
         2         4         5         9        25
         2         5         9        10        25
         2         9        10        25        52
         2         4         9        25        26
         2         9        25        26        53
         2         9        25        52        53
         2         3         4         8        26
         2         4         8         9        26
         2         8         9        26        53
         2         3         8        26        27
         2         8        26        27        54
         2         8        26        53        54
         2         2         3         7        27
         2         3         7         8        27
         2         7         8        27        54
         2         2         7        27        28
         2         7        27        28        55
         2         7        27        54        55
         2         1         2         6        28
         2         2         6         7        28
         2         6         7        28        55
         2         1         6        20        28
         2         6        20        28        47
         2         6        28        47        55
         2        21        29        30        61
         2        20        21        29        61
         2        20        21        56        61
         2        21        30        61        62
         2        21        57        61        62
         2        21        56        57        61
         2        22        30        31        62
         2        21        22        30        62
         2        21        22        57        62
         2        22        31        62        63
         2        22        58        62        63
         2        22        57        58        62
         2        23        31        32        63
         2        22        23        31        63
         2        22        23        58        63
         2        23        32        63        64
         2        23        59        63        64
         2        23        58        59        63
         2        24        32        33        64
         2        23        24        32        64
         2        23        24        59        64
         2        24        33        64        65
         2        24        60        64        65
         2        24        59        60        64
         2        25        33        34        65
         2        24        25        33        65
         2        24        25        60        65
         2        25        34        65        66
         2        25        60        65        66
         2        25        60        60        65
         2        26        34        35        66
         2        25        26        34        66
         2        25        26        60        66
         2        26        35        66        67
         2        26        59        66        67
         2        26        59        60        66
         2        27        35        36        67
         2        26        27        35        67
         2        26        27        59        67
         2        27        36        67        68
         2        27        58        67        68
         2        27        58        59        67
         2        28        36        37        68
         2        27        28        36        68
         2        27        28        58        68
         2        28        37        68        69
         2        28        57        68        69
         2        28        57        58        68
         2        20        29        37        69
         2        20        28        37        69
         2        20        28        57        69
         2        20        29        61        69
         2        20        56        61        69
         2        20        56        57        69
         2        30        38        39        70
         2        29        30        38        70
         2        29        30        61        70
         2        30        39        70        71
         2        30        62        70        71
         2        30        61        62        70
         2        31        39        40        71
         2        30        31        39        71
         2        30        31        62        71
         2        31        40        71        72
         2        31        63        71        72
         2        31        62        63        71
         2        32        40        41        72
         2        31        32        40        72
         2        31        32        63        72
         2        32        41        72        73
         2        32        64        72        73
         2        32        63        64        72
         2        33        41        42        73
         2        32        33        41        73
         2        32        33        64        73
         2        33        42        73        74
         2        33        65        73        74
         2        33        64        65        73
         2        34        42        43        74
         2        33        34        42        74
         2        33        34        65        74
         2        34        43        74        74
         2        34        66        74        74
         2        34        65        66        74
         2        35        43        44        74
         2        34        35        43        74
         2        34        35        66        74
         2        35        44        73        74
         2        35        67        73        74
         2        35        66        67        74
         2        36        44        45        73
         2        35        36        44        73
         2        35        36        67        73
         2        36        45        72        73
         2        36        68        72        73
         2        36        67        68        73
         2        37        45        46        72
         2        36        37        45        72
         2        36        37        68        72
         2        37        46        71        72
         2        37        69        71        72
         2        37        68        69        72
         2        29        38        46        71
         2        29        37        46        71
         2        29        37        69        71
         2        29        38        70        71
         2        29        61        70        71
         2        29        61        69        71
         2        39        47        48        61
         2        38        39        47        61
         2        38        39        61        70
         2        39        48        61        69
         2        39        61        69        71
         2        39        61        70        71
         2        40        48        49        69
         2        39        40        48        69
         2        39        40        69        71
         2        40        49        68        69
         2        40        68        69        72
         2        40        69        71        72
         2        41        49        50        68
         2        40        41        49        68
         2        40        41        68        72
         2        41        50        67        68
         2        41        67        68        73
         2        41        68        72        73
         2        42        50        51        67
         2        41        42        50        67
         2        41        42        67        73
         2        42        51        66        67
         2        42        66        67        74
         2        42        67        73        74
         2        43        51        52        66
         2        42        43        51        66
         2        42        43        66        74
         2        43        52        65        66
         2        43        65        66        74
         2        43        66        74        74
         2        44        52        53        65
         2        43        44        52        65
         2        43        44        65        74
         2        44        53        64        65
         2        44        64        65        73
         2        44        65        73        74
         2        45        53        54        64
         2        44        45        53        64
         2        44        45        64        73
         2        45        54        63        64
         2        45        63        64        72
         2        45        64        72        73
         2        46        54        55        63
         2        45        46        54        63
         2        45        46        63        72
         2        46        55        62        63
         2        46        62        63        71
         2        46        63        71        72
         2        38        47        55        62
         2        38        46        55        62
         2        38        46        62        71
         2        38        47        61        62
         2        38        61        62        70
         2        38        62        70        71
         2        20        21        48        56
         2        20        47        48        56
         2        47        48        56        61
         2        21        48        56        57
         2        48        56        57        69
         2        48        56        61        69
         2        21        22        49        57
         2        21        48        49        57
         2        48        49        57        69
         2        22        49        57        58
         2        49        57        58        68
         2        49        57        68        69
         2        22        23        50        58
         2        22        49        50        58
         2        49        50        58        68
         2        23        50        58        59
         2        50        58        59        67
         2        50        58        67        68
         2        23        24        51        59
         2        23        50        51        59
         2        50        51        59        67
         2        24        51        59        60
         2        51        59        60        66
         2        51        59        66        67
         2        24        25        52        60
         2        24        51        52        60
         2        51        52        60        66
         2        25        52        60        60
         2        52        60        60        65
         2        52        60        65        66
         2        25        26        53        60
         2        25        52        53        60
         2        52        53        60        65
         2        26        53        59        60
         2        53        59        60        64
         2        53        60        64        65
         2        26        27        54        59
         2        26        53        54        59
         2        53        54        59        64
         2        27        54        58        59
         2        54        58        59        63
         2        54        59        63        64
         2        27        28        55        58
         2        27        54        55        58
         2        54        55        58        63
         2        28        55        57        58
         2        55        57        58        62
         2        55        58        62        63
         2        20        28        47        57
         2        28        47        55        57
         2        47        55        57        62
         2        20        47        56        57
         2        47        56        57        61
         2        47        57        61        62
