Automatically generated mesh
      64
Reciprocal lattice
    0.06250000000000    0.06250000000000    0.25000000000000             2
    0.18750000000000    0.06250000000000    0.25000000000000             2
    0.31250000000000    0.06250000000000    0.25000000000000             2
    0.43750000000000    0.06250000000000    0.25000000000000             2
   -0.43750000000000    0.06250000000000    0.25000000000000             2
   -0.31250000000000    0.06250000000000    0.25000000000000             2
   -0.18750000000000    0.06250000000000    0.25000000000000             2
   -0.06250000000000    0.06250000000000    0.25000000000000             2
    0.06250000000000    0.18750000000000    0.25000000000000             2
    0.18750000000000    0.18750000000000    0.25000000000000             2
    0.31250000000000    0.18750000000000    0.25000000000000             2
    0.43750000000000    0.18750000000000    0.25000000000000             2
   -0.43750000000000    0.18750000000000    0.25000000000000             2
   -0.31250000000000    0.18750000000000    0.25000000000000             2
   -0.18750000000000    0.18750000000000    0.25000000000000             2
   -0.06250000000000    0.18750000000000    0.25000000000000             2
    0.06250000000000    0.31250000000000    0.25000000000000             2
    0.18750000000000    0.31250000000000    0.25000000000000             2
    0.31250000000000    0.31250000000000    0.25000000000000             2
    0.43750000000000    0.31250000000000    0.25000000000000             2
   -0.43750000000000    0.31250000000000    0.25000000000000             2
   -0.31250000000000    0.31250000000000    0.25000000000000             2
   -0.18750000000000    0.31250000000000    0.25000000000000             2
   -0.06250000000000    0.31250000000000    0.25000000000000             2
    0.06250000000000    0.43750000000000    0.25000000000000             2
    0.18750000000000    0.43750000000000    0.25000000000000             2
    0.31250000000000    0.43750000000000    0.25000000000000             2
    0.43750000000000    0.43750000000000    0.25000000000000             2
   -0.43750000000000    0.43750000000000    0.25000000000000             2
   -0.31250000000000    0.43750000000000    0.25000000000000             2
   -0.18750000000000    0.43750000000000    0.25000000000000             2
   -0.06250000000000    0.43750000000000    0.25000000000000             2
    0.06250000000000   -0.43750000000000    0.25000000000000             2
    0.18750000000000   -0.43750000000000    0.25000000000000             2
    0.31250000000000   -0.43750000000000    0.25000000000000             2
    0.43750000000000   -0.43750000000000    0.25000000000000             2
   -0.43750000000000   -0.43750000000000    0.25000000000000             2
   -0.31250000000000   -0.43750000000000    0.25000000000000             2
   -0.18750000000000   -0.43750000000000    0.25000000000000             2
   -0.06250000000000   -0.43750000000000    0.25000000000000             2
    0.06250000000000   -0.31250000000000    0.25000000000000             2
    0.18750000000000   -0.31250000000000    0.25000000000000             2
    0.31250000000000   -0.31250000000000    0.25000000000000             2
    0.43750000000000   -0.31250000000000    0.25000000000000             2
   -0.43750000000000   -0.31250000000000    0.25000000000000             2
   -0.31250000000000   -0.31250000000000    0.25000000000000             2
   -0.18750000000000   -0.31250000000000    0.25000000000000             2
   -0.06250000000000   -0.31250000000000    0.25000000000000             2
    0.06250000000000   -0.18750000000000    0.25000000000000             2
    0.18750000000000   -0.18750000000000    0.25000000000000             2
    0.31250000000000   -0.18750000000000    0.25000000000000             2
    0.43750000000000   -0.18750000000000    0.25000000000000             2
   -0.43750000000000   -0.18750000000000    0.25000000000000             2
   -0.31250000000000   -0.18750000000000    0.25000000000000             2
   -0.18750000000000   -0.18750000000000    0.25000000000000             2
   -0.06250000000000   -0.18750000000000    0.25000000000000             2
    0.06250000000000   -0.06250000000000    0.25000000000000             2
    0.18750000000000   -0.06250000000000    0.25000000000000             2
    0.31250000000000   -0.06250000000000    0.25000000000000             2
    0.43750000000000   -0.06250000000000    0.25000000000000             2
   -0.43750000000000   -0.06250000000000    0.25000000000000             2
   -0.31250000000000   -0.06250000000000    0.25000000000000             2
   -0.18750000000000   -0.06250000000000    0.25000000000000             2
   -0.06250000000000   -0.06250000000000    0.25000000000000             2
Tetrahedra
       384    0.00130208333333
         2         1         9        10        55
         2         1         2        10        55
         2         1         2        55        63
         2         1         9        55        56
         2         1        55        56        64
         2         1        55        63        64
         2         2        10        11        54
         2         2         3        11        54
         2         2         3        54        62
         2         2        10        54        55
         2         2        54        55        63
         2         2        54        62        63
         2         3        11        12        53
         2         3         4        12        53
         2         3         4        53        61
         2         3        11        53        54
         2         3        53        54        62
         2         3        53        61        62
         2         4        12        13        52
         2         4         5        13        52
         2         4         5        52        60
         2         4        12        52        53
         2         4        52        53        61
         2         4        52        60        61
         2         5        13        14        51
         2         5         6        14        51
         2         5         6        51        59
         2         5        13        51        52
         2         5        51        52        60
         2         5        51        59        60
         2         6        14        15        50
         2         6         7        15        50
         2         6         7        50        58
         2         6        14        50        51
         2         6        50        51        59
         2         6        50        58        59
         2         7        15        16        49
         2         7         8        16        49
         2         7         8        49        57
         2         7        15        49        50
         2         7        49        50        58
         2         7        49        57        58
         2         8         9        16        56
         2         1         8         9        56
         2         1         8        56        64
         2         8        16        49        56
         2         8        49        56        57
         2         8        56        57        64
         2         9        17        18        47
         2         9        10        18        47
         2         9        10        47        55
         2         9        17        47        48
         2         9        47        48        56
         2         9        47        55        56
         2        10        18        19        46
         2        10        11        19        46
         2        10        11        46        54
         2        10        18        46        47
         2        10        46        47        55
         2        10        46        54        55
         2        11        19        20        45
         2        11        12        20        45
         2        11        12        45        53
         2        11        19        45        46
         2        11        45        46        54
         2        11        45        53        54
         2        12        20        21        44
         2        12        13        21        44
         2        12        13        44        52
         2        12        20        44        45
         2        12        44        45        53
         2        12        44        52        53
         2        13        21        22        43
         2        13        14        22        43
         2        13        14        43        51
         2        13        21        43        44
         2        13        43        44        52
         2        13        43        51        52
         2        14        22        23        42
         2        14        15        23        42
         2        14        15        42        50
         2        14        22        42        43
         2        14        42        43        51
         2        14        42        50        51
         2        15        23        24        41
         2        15        16        24        41
         2        15        16        41        49
         2        15        23        41        42
         2        15        41        42        50
         2        15        41        49        50
         2        16        17        24        48
         2         9        16        17        48
         2         9        16        48        56
         2        16        24        41        48
         2        16        41        48        49
         2        16        48        49        56
         2        17        25        26        39
         2        17        18        26        39
         2        17        18        39        47
         2        17        25        39        40
         2        17        39        40        48
         2        17        39        47        48
         2        18        26        27        38
         2        18        19        27        38
         2        18        19        38        46
         2        18        26        38        39
         2        18        38        39        47
         2        18        38        46        47
         2        19        27        28        37
         2        19        20        28        37
         2        19        20        37        45
         2        19        27        37        38
         2        19        37        38        46
         2        19        37        45        46
         2        20        28        29        36
         2        20        21        29        36
         2        20        21        36        44
         2        20        28        36        37
         2        20        36        37        45
         2        20        36        44        45
         2        21        29        30        35
         2        21        22        30        35
         2        21        22        35        43
         2        21        29        35        36
         2        21        35        36        44
         2        21        35        43        44
         2        22        30        31        34
         2        22        23        31        34
         2        22        23        34        42
         2        22        30        34        35
         2        22        34        35        43
         2        22        34        42        43
         2        23        31        32        33
         2        23        24        32        33
         2        23        24        33        41
         2        23        31        33        34
         2        23        33        34        42
         2        23        33        41        42
         2        24        25        32        40
         2        17        24        25        40
         2        17        24        40        48
         2        24        32        33        40
         2        24        33        40        41
         2        24        40        41        48
         2        25        31        33        34
         2        25        26        31        34
         2        25        26        31        39
         2        25        31        32        33
         2        25        31        32        40
         2        25        31        39        40
         2        26        30        34        35
         2        26        27        30        35
         2        26        27        30        38
         2        26        30        31        34
         2        26        30        31        39
         2        26        30        38        39
         2        27        29        35        36
         2        27        28        29        36
         2        27        28        29        37
         2        27        29        30        35
         2        27        29        30        38
         2        27        29        37        38
         2        28        28        36        37
         2        28        28        29        37
         2        28        28        29        36
         2        32        32        33        40
         2        25        32        32        33
         2        25        32        32        40
         2         1         2        57        63
         2         2        57        58        63
         2         7        57        58        63
         2         1        57        63        64
         2         8        57        63        64
         2         7         8        57        63
         2         2         3        58        62
         2         3        58        59        62
         2         6        58        59        62
         2         2        58        62        63
         2         7        58        62        63
         2         6         7        58        62
         2         3         4        59        61
         2         4        59        60        61
         2         5        59        60        61
         2         3        59        61        62
         2         6        59        61        62
         2         5         6        59        61
         2         4         5        60        60
         2         5        60        60        61
         2         4        60        60        61
         2         1         8        64        64
         2         1        57        64        64
         2         8        57        64        64
         2        10        55        56        64
         2        10        55        63        64
         2         2        10        63        64
         2         9        10        56        64
         2         1         9        10        64
         2         1         2        10        64
         2        11        54        55        63
         2        11        54        62        63
         2         3        11        62        63
         2        10        11        55        63
         2         2        10        11        63
         2         2         3        11        63
         2        12        53        54        62
         2        12        53        61        62
         2         4        12        61        62
         2        11        12        54        62
         2         3        11        12        62
         2         3         4        12        62
         2        13        52        53        61
         2        13        52        60        61
         2         5        13        60        61
         2        12        13        53        61
         2         4        12        13        61
         2         4         5        13        61
         2        14        51        52        60
         2        14        51        59        60
         2         6        14        59        60
         2        13        14        52        60
         2         5        13        14        60
         2         5         6        14        60
         2        15        50        51        59
         2        15        50        58        59
         2         7        15        58        59
         2        14        15        51        59
         2         6        14        15        59
         2         6         7        15        59
         2        16        49        50        58
         2        16        49        57        58
         2         8        16        57        58
         2        15        16        50        58
         2         7        15        16        58
         2         7         8        16        58
         2         9        49        56        57
         2         9        56        57        64
         2         1         9        57        64
         2         9        16        49        57
         2         8         9        16        57
         2         1         8         9        57
         2        18        47        48        56
         2        18        47        55        56
         2        10        18        55        56
         2        17        18        48        56
         2         9        17        18        56
         2         9        10        18        56
         2        19        46        47        55
         2        19        46        54        55
         2        11        19        54        55
         2        18        19        47        55
         2        10        18        19        55
         2        10        11        19        55
         2        20        45        46        54
         2        20        45        53        54
         2        12        20        53        54
         2        19        20        46        54
         2        11        19        20        54
         2        11        12        20        54
         2        21        44        45        53
         2        21        44        52        53
         2        13        21        52        53
         2        20        21        45        53
         2        12        20        21        53
         2        12        13        21        53
         2        22        43        44        52
         2        22        43        51        52
         2        14        22        51        52
         2        21        22        44        52
         2        13        21        22        52
         2        13        14        22        52
         2        23        42        43        51
         2        23        42        50        51
         2        15        23        50        51
         2        22        23        43        51
         2        14        22        23        51
         2        14        15        23        51
         2        24        41        42        50
         2        24        41        49        50
         2        16        24        49        50
         2        23        24        42        50
         2        15        23        24        50
         2        15        16        24        50
         2        17        41        48        49
         2        17        48        49        56
         2         9        17        49        56
         2        17        24        41        49
         2        16        17        24        49
         2         9        16        17        49
         2        26        39        40        48
         2        26        39        47        48
         2        18        26        47        48
         2        25        26        40        48
         2        17        25        26        48
         2        17        18        26        48
         2        27        38        39        47
         2        27        38        46        47
         2        19        27        46        47
         2        26        27        39        47
         2        18        26        27        47
         2        18        19        27        47
         2        28        37        38        46
         2        28        37        45        46
         2        20        28        45        46
         2        27        28        38        46
         2        19        27        28        46
         2        19        20        28        46
         2        29        36        37        45
         2        29        36        44        45
         2        21        29        44        45
         2        28        29        37        45
         2        20        28        29        45
         2        20        21        29        45
         2        30        35        36        44
         2        30        35        43        44
         2        22        30        43        44
         2        29        30        36        44
         2        21        29        30        44
         2        21        22        30        44
         2        31        34        35        43
         2        31        34        42        43
         2        23        31        42        43
         2        30        31        35        43
         2        22        30        31        43
         2        22        23        31        43
         2        32        33        34        42
         2        32        33        41        42
         2        24        32        41        42
         2        31        32        34        42
         2        23        31        32        42
         2        23        24        32        42
         2        25        33        40        41
         2        25        40        41        48
         2        17        25        41        48
         2        25        32        33        41
         2        24        25        32        41
         2        17        24        25        41
         2        31        32        34        40
         2        31        34        39        40
         2        26        34        39        40
         2        32        33        34        40
         2        25        33        34        40
         2        25        26        34        40
         2        30        31        35        39
         2        30        35        38        39
         2        27        35        38        39
         2        31        34        35        39
         2        26        34        35        39
         2        26        27        35        39
         2        29        30        36        38
         2        29        36        37        38
         2        28        36        37        38
         2        30        35        36        38
         2        27        35        36        38
         2        27        28        36        38
         2        28        29        37        37
         2        28        36        37        37
         2        29        36        37        37
         2        25        32        33        33
         2        32        33        33        40
         2        25        33        33        40
         2         2         8        63        64
         2         2         7         8        63
         2         2         7         8        58
         2         1         2         8        64
         2         1         2         8        57
         2         2         8        57        58
         2         3         7        62        63
         2         3         6         7        62
         2         3         6         7        59
         2         2         3         7        63
         2         2         3         7        58
         2         3         7        58        59
         2         4         6        61        62
         2         4         5         6        61
         2         4         5         6        60
         2         3         4         6        62
         2         3         4         6        59
         2         4         6        59        60
         2         5         5        60        61
         2         4         5         5        60
         2         4         5         5        61
         2         1         1        57        64
         2         1         1         8        64
         2         1         1         8        57
