Automatically generated mesh
      99
Reciprocal lattice
    0.00000000000000    0.00000000000000    0.00000000000000             1
    0.14285714285714    0.00000000000000    0.00000000000000             2
    0.28571428571429    0.00000000000000    0.00000000000000             2
    0.42857142857143    0.00000000000000    0.00000000000000             2
    0.00000000000000    0.25000000000000    0.00000000000000             2
    0.14285714285714    0.25000000000000    0.00000000000000             2
    0.28571428571429    0.25000000000000    0.00000000000000             2
    0.42857142857143    0.25000000000000    0.00000000000000             2
   -0.42857142857143    0.25000000000000    0.00000000000000             2
   -0.28571428571429    0.25000000000000    0.00000000000000             2
   -0.14285714285714    0.25000000000000    0.00000000000000             2
    0.00000000000000    0.50000000000000    0.00000000000000             1
    0.14285714285714    0.50000000000000    0.00000000000000             2
    0.28571428571429    0.50000000000000    0.00000000000000             2
    0.42857142857143    0.50000000000000    0.00000000000000             2
    0.00000000000000    0.00000000000000    0.14285714285714             2
    0.14285714285714    0.00000000000000    0.14285714285714             2
    0.28571428571429    0.00000000000000    0.14285714285714             2
    0.42857142857143    0.00000000000000    0.14285714285714             2
   -0.42857142857143    0.00000000000000    0.14285714285714             2
   -0.28571428571429    0.00000000000000    0.14285714285714             2
   -0.14285714285714    0.00000000000000    0.14285714285714             2
    0.00000000000000    0.25000000000000    0.14285714285714             2
    0.14285714285714    0.25000000000000    0.14285714285714             2
    0.28571428571429    0.25000000000000    0.14285714285714             2
    0.42857142857143    0.25000000000000    0.14285714285714             2
   -0.42857142857143    0.25000000000000    0.14285714285714             2
   -0.28571428571429    0.25000000000000    0.14285714285714             2
   -0.14285714285714    0.25000000000000    0.14285714285714             2
    0.00000000000000    0.50000000000000    0.14285714285714             2
    0.14285714285714    0.50000000000000    0.14285714285714             2
    0.28571428571429    0.50000000000000    0.14285714285714             2
    0.42857142857143    0.50000000000000    0.14285714285714             2
   -0.42857142857143    0.50000000000000    0.14285714285714             2
   -0.28571428571429    0.50000000000000    0.14285714285714             2
   -0.14285714285714    0.50000000000000    0.14285714285714             2
    0.00000000000000   -0.25000000000000    0.14285714285714             2
    0.14285714285714   -0.25000000000000    0.14285714285714             2
    0.28571428571429   -0.25000000000000    0.14285714285714             2
    0.42857142857143   -0.25000000000000    0.14285714285714             2
   -0.42857142857143   -0.25000000000000    0.14285714285714             2
   -0.28571428571429   -0.25000000000000    0.14285714285714             2
   -0.14285714285714   -0.25000000000000    0.14285714285714             2
    0.00000000000000    0.00000000000000    0.28571428571429             2
    0.14285714285714    0.00000000000000    0.28571428571429             2
    0.28571428571429    0.00000000000000    0.28571428571429             2
    0.42857142857143    0.00000000000000    0.28571428571429             2
   -0.42857142857143    0.00000000000000    0.28571428571429             2
   -0.28571428571429    0.00000000000000    0.28571428571429             2
   -0.14285714285714    0.00000000000000    0.28571428571429             2
    0.00000000000000    0.25000000000000    0.28571428571429             2
    0.14285714285714    0.25000000000000    0.28571428571429             2
    0.28571428571429    0.25000000000000    0.28571428571429             2
    0.42857142857143    0.25000000000000    0.28571428571429             2
   -0.42857142857143    0.25000000000000    0.28571428571429             2
   -0.28571428571429    0.25000000000000    0.28571428571429             2
   -0.14285714285714    0.25000000000000    0.28571428571429             2
    0.00000000000000    0.50000000000000    0.28571428571429             2
    0.14285714285714    0.50000000000000    0.28571428571429             2
    0.28571428571429    0.50000000000000    0.28571428571429             2
    0.42857142857143    0.50000000000000    0.28571428571429             2
   -0.42857142857143    0.50000000000000    0.28571428571429             2
   -0.28571428571429    0.50000000000000    0.28571428571429             2
   -0.14285714285714    0.50000000000000    0.28571428571429             2
    0.00000000000000   -0.25000000000000    0.28571428571429             2
    0.14285714285714   -0.25000000000000    0.28571428571429             2
    0.28571428571429   -0.25000000000000    0.28571428571429             2
    0.42857142857143   -0.25000000000000    0.28571428571429             2
   -0.42857142857143   -0.25000000000000    0.28571428571429             2
   -0.28571428571429   -0.25000000000000    0.28571428571429             2
   -0.14285714285714   -0.25000000000000    0.28571428571429             2
    0.00000000000000    0.00000000000000    0.42857142857143             2
    0.14285714285714    0.00000000000000    0.42857142857143             2
    0.28571428571429    0.00000000000000    0.42857142857143             2
    0.42857142857143    0.00000000000000    0.42857142857143             2
   -0.42857142857143    0.00000000000000    0.42857142857143             2
   -0.28571428571429    0.00000000000000    0.42857142857143             2
   -0.14285714285714    0.00000000000000    0.42857142857143             2
    0.00000000000000    0.25000000000000    0.42857142857143             2
    0.14285714285714    0.25000000000000    0.42857142857143             2
    0.28571428571429    0.25000000000000    0.42857142857143             2
    0.42857142857143    0.25000000000000    0.42857142857143             2
   -0.42857142857143    0.25000000000000    0.42857142857143             2
   -0.28571428571429    0.25000000000000    0.42857142857143             2
   -0.14285714285714    0.25000000000000    0.42857142857143             2
    0.00000000000000    0.50000000000000    0.42857142857143             2
    0.14285714285714    0.50000000000000    0.42857142857143             2
    0.28571428571429    0.50000000000000    0.42857142857143             2
    0.42857142857143    0.50000000000000    0.42857142857143             2
   -0.42857142857143    0.50000000000000    0.42857142857143             2
   -0.28571428571429    0.50000000000000    0.42857142857143             2
   -0.14285714285714    0.50000000000000    0.42857142857143             2
    0.00000000000000   -0.25000000000000    0.42857142857143             2
    0.14285714285714   -0.25000000000000    0.42857142857143             2
    0.28571428571429   -0.25000000000000    0.42857142857143             2
    0.42857142857143   -0.25000000000000    0.42857142857143             2
   -0.42857142857143   -0.25000000000000    0.42857142857143             2
   -0.28571428571429   -0.25000000000000    0.42857142857143             2
   -0.14285714285714   -0.25000000000000    0.42857142857143             2
Tetrahedra
       586    0.00085034013605
         2         2         5         6        23
         2         1         2         5        23
         2         1         2        16        23
         2         2         6        23        24
         2         2        17        23        24
         2         2        16        17        23
         2         3         6         7        24
         2         2         3         6        24
         2         2         3        17        24
         2         3         7        24        25
         2         3        18        24        25
         2         3        17        18        24
         2         4         7         8        25
         2         3         4         7        25
         2         3         4        18        25
         2         4         8        25        26
         2         4        19        25        26
         2         4        18        19        25
         2         4         8         9        26
         2         4         4         8        26
         2         4         4        19        26
         2         4         9        26        27
         2         4        20        26        27
         2         4        19        20        26
         2         3         9        10        27
         2         3         4         9        27
         2         3         4        20        27
         2         3        10        27        28
         2         3        21        27        28
         2         3        20        21        27
         2         2        10        11        28
         2         2         3        10        28
         2         2         3        21        28
         2         2        11        28        29
         2         2        22        28        29
         2         2        21        22        28
         2         1         5        11        29
         2         1         2        11        29
         2         1         2        22        29
         2         1         5        23        29
         2         1        16        23        29
         2         1        16        22        29
         2         6        12        13        30
         2         5         6        12        30
         2         5         6        23        30
         2         6        13        30        31
         2         6        24        30        31
         2         6        23        24        30
         2         7        13        14        31
         2         6         7        13        31
         2         6         7        24        31
         2         7        14        31        32
         2         7        25        31        32
         2         7        24        25        31
         2         8        14        15        32
         2         7         8        14        32
         2         7         8        25        32
         2         8        15        32        33
         2         8        26        32        33
         2         8        25        26        32
         2         9        15        15        33
         2         8         9        15        33
         2         8         9        26        33
         2         9        15        33        34
         2         9        27        33        34
         2         9        26        27        33
         2        10        14        15        34
         2         9        10        15        34
         2         9        10        27        34
         2        10        14        34        35
         2        10        28        34        35
         2        10        27        28        34
         2        11        13        14        35
         2        10        11        14        35
         2        10        11        28        35
         2        11        13        35        36
         2        11        29        35        36
         2        11        28        29        35
         2         5        12        13        36
         2         5        11        13        36
         2         5        11        29        36
         2         5        12        30        36
         2         5        23        30        36
         2         5        23        29        36
         2         5        11        13        37
         2         5        12        13        37
         2        12        13        30        37
         2        11        13        37        38
         2        13        31        37        38
         2        13        30        31        37
         2        10        11        14        38
         2        11        13        14        38
         2        13        14        31        38
         2        10        14        38        39
         2        14        32        38        39
         2        14        31        32        38
         2         9        10        15        39
         2        10        14        15        39
         2        14        15        32        39
         2         9        15        39        40
         2        15        33        39        40
         2        15        32        33        39
         2         8         9        15        40
         2         9        15        15        40
         2        15        15        33        40
         2         8        15        40        41
         2        15        34        40        41
         2        15        33        34        40
         2         7         8        14        41
         2         8        14        15        41
         2        14        15        34        41
         2         7        14        41        42
         2        14        35        41        42
         2        14        34        35        41
         2         6         7        13        42
         2         7        13        14        42
         2        13        14        35        42
         2         6        13        42        43
         2        13        36        42        43
         2        13        35        36        42
         2         5         6        12        43
         2         6        12        13        43
         2        12        13        36        43
         2         5        12        37        43
         2        12        30        37        43
         2        12        30        36        43
         2         1         2        11        16
         2         1         5        11        16
         2         5        11        16        37
         2         2        11        16        17
         2        11        16        17        38
         2        11        16        37        38
         2         2         3        10        17
         2         2        10        11        17
         2        10        11        17        38
         2         3        10        17        18
         2        10        17        18        39
         2        10        17        38        39
         2         3         4         9        18
         2         3         9        10        18
         2         9        10        18        39
         2         4         9        18        19
         2         9        18        19        40
         2         9        18        39        40
         2         4         4         8        19
         2         4         8         9        19
         2         8         9        19        40
         2         4         8        19        20
         2         8        19        20        41
         2         8        19        40        41
         2         3         4         7        20
         2         4         7         8        20
         2         7         8        20        41
         2         3         7        20        21
         2         7        20        21        42
         2         7        20        41        42
         2         2         3         6        21
         2         3         6         7        21
         2         6         7        21        42
         2         2         6        21        22
         2         6        21        22        43
         2         6        21        42        43
         2         1         2         5        22
         2         2         5         6        22
         2         5         6        22        43
         2         1         5        16        22
         2         5        16        22        37
         2         5        22        37        43
         2        17        23        24        51
         2        16        17        23        51
         2        16        17        44        51
         2        17        24        51        52
         2        17        45        51        52
         2        17        44        45        51
         2        18        24        25        52
         2        17        18        24        52
         2        17        18        45        52
         2        18        25        52        53
         2        18        46        52        53
         2        18        45        46        52
         2        19        25        26        53
         2        18        19        25        53
         2        18        19        46        53
         2        19        26        53        54
         2        19        47        53        54
         2        19        46        47        53
         2        20        26        27        54
         2        19        20        26        54
         2        19        20        47        54
         2        20        27        54        55
         2        20        48        54        55
         2        20        47        48        54
         2        21        27        28        55
         2        20        21        27        55
         2        20        21        48        55
         2        21        28        55        56
         2        21        49        55        56
         2        21        48        49        55
         2        22        28        29        56
         2        21        22        28        56
         2        21        22        49        56
         2        22        29        56        57
         2        22        50        56        57
         2        22        49        50        56
         2        16        23        29        57
         2        16        22        29        57
         2        16        22        50        57
         2        16        23        51        57
         2        16        44        51        57
         2        16        44        50        57
         2        24        30        31        58
         2        23        24        30        58
         2        23        24        51        58
         2        24        31        58        59
         2        24        52        58        59
         2        24        51        52        58
         2        25        31        32        59
         2        24        25        31        59
         2        24        25        52        59
         2        25        32        59        60
         2        25        53        59        60
         2        25        52        53        59
         2        26        32        33        60
         2        25        26        32        60
         2        25        26        53        60
         2        26        33        60        61
         2        26        54        60        61
         2        26        53        54        60
         2        27        33        34        61
         2        26        27        33        61
         2        26        27        54        61
         2        27        34        61        62
         2        27        55        61        62
         2        27        54        55        61
         2        28        34        35        62
         2        27        28        34        62
         2        27        28        55        62
         2        28        35        62        63
         2        28        56        62        63
         2        28        55        56        62
         2        29        35        36        63
         2        28        29        35        63
         2        28        29        56        63
         2        29        36        63        64
         2        29        57        63        64
         2        29        56        57        63
         2        23        30        36        64
         2        23        29        36        64
         2        23        29        57        64
         2        23        30        58        64
         2        23        51        58        64
         2        23        51        57        64
         2        31        37        38        65
         2        30        31        37        65
         2        30        31        58        65
         2        31        38        65        66
         2        31        59        65        66
         2        31        58        59        65
         2        32        38        39        66
         2        31        32        38        66
         2        31        32        59        66
         2        32        39        66        67
         2        32        60        66        67
         2        32        59        60        66
         2        33        39        40        67
         2        32        33        39        67
         2        32        33        60        67
         2        33        40        67        68
         2        33        61        67        68
         2        33        60        61        67
         2        34        40        41        68
         2        33        34        40        68
         2        33        34        61        68
         2        34        41        68        69
         2        34        62        68        69
         2        34        61        62        68
         2        35        41        42        69
         2        34        35        41        69
         2        34        35        62        69
         2        35        42        69        70
         2        35        63        69        70
         2        35        62        63        69
         2        36        42        43        70
         2        35        36        42        70
         2        35        36        63        70
         2        36        43        70        71
         2        36        64        70        71
         2        36        63        64        70
         2        30        37        43        71
         2        30        36        43        71
         2        30        36        64        71
         2        30        37        65        71
         2        30        58        65        71
         2        30        58        64        71
         2        16        17        38        44
         2        16        37        38        44
         2        37        38        44        65
         2        17        38        44        45
         2        38        44        45        66
         2        38        44        65        66
         2        17        18        39        45
         2        17        38        39        45
         2        38        39        45        66
         2        18        39        45        46
         2        39        45        46        67
         2        39        45        66        67
         2        18        19        40        46
         2        18        39        40        46
         2        39        40        46        67
         2        19        40        46        47
         2        40        46        47        68
         2        40        46        67        68
         2        19        20        41        47
         2        19        40        41        47
         2        40        41        47        68
         2        20        41        47        48
         2        41        47        48        69
         2        41        47        68        69
         2        20        21        42        48
         2        20        41        42        48
         2        41        42        48        69
         2        21        42        48        49
         2        42        48        49        70
         2        42        48        69        70
         2        21        22        43        49
         2        21        42        43        49
         2        42        43        49        70
         2        22        43        49        50
         2        43        49        50        71
         2        43        49        70        71
         2        16        22        37        50
         2        22        37        43        50
         2        37        43        50        71
         2        16        37        44        50
         2        37        44        50        65
         2        37        50        65        71
         2        45        51        52        79
         2        44        45        51        79
         2        44        45        72        79
         2        45        52        79        80
         2        45        73        79        80
         2        45        72        73        79
         2        46        52        53        80
         2        45        46        52        80
         2        45        46        73        80
         2        46        53        80        81
         2        46        74        80        81
         2        46        73        74        80
         2        47        53        54        81
         2        46        47        53        81
         2        46        47        74        81
         2        47        54        81        82
         2        47        75        81        82
         2        47        74        75        81
         2        48        54        55        82
         2        47        48        54        82
         2        47        48        75        82
         2        48        55        82        83
         2        48        76        82        83
         2        48        75        76        82
         2        49        55        56        83
         2        48        49        55        83
         2        48        49        76        83
         2        49        56        83        84
         2        49        77        83        84
         2        49        76        77        83
         2        50        56        57        84
         2        49        50        56        84
         2        49        50        77        84
         2        50        57        84        85
         2        50        78        84        85
         2        50        77        78        84
         2        44        51        57        85
         2        44        50        57        85
         2        44        50        78        85
         2        44        51        79        85
         2        44        72        79        85
         2        44        72        78        85
         2        52        58        59        86
         2        51        52        58        86
         2        51        52        79        86
         2        52        59        86        87
         2        52        80        86        87
         2        52        79        80        86
         2        53        59        60        87
         2        52        53        59        87
         2        52        53        80        87
         2        53        60        87        88
         2        53        81        87        88
         2        53        80        81        87
         2        54        60        61        88
         2        53        54        60        88
         2        53        54        81        88
         2        54        61        88        89
         2        54        82        88        89
         2        54        81        82        88
         2        55        61        62        89
         2        54        55        61        89
         2        54        55        82        89
         2        55        62        89        90
         2        55        83        89        90
         2        55        82        83        89
         2        56        62        63        90
         2        55        56        62        90
         2        55        56        83        90
         2        56        63        90        91
         2        56        84        90        91
         2        56        83        84        90
         2        57        63        64        91
         2        56        57        63        91
         2        56        57        84        91
         2        57        64        91        92
         2        57        85        91        92
         2        57        84        85        91
         2        51        58        64        92
         2        51        57        64        92
         2        51        57        85        92
         2        51        58        86        92
         2        51        79        86        92
         2        51        79        85        92
         2        59        65        66        93
         2        58        59        65        93
         2        58        59        86        93
         2        59        66        93        94
         2        59        87        93        94
         2        59        86        87        93
         2        60        66        67        94
         2        59        60        66        94
         2        59        60        87        94
         2        60        67        94        95
         2        60        88        94        95
         2        60        87        88        94
         2        61        67        68        95
         2        60        61        67        95
         2        60        61        88        95
         2        61        68        95        96
         2        61        89        95        96
         2        61        88        89        95
         2        62        68        69        96
         2        61        62        68        96
         2        61        62        89        96
         2        62        69        96        97
         2        62        90        96        97
         2        62        89        90        96
         2        63        69        70        97
         2        62        63        69        97
         2        62        63        90        97
         2        63        70        97        98
         2        63        91        97        98
         2        63        90        91        97
         2        64        70        71        98
         2        63        64        70        98
         2        63        64        91        98
         2        64        71        98        99
         2        64        92        98        99
         2        64        91        92        98
         2        58        65        71        99
         2        58        64        71        99
         2        58        64        92        99
         2        58        65        93        99
         2        58        86        93        99
         2        58        86        92        99
         2        44        45        66        72
         2        44        65        66        72
         2        65        66        72        93
         2        45        66        72        73
         2        66        72        73        94
         2        66        72        93        94
         2        45        46        67        73
         2        45        66        67        73
         2        66        67        73        94
         2        46        67        73        74
         2        67        73        74        95
         2        67        73        94        95
         2        46        47        68        74
         2        46        67        68        74
         2        67        68        74        95
         2        47        68        74        75
         2        68        74        75        96
         2        68        74        95        96
         2        47        48        69        75
         2        47        68        69        75
         2        68        69        75        96
         2        48        69        75        76
         2        69        75        76        97
         2        69        75        96        97
         2        48        49        70        76
         2        48        69        70        76
         2        69        70        76        97
         2        49        70        76        77
         2        70        76        77        98
         2        70        76        97        98
         2        49        50        71        77
         2        49        70        71        77
         2        70        71        77        98
         2        50        71        77        78
         2        71        77        78        99
         2        71        77        98        99
         2        44        50        65        78
         2        50        65        71        78
         2        65        71        78        99
         2        44        65        72        78
         2        65        72        78        93
         2        65        78        93        99
         2        73        79        80        93
         2        72        73        79        93
         2        72        72        73        93
         2        73        80        93        99
         2        73        78        93        99
         2        72        73        78        93
         2        74        80        81        99
         2        73        74        80        99
         2        73        74        78        99
         2        74        81        98        99
         2        74        77        98        99
         2        74        77        78        99
         2        75        81        82        98
         2        74        75        81        98
         2        74        75        77        98
         2        75        82        97        98
         2        75        76        97        98
         2        75        76        77        98
         2        76        82        83        97
         2        75        76        82        97
         4        75        76        76        97
         2        76        83        96        97
         2        75        76        96        97
         2        77        83        84        96
         2        76        77        83        96
         2        75        76        77        96
         2        77        84        95        96
         2        74        77        95        96
         2        74        75        77        96
         2        78        84        85        95
         2        77        78        84        95
         2        74        77        78        95
         2        78        85        94        95
         2        73        78        94        95
         2        73        74        78        95
         2        72        79        85        94
         2        72        78        85        94
         2        72        73        78        94
         2        72        79        93        94
         2        72        72        93        94
         2        72        72        73        94
         2        80        86        86        87
         2        79        80        86        86
         2        79        80        86        93
         2        80        86        87        92
         2        80        86        92        99
         2        80        86        93        99
         2        81        87        88        92
         2        80        81        87        92
         2        80        81        92        99
         2        81        88        91        92
         2        81        91        92        98
         2        81        92        98        99
         2        82        88        89        91
         2        81        82        88        91
         2        81        82        91        98
         2        82        89        90        91
         2        82        90        91        97
         2        82        91        97        98
         4        83        89        90        90
         2        82        83        89        90
         2        82        83        90        97
         2        83        89        90        96
         2        83        90        96        97
         2        84        89        90        91
         2        83        84        89        90
         2        83        84        89        96
         2        84        88        89        91
         2        84        88        89        95
         2        84        89        95        96
         2        85        88        91        92
         2        84        85        88        91
         2        84        85        88        95
         2        85        87        88        92
         2        85        87        88        94
         2        85        88        94        95
         2        79        86        87        92
         2        79        85        87        92
         2        79        85        87        94
         2        79        86        86        87
         2        79        86        87        93
         2        79        87        93        94
