Automatically generated mesh
      26
Reciprocal lattice
    0.00000000000000    0.00000000000000    0.00000000000000             1
    0.25000000000000    0.00000000000000    0.00000000000000             2
    0.50000000000000    0.00000000000000    0.00000000000000             1
    0.00000000000000    0.25000000000000    0.00000000000000             2
    0.25000000000000    0.25000000000000    0.00000000000000             2
    0.50000000000000    0.25000000000000    0.00000000000000             2
   -0.25000000000000    0.25000000000000    0.00000000000000             2
    0.00000000000000    0.50000000000000    0.00000000000000             1
    0.25000000000000    0.50000000000000    0.00000000000000             2
    0.50000000000000    0.50000000000000    0.00000000000000             1
    0.00000000000000    0.00000000000000    0.33333333333333             2
    0.25000000000000    0.00000000000000    0.33333333333333             2
    0.50000000000000    0.00000000000000    0.33333333333333             2
   -0.25000000000000    0.00000000000000    0.33333333333333             2
    0.00000000000000    0.25000000000000    0.33333333333333             2
    0.25000000000000    0.25000000000000    0.33333333333333             2
    0.50000000000000    0.25000000000000    0.33333333333333             2
   -0.25000000000000    0.25000000000000    0.33333333333333             2
    0.00000000000000    0.50000000000000    0.33333333333333             2
    0.25000000000000    0.50000000000000    0.33333333333333             2
    0.50000000000000    0.50000000000000    0.33333333333333             2
   -0.25000000000000    0.50000000000000    0.33333333333333             2
    0.00000000000000   -0.25000000000000    0.33333333333333             2
    0.25000000000000   -0.25000000000000    0.33333333333333             2
    0.50000000000000   -0.25000000000000    0.33333333333333             2
   -0.25000000000000   -0.25000000000000    0.33333333333333             2
Tetrahedra
       144    0.00347222222222
         2         1         4         5        16
         2         1         2         5        16
         2         1         2        12        16
         2         1         4        15        16
         2         1        11        15        16
         2         1        11        12        16
         2         2         5         6        17
         2         2         3         6        17
         2         2         3        13        17
         2         2         5        16        17
         2         2        12        16        17
         2         2        12        13        17
         2         3         6         7        18
         2         2         3         7        18
         2         2         3        14        18
         2         3         6        17        18
         2         3        13        17        18
         2         3        13        14        18
         2         2         4         7        15
         2         1         2         4        15
         2         1         2        11        15
         2         2         7        15        18
         2         2        14        15        18
         2         2        11        14        15
         2         4         8         9        20
         2         4         5         9        20
         2         4         5        16        20
         2         4         8        19        20
         2         4        15        19        20
         2         4        15        16        20
         2         5         9        10        21
         2         5         6        10        21
         2         5         6        17        21
         2         5         9        20        21
         2         5        16        20        21
         2         5        16        17        21
         2         6         9        10        22
         2         6         7         9        22
         2         6         7        18        22
         2         6        10        21        22
         2         6        17        21        22
         2         6        17        18        22
         2         7         8         9        19
         2         4         7         8        19
         2         4         7        15        19
         2         7         9        19        22
         2         7        18        19        22
         2         7        15        18        19
         2         4         7         8        24
         2         7         8         9        24
         2         8         9        20        24
         2         4         8        23        24
         2         8        19        23        24
         2         8        19        20        24
         2         6         7         9        25
         2         6         9        10        25
         2         9        10        21        25
         2         7         9        24        25
         2         9        20        24        25
         2         9        20        21        25
         2         5         6        10        26
         2         5         9        10        26
         2         9        10        22        26
         2         6        10        25        26
         2        10        21        25        26
         2        10        21        22        26
         2         4         5         9        23
         2         4         8         9        23
         2         8         9        19        23
         2         5         9        23        26
         2         9        22        23        26
         2         9        19        22        23
         2         1         2         4        12
         2         2         4         7        12
         2         4         7        12        24
         2         1         4        11        12
         2         4        11        12        23
         2         4        12        23        24
         2         2         3         7        13
         2         3         6         7        13
         2         6         7        13        25
         2         2         7        12        13
         2         7        12        13        24
         2         7        13        24        25
         2         2         3         6        14
         2         2         5         6        14
         2         5         6        14        26
         2         3         6        13        14
         2         6        13        14        25
         2         6        14        25        26
         2         1         2         5        11
         2         1         4         5        11
         2         4         5        11        23
         2         2         5        11        14
         2         5        11        14        26
         2         5        11        23        26
         2        11        15        16        26
         2        11        12        16        26
         2        11        12        14        26
         2        11        15        23        26
         2        11        11        23        26
         2        11        11        14        26
         2        12        16        17        25
         2        12        13        17        25
         2        12        13        13        25
         2        12        16        25        26
         2        12        14        25        26
         2        12        13        14        25
         2        13        17        18        24
         2        13        14        18        24
         2        12        13        14        24
         2        13        17        24        25
         2        13        13        24        25
         2        12        13        13        24
         2        14        15        18        23
         2        11        14        15        23
         2        11        11        14        23
         2        14        18        23        24
         2        12        14        23        24
         2        11        12        14        23
         2        15        19        20        22
         2        15        16        20        22
         2        15        16        22        26
         2        15        19        19        22
         2        15        19        22        23
         2        15        22        23        26
         2        16        20        21        21
         2        16        17        21        21
         2        16        17        21        25
         2        16        20        21        22
         2        16        21        22        26
         2        16        21        25        26
         2        17        20        21        22
         2        17        18        20        22
         2        17        18        20        24
         2        17        20        21        21
         2        17        20        21        25
         2        17        20        24        25
         2        18        19        19        22
         2        15        18        19        19
         2        15        18        19        23
         2        18        19        20        22
         2        18        19        20        24
         2        18        19        23        24
