Automatically generated mesh
     274
Reciprocal lattice
    0.00000000000000    0.00000000000000    0.00000000000000             1
    0.07692307692308    0.00000000000000    0.00000000000000             2
    0.15384615384615    0.00000000000000    0.00000000000000             2
    0.23076923076923    0.00000000000000    0.00000000000000             2
    0.30769230769231    0.00000000000000    0.00000000000000             2
    0.38461538461538    0.00000000000000    0.00000000000000             2
    0.46153846153846    0.00000000000000    0.00000000000000             2
    0.00000000000000    0.16666666666667    0.00000000000000             2
    0.07692307692308    0.16666666666667    0.00000000000000             2
    0.15384615384615    0.16666666666667    0.00000000000000             2
    0.23076923076923    0.16666666666667    0.00000000000000             2
    0.30769230769231    0.16666666666667    0.00000000000000             2
    0.38461538461539    0.16666666666667    0.00000000000000             2
    0.46153846153846    0.16666666666667    0.00000000000000             2
   -0.46153846153846    0.16666666666667    0.00000000000000             2
   -0.38461538461538    0.16666666666667    0.00000000000000             2
   -0.30769230769231    0.16666666666667    0.00000000000000             2
   -0.23076923076923    0.16666666666667    0.00000000000000             2
   -0.15384615384615    0.16666666666667    0.00000000000000             2
   -0.07692307692308    0.16666666666667    0.00000000000000             2
    0.00000000000000    0.33333333333333    0.00000000000000             2
    0.07692307692308    0.33333333333333    0.00000000000000             2
    0.15384615384615    0.33333333333333    0.00000000000000             2
    0.23076923076923    0.33333333333333    0.00000000000000             2
    0.30769230769231    0.33333333333333    0.00000000000000             2
    0.38461538461539    0.33333333333333    0.00000000000000             2
    0.46153846153846    0.33333333333333    0.00000000000000             2
   -0.46153846153846    0.33333333333333    0.00000000000000             2
   -0.38461538461538    0.33333333333333    0.00000000000000             2
   -0.30769230769231    0.33333333333333    0.00000000000000             2
   -0.23076923076923    0.33333333333333    0.00000000000000             2
   -0.15384615384615    0.33333333333333    0.00000000000000             2
   -0.07692307692308    0.33333333333333    0.00000000000000             2
    0.00000000000000    0.50000000000000    0.00000000000000             1
    0.07692307692308    0.50000000000000    0.00000000000000             2
    0.15384615384615    0.50000000000000    0.00000000000000             2
    0.23076923076923    0.50000000000000    0.00000000000000             2
    0.30769230769231    0.50000000000000    0.00000000000000             2
    0.38461538461539    0.50000000000000    0.00000000000000             2
    0.46153846153846    0.50000000000000    0.00000000000000             2
    0.00000000000000    0.00000000000000    0.14285714285714             2
    0.07692307692308    0.00000000000000    0.14285714285714             2
    0.15384615384615    0.00000000000000    0.14285714285714             2
    0.23076923076923    0.00000000000000    0.14285714285714             2
    0.30769230769231    0.00000000000000    0.14285714285714             2
    0.38461538461539    0.00000000000000    0.14285714285714             2
    0.46153846153846    0.00000000000000    0.14285714285714             2
   -0.46153846153846    0.00000000000000    0.14285714285714             2
   -0.38461538461538    0.00000000000000    0.14285714285714             2
   -0.30769230769231    0.00000000000000    0.14285714285714             2
   -0.23076923076923    0.00000000000000    0.14285714285714             2
   -0.15384615384615    0.00000000000000    0.14285714285714             2
   -0.07692307692308    0.00000000000000    0.14285714285714             2
    0.00000000000000    0.16666666666667    0.14285714285714             2
    0.07692307692308    0.16666666666667    0.14285714285714             2
    0.15384615384615    0.16666666666667    0.14285714285714             2
    0.23076923076923    0.16666666666667    0.14285714285714             2
    0.30769230769231    0.16666666666667    0.14285714285714             2
    0.38461538461538    0.16666666666667    0.14285714285714             2
    0.46153846153846    0.16666666666667    0.14285714285714             2
   -0.46153846153846    0.16666666666667    0.14285714285714             2
   -0.38461538461538    0.16666666666667    0.14285714285714             2
   -0.30769230769231    0.16666666666667    0.14285714285714             2
   -0.23076923076923    0.16666666666667    0.14285714285714             2
   -0.15384615384615    0.16666666666667    0.14285714285714             2
   -0.07692307692308    0.16666666666667    0.14285714285714             2
    0.00000000000000    0.33333333333333    0.14285714285714             2
    0.07692307692308    0.33333333333333    0.14285714285714             2
    0.15384615384615    0.33333333333333    0.14285714285714             2
    0.23076923076923    0.33333333333333    0.14285714285714             2
    0.30769230769231    0.33333333333333    0.14285714285714             2
    0.38461538461539    0.33333333333333    0.14285714285714             2
    0.46153846153846    0.33333333333333    0.14285714285714             2
   -0.46153846153846    0.33333333333333    0.14285714285714             2
   -0.38461538461538    0.33333333333333    0.14285714285714             2
   -0.30769230769231    0.33333333333333    0.14285714285714             2
   -0.23076923076923    0.33333333333333    0.14285714285714             2
   -0.15384615384615    0.33333333333333    0.14285714285714             2
   -0.07692307692308    0.33333333333333    0.14285714285714             2
    0.00000000000000    0.50000000000000    0.14285714285714             2
    0.07692307692308    0.50000000000000    0.14285714285714             2
    0.15384615384615    0.50000000000000    0.14285714285714             2
    0.23076923076923    0.50000000000000    0.14285714285714             2
    0.30769230769231    0.50000000000000    0.14285714285714             2
    0.38461538461539    0.50000000000000    0.14285714285714             2
    0.46153846153846    0.50000000000000    0.14285714285714             2
   -0.46153846153846    0.50000000000000    0.14285714285714             2
   -0.38461538461538    0.50000000000000    0.14285714285714             2
   -0.30769230769231    0.50000000000000    0.14285714285714             2
   -0.23076923076923    0.50000000000000    0.14285714285714             2
   -0.15384615384615    0.50000000000000    0.14285714285714             2
   -0.07692307692308    0.50000000000000    0.14285714285714             2
    0.00000000000000   -0.33333333333333    0.14285714285714             2
    0.07692307692308   -0.33333333333333    0.14285714285714             2
    0.15384615384615   -0.33333333333333    0.14285714285714             2
    0.23076923076923   -0.33333333333333    0.14285714285714             2
    0.30769230769231   -0.33333333333333    0.14285714285714             2
    0.38461538461538   -0.33333333333333    0.14285714285714             2
    0.46153846153846   -0.33333333333333    0.14285714285714             2
   -0.46153846153846   -0.33333333333333    0.14285714285714             2
   -0.38461538461538   -0.33333333333333    0.14285714285714             2
   -0.30769230769231   -0.33333333333333    0.14285714285714             2
   -0.23076923076923   -0.33333333333333    0.14285714285714             2
   -0.15384615384615   -0.33333333333333    0.14285714285714             2
   -0.07692307692308   -0.33333333333333    0.14285714285714             2
    0.00000000000000   -0.16666666666667    0.14285714285714             2
    0.07692307692308   -0.16666666666667    0.14285714285714             2
    0.15384615384615   -0.16666666666667    0.14285714285714             2
    0.23076923076923   -0.16666666666667    0.14285714285714             2
    0.30769230769231   -0.16666666666667    0.14285714285714             2
    0.38461538461539   -0.16666666666667    0.14285714285714             2
    0.46153846153846   -0.16666666666667    0.14285714285714             2
   -0.46153846153846   -0.16666666666667    0.14285714285714             2
   -0.38461538461538   -0.16666666666667    0.14285714285714             2
   -0.30769230769231   -0.16666666666667    0.14285714285714             2
   -0.23076923076923   -0.16666666666667    0.14285714285714             2
   -0.15384615384615   -0.16666666666667    0.14285714285714             2
   -0.07692307692308   -0.16666666666667    0.14285714285714             2
    0.00000000000000    0.00000000000000    0.28571428571429             2
    0.07692307692308    0.00000000000000    0.28571428571429             2
    0.15384615384615    0.00000000000000    0.28571428571429             2
    0.23076923076923    0.00000000000000    0.28571428571429             2
    0.30769230769231    0.00000000000000    0.28571428571429             2
    0.38461538461539    0.00000000000000    0.28571428571429             2
    0.46153846153846    0.00000000000000    0.28571428571429             2
   -0.46153846153846    0.00000000000000    0.28571428571429             2
   -0.38461538461538    0.00000000000000    0.28571428571429             2
   -0.30769230769231    0.00000000000000    0.28571428571429             2
   -0.23076923076923    0.00000000000000    0.28571428571429             2
   -0.15384615384615    0.00000000000000    0.28571428571429             2
   -0.07692307692308    0.00000000000000    0.28571428571429             2
    0.00000000000000    0.16666666666667    0.28571428571429             2
    0.07692307692308    0.16666666666667    0.28571428571429             2
    0.15384615384615    0.16666666666667    0.28571428571429             2
    0.23076923076923    0.16666666666667    0.28571428571429             2
    0.30769230769231    0.16666666666667    0.28571428571429             2
    0.38461538461539    0.16666666666667    0.28571428571429             2
    0.46153846153846    0.16666666666667    0.28571428571429             2
   -0.46153846153846    0.16666666666667    0.28571428571429             2
   -0.38461538461538    0.16666666666667    0.28571428571429             2
   -0.30769230769231    0.16666666666667    0.28571428571429             2
   -0.23076923076923    0.16666666666667    0.28571428571429             2
   -0.15384615384615    0.16666666666667    0.28571428571429             2
   -0.07692307692308    0.16666666666667    0.28571428571429             2
    0.00000000000000    0.33333333333333    0.28571428571429             2
    0.07692307692308    0.33333333333333    0.28571428571429             2
    0.15384615384615    0.33333333333333    0.28571428571429             2
    0.23076923076923    0.33333333333333    0.28571428571429             2
    0.30769230769231    0.33333333333333    0.28571428571429             2
    0.38461538461539    0.33333333333333    0.28571428571429             2
    0.46153846153846    0.33333333333333    0.28571428571429             2
   -0.46153846153846    0.33333333333333    0.28571428571429             2
   -0.38461538461538    0.33333333333333    0.28571428571429             2
   -0.30769230769231    0.33333333333333    0.28571428571429             2
   -0.23076923076923    0.33333333333333    0.28571428571429             2
   -0.15384615384615    0.33333333333333    0.28571428571429             2
   -0.07692307692308    0.33333333333333    0.28571428571429             2
    0.00000000000000    0.50000000000000    0.28571428571429             2
    0.07692307692308    0.50000000000000    0.28571428571429             2
    0.15384615384615    0.50000000000000    0.28571428571429             2
    0.23076923076923    0.50000000000000    0.28571428571429             2
    0.30769230769231    0.50000000000000    0.28571428571429             2
    0.38461538461539    0.50000000000000    0.28571428571429             2
    0.46153846153846    0.50000000000000    0.28571428571429             2
   -0.46153846153846    0.50000000000000    0.28571428571429             2
   -0.38461538461538    0.50000000000000    0.28571428571429             2
   -0.30769230769231    0.50000000000000    0.28571428571429             2
   -0.23076923076923    0.50000000000000    0.28571428571429             2
   -0.15384615384615    0.50000000000000    0.28571428571429             2
   -0.07692307692308    0.50000000000000    0.28571428571429             2
    0.00000000000000   -0.33333333333333    0.28571428571429             2
    0.07692307692308   -0.33333333333333    0.28571428571429             2
    0.15384615384615   -0.33333333333333    0.28571428571429             2
    0.23076923076923   -0.33333333333333    0.28571428571429             2
    0.30769230769231   -0.33333333333333    0.28571428571429             2
    0.38461538461539   -0.33333333333333    0.28571428571429             2
    0.46153846153846   -0.33333333333333    0.28571428571429             2
   -0.46153846153846   -0.33333333333333    0.28571428571429             2
   -0.38461538461538   -0.33333333333333    0.28571428571429             2
   -0.30769230769231   -0.33333333333333    0.28571428571429             2
   -0.23076923076923   -0.33333333333333    0.28571428571429             2
   -0.15384615384615   -0.33333333333333    0.28571428571429             2
   -0.07692307692308   -0.33333333333333    0.28571428571429             2
    0.00000000000000   -0.16666666666667    0.28571428571429             2
    0.07692307692308   -0.16666666666667    0.28571428571429             2
    0.15384615384615   -0.16666666666667    0.28571428571429             2
    0.23076923076923   -0.16666666666667    0.28571428571429             2
    0.30769230769231   -0.16666666666667    0.28571428571429             2
    0.38461538461539   -0.16666666666667    0.28571428571429             2
    0.46153846153846   -0.16666666666667    0.28571428571429             2
   -0.46153846153846   -0.16666666666667    0.28571428571429             2
   -0.38461538461538   -0.16666666666667    0.28571428571429             2
   -0.30769230769231   -0.16666666666667    0.28571428571429             2
   -0.23076923076923   -0.16666666666667    0.28571428571429             2
   -0.15384615384615   -0.16666666666667    0.28571428571429             2
   -0.07692307692308   -0.16666666666667    0.28571428571429             2
    0.00000000000000    0.00000000000000    0.42857142857143             2
    0.07692307692308    0.00000000000000    0.42857142857143             2
    0.15384615384615    0.00000000000000    0.42857142857143             2
    0.23076923076923    0.00000000000000    0.42857142857143             2
    0.30769230769231    0.00000000000000    0.42857142857143             2
    0.38461538461539    0.00000000000000    0.42857142857143             2
    0.46153846153846    0.00000000000000    0.42857142857143             2
   -0.46153846153846    0.00000000000000    0.42857142857143             2
   -0.38461538461538    0.00000000000000    0.42857142857143             2
   -0.30769230769231    0.00000000000000    0.42857142857143             2
   -0.23076923076923    0.00000000000000    0.42857142857143             2
   -0.15384615384615    0.00000000000000    0.42857142857143             2
   -0.07692307692308    0.00000000000000    0.42857142857143             2
    0.00000000000000    0.16666666666667    0.42857142857143             2
    0.07692307692308    0.16666666666667    0.42857142857143             2
    0.15384615384615    0.16666666666667    0.42857142857143             2
    0.23076923076923    0.16666666666667    0.42857142857143             2
    0.30769230769231    0.16666666666667    0.42857142857143             2
    0.38461538461539    0.16666666666667    0.42857142857143             2
    0.46153846153846    0.16666666666667    0.42857142857143             2
   -0.46153846153846    0.16666666666667    0.42857142857143             2
   -0.38461538461538    0.16666666666667    0.42857142857143             2
   -0.30769230769231    0.16666666666667    0.42857142857143             2
   -0.23076923076923    0.16666666666667    0.42857142857143             2
   -0.15384615384615    0.16666666666667    0.42857142857143             2
   -0.07692307692308    0.16666666666667    0.42857142857143             2
    0.00000000000000    0.33333333333333    0.42857142857143             2
    0.07692307692308    0.33333333333333    0.42857142857143             2
    0.15384615384615    0.33333333333333    0.42857142857143             2
    0.23076923076923    0.33333333333333    0.42857142857143             2
    0.30769230769231    0.33333333333333    0.42857142857143             2
    0.38461538461538    0.33333333333333    0.42857142857143             2
    0.46153846153846    0.33333333333333    0.42857142857143             2
   -0.46153846153846    0.33333333333333    0.42857142857143             2
   -0.38461538461538    0.33333333333333    0.42857142857143             2
   -0.30769230769231    0.33333333333333    0.42857142857143             2
   -0.23076923076923    0.33333333333333    0.42857142857143             2
   -0.15384615384615    0.33333333333333    0.42857142857143             2
   -0.07692307692308    0.33333333333333    0.42857142857143             2
    0.00000000000000    0.50000000000000    0.42857142857143             2
    0.07692307692308    0.50000000000000    0.42857142857143             2
    0.15384615384615    0.50000000000000    0.42857142857143             2
    0.23076923076923    0.50000000000000    0.42857142857143             2
    0.30769230769231    0.50000000000000    0.42857142857143             2
    0.38461538461539    0.50000000000000    0.42857142857143             2
    0.46153846153846    0.50000000000000    0.42857142857143             2
   -0.46153846153846    0.50000000000000    0.42857142857143             2
   -0.38461538461538    0.50000000000000    0.42857142857143             2
   -0.30769230769231    0.50000000000000    0.42857142857143             2
   -0.23076923076923    0.50000000000000    0.42857142857143             2
   -0.15384615384615    0.50000000000000    0.42857142857143             2
   -0.07692307692308    0.50000000000000    0.42857142857143             2
    0.00000000000000   -0.33333333333333    0.42857142857143             2
    0.07692307692308   -0.33333333333333    0.42857142857143             2
    0.15384615384615   -0.33333333333333    0.42857142857143             2
    0.23076923076923   -0.33333333333333    0.42857142857143             2
    0.30769230769231   -0.33333333333333    0.42857142857143             2
    0.38461538461539   -0.33333333333333    0.42857142857143             2
    0.46153846153846   -0.33333333333333    0.42857142857143             2
   -0.46153846153846   -0.33333333333333    0.42857142857143             2
   -0.38461538461538   -0.33333333333333    0.42857142857143             2
   -0.30769230769231   -0.33333333333333    0.42857142857143             2
   -0.23076923076923   -0.33333333333333    0.42857142857143             2
   -0.15384615384615   -0.33333333333333    0.42857142857143             2
   -0.07692307692308   -0.33333333333333    0.42857142857143             2
    0.00000000000000   -0.16666666666667    0.42857142857143             2
    0.07692307692308   -0.16666666666667    0.42857142857143             2
    0.15384615384615   -0.16666666666667    0.42857142857143             2
    0.23076923076923   -0.16666666666667    0.42857142857143             2
    0.30769230769231   -0.16666666666667    0.42857142857143             2
    0.38461538461539   -0.16666666666667    0.42857142857143             2
    0.46153846153846   -0.16666666666667    0.42857142857143             2
   -0.46153846153846   -0.16666666666667    0.42857142857143             2
   -0.38461538461538   -0.16666666666667    0.42857142857143             2
   -0.30769230769231   -0.16666666666667    0.42857142857143             2
   -0.23076923076923   -0.16666666666667    0.42857142857143             2
   -0.15384615384615   -0.16666666666667    0.42857142857143             2
   -0.07692307692308   -0.16666666666667    0.42857142857143             2
