Automatically generated mesh
      36
Reciprocal lattice
    0.00000000000000    0.00000000000000    0.00000000000000             1
    0.14285714285714    0.00000000000000    0.00000000000000             2
    0.28571428571429    0.00000000000000    0.00000000000000             2
    0.42857142857143    0.00000000000000    0.00000000000000             2
    0.00000000000000    0.20000000000000    0.00000000000000             2
    0.14285714285714    0.20000000000000    0.00000000000000             2
    0.28571428571429    0.20000000000000    0.00000000000000             2
    0.42857142857143    0.20000000000000    0.00000000000000             2
   -0.42857142857143    0.20000000000000    0.00000000000000             2
   -0.28571428571429    0.20000000000000    0.00000000000000             2
   -0.14285714285714    0.20000000000000    0.00000000000000             2
    0.00000000000000    0.40000000000000    0.00000000000000             2
    0.14285714285714    0.40000000000000    0.00000000000000             2
    0.28571428571429    0.40000000000000    0.00000000000000             2
    0.42857142857143    0.40000000000000    0.00000000000000             2
   -0.42857142857143    0.40000000000000    0.00000000000000             2
   -0.28571428571429    0.40000000000000    0.00000000000000             2
   -0.14285714285714    0.40000000000000    0.00000000000000             2
    0.00000000000000    0.00000000000000    0.50000000000000             1
    0.14285714285714    0.00000000000000    0.50000000000000             2
    0.28571428571429    0.00000000000000    0.50000000000000             2
    0.42857142857143    0.00000000000000    0.50000000000000             2
    0.00000000000000    0.20000000000000    0.50000000000000             2
    0.14285714285714    0.20000000000000    0.50000000000000             2
    0.28571428571429    0.20000000000000    0.50000000000000             2
    0.42857142857143    0.20000000000000    0.50000000000000             2
   -0.42857142857143    0.20000000000000    0.50000000000000             2
   -0.28571428571429    0.20000000000000    0.50000000000000             2
   -0.14285714285714    0.20000000000000    0.50000000000000             2
    0.00000000000000    0.40000000000000    0.50000000000000             2
    0.14285714285714    0.40000000000000    0.50000000000000             2
    0.28571428571429    0.40000000000000    0.50000000000000             2
    0.42857142857143    0.40000000000000    0.50000000000000             2
   -0.42857142857143    0.40000000000000    0.50000000000000             2
   -0.28571428571429    0.40000000000000    0.50000000000000             2
   -0.14285714285714    0.40000000000000    0.50000000000000             2
Tetrahedra
       207    0.00238095238095
         2         1         5         6        24
         2         1         2         6        24
         2         1         2        20        24
         2         1         5        23        24
         2         1        19        23        24
         2         1        19        20        24
         2         2         6         7        25
         2         2         3         7        25
         2         2         3        21        25
         2         2         6        24        25
         2         2        20        24        25
         2         2        20        21        25
         2         3         7         8        26
         2         3         4         8        26
         2         3         4        22        26
         2         3         7        25        26
         2         3        21        25        26
         2         3        21        22        26
         2         4         8         9        27
         2         4         4         9        27
         2         4         4        22        27
         2         4         8        26        27
         2         4        22        26        27
         2         4        22        22        27
         2         4         9        10        28
         2         3         4        10        28
         2         3         4        21        28
         2         4         9        27        28
         2         4        22        27        28
         2         4        21        22        28
         2         3        10        11        29
         2         2         3        11        29
         2         2         3        20        29
         2         3        10        28        29
         2         3        21        28        29
         2         3        20        21        29
         2         2         5        11        23
         2         1         2         5        23
         2         1         2        19        23
         2         2        11        23        29
         2         2        20        23        29
         2         2        19        20        23
         2         5        12        13        31
         2         5         6        13        31
         2         5         6        24        31
         2         5        12        30        31
         2         5        23        30        31
         2         5        23        24        31
         2         6        13        14        32
         2         6         7        14        32
         2         6         7        25        32
         2         6        13        31        32
         2         6        24        31        32
         2         6        24        25        32
         2         7        14        15        33
         2         7         8        15        33
         2         7         8        26        33
         2         7        14        32        33
         2         7        25        32        33
         2         7        25        26        33
         2         8        15        16        34
         2         8         9        16        34
         2         8         9        27        34
         2         8        15        33        34
         2         8        26        33        34
         2         8        26        27        34
         2         9        16        17        35
         2         9        10        17        35
         2         9        10        28        35
         2         9        16        34        35
         2         9        27        34        35
         2         9        27        28        35
         2        10        17        18        36
         2        10        11        18        36
         2        10        11        29        36
         2        10        17        35        36
         2        10        28        35        36
         2        10        28        29        36
         2        11        12        18        30
         2         5        11        12        30
         2         5        11        23        30
         2        11        18        30        36
         2        11        29        30        36
         2        11        23        29        30
         2        12        12        18        36
         2        12        13        18        36
         2        12        13        31        36
         2        12        12        30        36
         2        12        30        30        36
         2        12        30        31        36
         2        13        17        18        35
         2        13        14        17        35
         2        13        14        32        35
         2        13        18        35        36
         2        13        31        35        36
         2        13        31        32        35
         2        14        16        17        34
         2        14        15        16        34
         2        14        15        33        34
         2        14        17        34        35
         2        14        32        34        35
         2        14        32        33        34
         4        15        15        16        33
         4        15        16        33        34
         4        15        33        33        34
         2        14        15        16        32
         2        14        16        17        32
         2        16        17        32        35
         2        15        16        32        33
         2        16        32        33        34
         2        16        32        34        35
         2        13        14        17        31
         2        13        17        18        31
         2        17        18        31        36
         2        14        17        31        32
         2        17        31        32        35
         2        17        31        35        36
         2        12        13        18        30
         2        12        12        18        30
         2        12        18        30        30
         2        13        18        30        31
         2        18        30        31        36
         2        18        30        30        36
         2         5        11        12        29
         2        11        12        18        29
         2        12        18        29        36
         2         5        12        23        29
         2        12        23        29        30
         2        12        29        30        36
         2        10        11        18        28
         2        10        17        18        28
         2        17        18        28        35
         2        11        18        28        29
         2        18        28        29        36
         2        18        28        35        36
         2         9        10        17        27
         2         9        16        17        27
         2        16        17        27        34
         2        10        17        27        28
         2        17        27        28        35
         2        17        27        34        35
         2         8         9        16        26
         2         8        15        16        26
         2        15        16        26        33
         2         9        16        26        27
         2        16        26        27        34
         2        16        26        33        34
         2         7         8        15        25
         2         7        14        15        25
         2        14        15        25        32
         2         8        15        25        26
         2        15        25        26        33
         2        15        25        32        33
         2         6         7        14        24
         2         6        13        14        24
         2        13        14        24        31
         2         7        14        24        25
         2        14        24        25        32
         2        14        24        31        32
         2         5         6        13        23
         2         5        12        13        23
         2        12        13        23        30
         2         6        13        23        24
         2        13        23        24        31
         2        13        23        30        31
         2         1         2         5        20
         2         2         5        11        20
         2         5        11        20        29
         2         1         5        19        20
         2         5        19        20        23
         2         5        20        23        29
         2         2         3        11        21
         2         3        10        11        21
         2        10        11        21        28
         2         2        11        20        21
         2        11        20        21        29
         2        11        21        28        29
         2         3         4        10        22
         2         4         9        10        22
         2         9        10        22        27
         2         3        10        21        22
         2        10        21        22        28
         2        10        22        27        28
         2         4         4         9        22
         2         4         8         9        22
         2         8         9        22        26
         2         4         9        22        22
         2         9        22        22        27
         2         9        22        26        27
         2         3         4         8        21
         2         3         7         8        21
         2         7         8        21        25
         2         4         8        21        22
         2         8        21        22        26
         2         8        21        25        26
         2         2         3         7        20
         2         2         6         7        20
         2         6         7        20        24
         2         3         7        20        21
         2         7        20        21        25
         2         7        20        24        25
         2         1         2         6        19
         2         1         5         6        19
         2         5         6        19        23
         2         2         6        19        20
         2         6        19        20        24
         2         6        19        23        24
