Automatically generated mesh
      64
Reciprocal lattice
    0.06250000000000    0.06250000000000    0.25000000000000             2
    0.18750000000000    0.06250000000000    0.25000000000000             2
    0.31250000000000    0.06250000000000    0.25000000000000             2
    0.43750000000000    0.06250000000000    0.25000000000000             2
   -0.43750000000000    0.06250000000000    0.25000000000000             2
   -0.31250000000000    0.06250000000000    0.25000000000000             2
   -0.18750000000000    0.06250000000000    0.25000000000000             2
   -0.06250000000000    0.06250000000000    0.25000000000000             2
    0.06250000000000    0.18750000000000    0.25000000000000             2
    0.18750000000000    0.18750000000000    0.25000000000000             2
    0.31250000000000    0.18750000000000    0.25000000000000             2
    0.43750000000000    0.18750000000000    0.25000000000000             2
   -0.43750000000000    0.18750000000000    0.25000000000000             2
   -0.31250000000000    0.18750000000000    0.25000000000000             2
   -0.18750000000000    0.18750000000000    0.25000000000000             2
   -0.06250000000000    0.18750000000000    0.25000000000000             2
    0.06250000000000    0.31250000000000    0.25000000000000             2
    0.18750000000000    0.31250000000000    0.25000000000000             2
    0.31250000000000    0.31250000000000    0.25000000000000             2
    0.43750000000000    0.31250000000000    0.25000000000000             2
   -0.43750000000000    0.31250000000000    0.25000000000000             2
   -0.31250000000000    0.31250000000000    0.25000000000000             2
   -0.18750000000000    0.31250000000000    0.25000000000000             2
   -0.06250000000000    0.31250000000000    0.25000000000000             2
    0.06250000000000    0.43750000000000    0.25000000000000             2
    0.18750000000000    0.43750000000000    0.25000000000000             2
    0.31250000000000    0.43750000000000    0.25000000000000             2
    0.43750000000000    0.43750000000000    0.25000000000000             2
   -0.43750000000000    0.43750000000000    0.25000000000000             2
   -0.31250000000000    0.43750000000000    0.25000000000000             2
   -0.18750000000000    0.43750000000000    0.25000000000000             2
   -0.06250000000000    0.43750000000000    0.25000000000000             2
    0.06250000000000   -0.43750000000000    0.25000000000000             2
    0.18750000000000   -0.43750000000000    0.25000000000000             2
    0.31250000000000   -0.43750000000000    0.25000000000000             2
    0.43750000000000   -0.43750000000000    0.25000000000000             2
   -0.43750000000000   -0.43750000000000    0.25000000000000             2
   -0.31250000000000   -0.43750000000000    0.25000000000000             2
   -0.18750000000000   -0.43750000000000    0.25000000000000             2
   -0.06250000000000   -0.43750000000000    0.25000000000000             2
    0.06250000000000   -0.31250000000000    0.25000000000000             2
    0.18750000000000   -0.31250000000000    0.25000000000000             2
    0.31250000000000   -0.31250000000000    0.25000000000000             2
    0.43750000000000   -0.31250000000000    0.25000000000000             2
   -0.43750000000000   -0.31250000000000    0.25000000000000             2
   -0.31250000000000   -0.31250000000000    0.25000000000000             2
   -0.18750000000000   -0.31250000000000    0.25000000000000             2
   -0.06250000000000   -0.31250000000000    0.25000000000000             2
    0.06250000000000   -0.18750000000000    0.25000000000000             2
    0.18750000000000   -0.18750000000000    0.25000000000000             2
    0.31250000000000   -0.18750000000000    0.25000000000000             2
    0.43750000000000   -0.18750000000000    0.25000000000000             2
   -0.43750000000000   -0.18750000000000    0.25000000000000             2
   -0.31250000000000   -0.18750000000000    0.25000000000000             2
   -0.18750000000000   -0.18750000000000    0.25000000000000             2
   -0.06250000000000   -0.18750000000000    0.25000000000000             2
    0.06250000000000   -0.06250000000000    0.25000000000000             2
    0.18750000000000   -0.06250000000000    0.25000000000000             2
    0.31250000000000   -0.06250000000000    0.25000000000000             2
    0.43750000000000   -0.06250000000000    0.25000000000000             2
   -0.43750000000000   -0.06250000000000    0.25000000000000             2
   -0.31250000000000   -0.06250000000000    0.25000000000000             2
   -0.18750000000000   -0.06250000000000    0.25000000000000             2
   -0.06250000000000   -0.06250000000000    0.25000000000000             2
Tetrahedra
       384    0.00130208333333
         2         2         9        10        56
         2         1         2         9        56
         2         1         2        56        64
         2         2        10        55        56
         2         2        55        56        63
         2         2        56        63        64
         2         3        10        11        55
         2         2         3        10        55
         2         2         3        55        63
         2         3        11        54        55
         2         3        54        55        62
         2         3        55        62        63
         2         4        11        12        54
         2         3         4        11        54
         2         3         4        54        62
         2         4        12        53        54
         2         4        53        54        61
         2         4        54        61        62
         2         5        12        13        53
         2         4         5        12        53
         2         4         5        53        61
         2         5        13        52        53
         2         5        52        53        60
         2         5        53        60        61
         2         6        13        14        52
         2         5         6        13        52
         2         5         6        52        60
         2         6        14        51        52
         2         6        51        52        59
         2         6        52        59        60
         2         7        14        15        51
         2         6         7        14        51
         2         6         7        51        59
         2         7        15        50        51
         2         7        50        51        58
         2         7        51        58        59
         2         8        15        16        50
         2         7         8        15        50
         2         7         8        50        58
         2         8        16        49        50
         2         8        49        50        57
         2         8        50        57        58
         2         1         9        16        49
         2         1         8        16        49
         2         1         8        49        57
         2         1         9        49        56
         2         1        49        56        64
         2         1        49        57        64
         2        10        17        18        48
         2         9        10        17        48
         2         9        10        48        56
         2        10        18        47        48
         2        10        47        48        55
         2        10        48        55        56
         2        11        18        19        47
         2        10        11        18        47
         2        10        11        47        55
         2        11        19        46        47
         2        11        46        47        54
         2        11        47        54        55
         2        12        19        20        46
         2        11        12        19        46
         2        11        12        46        54
         2        12        20        45        46
         2        12        45        46        53
         2        12        46        53        54
         2        13        20        21        45
         2        12        13        20        45
         2        12        13        45        53
         2        13        21        44        45
         2        13        44        45        52
         2        13        45        52        53
         2        14        21        22        44
         2        13        14        21        44
         2        13        14        44        52
         2        14        22        43        44
         2        14        43        44        51
         2        14        44        51        52
         2        15        22        23        43
         2        14        15        22        43
         2        14        15        43        51
         2        15        23        42        43
         2        15        42        43        50
         2        15        43        50        51
         2        16        23        24        42
         2        15        16        23        42
         2        15        16        42        50
         2        16        24        41        42
         2        16        41        42        49
         2        16        42        49        50
         2         9        17        24        41
         2         9        16        24        41
         2         9        16        41        49
         2         9        17        41        48
         2         9        41        48        56
         2         9        41        49        56
         2        18        25        26        40
         2        17        18        25        40
         2        17        18        40        48
         2        18        26        39        40
         2        18        39        40        47
         2        18        40        47        48
         2        19        26        27        39
         2        18        19        26        39
         2        18        19        39        47
         2        19        27        38        39
         2        19        38        39        46
         2        19        39        46        47
         2        20        27        28        38
         2        19        20        27        38
         2        19        20        38        46
         2        20        28        37        38
         2        20        37        38        45
         2        20        38        45        46
         2        21        28        29        37
         2        20        21        28        37
         2        20        21        37        45
         2        21        29        36        37
         2        21        36        37        44
         2        21        37        44        45
         2        22        29        30        36
         2        21        22        29        36
         2        21        22        36        44
         2        22        30        35        36
         2        22        35        36        43
         2        22        36        43        44
         2        23        30        31        35
         2        22        23        30        35
         2        22        23        35        43
         2        23        31        34        35
         2        23        34        35        42
         2        23        35        42        43
         2        24        31        32        34
         2        23        24        31        34
         2        23        24        34        42
         2        24        32        33        34
         2        24        33        34        41
         2        24        34        41        42
         2        17        25        32        33
         2        17        24        32        33
         2        17        24        33        41
         2        17        25        33        40
         2        17        33        40        48
         2        17        33        41        48
         2        26        32        33        34
         2        25        26        32        33
         2        25        26        32        40
         2        26        31        32        34
         2        26        31        32        39
         2        26        32        39        40
         2        27        31        34        35
         2        26        27        31        34
         2        26        27        31        39
         2        27        30        31        35
         2        27        30        31        38
         2        27        31        38        39
         2        28        30        35        36
         2        27        28        30        35
         2        27        28        30        38
         2        28        29        30        36
         2        28        29        30        37
         2        28        30        37        38
         2        29        29        36        37
         2        28        29        29        36
         2        28        29        29        37
         2        25        25        33        40
         2        25        25        32        40
         2        25        25        32        33
         2         1         2        58        64
         2         1        57        58        64
         2         8        57        58        64
         2         2        58        63        64
         2         7        58        63        64
         2         7         8        58        64
         2         2         3        59        63
         2         2        58        59        63
         2         7        58        59        63
         2         3        59        62        63
         2         6        59        62        63
         2         6         7        59        63
         2         3         4        60        62
         2         3        59        60        62
         2         6        59        60        62
         2         4        60        61        62
         2         5        60        61        62
         2         5         6        60        62
         2         4         5        61        61
         2         4        60        61        61
         2         5        60        61        61
         2         1         8        57        57
         2         8        57        57        64
         2         1        57        57        64
         2         9        55        56        63
         2         9        56        63        64
         2         1         9        63        64
         2         9        10        55        63
         2         2         9        10        63
         2         1         2         9        63
         2        10        54        55        62
         2        10        55        62        63
         2         2        10        62        63
         2        10        11        54        62
         2         3        10        11        62
         2         2         3        10        62
         2        11        53        54        61
         2        11        54        61        62
         2         3        11        61        62
         2        11        12        53        61
         2         4        11        12        61
         2         3         4        11        61
         2        12        52        53        60
         2        12        53        60        61
         2         4        12        60        61
         2        12        13        52        60
         2         5        12        13        60
         2         4         5        12        60
         2        13        51        52        59
         2        13        52        59        60
         2         5        13        59        60
         2        13        14        51        59
         2         6        13        14        59
         2         5         6        13        59
         2        14        50        51        58
         2        14        51        58        59
         2         6        14        58        59
         2        14        15        50        58
         2         7        14        15        58
         2         6         7        14        58
         2        15        49        50        57
         2        15        50        57        58
         2         7        15        57        58
         2        15        16        49        57
         2         8        15        16        57
         2         7         8        15        57
         2        16        49        56        64
         2        16        49        57        64
         2         8        16        57        64
         2         9        16        56        64
         2         1         9        16        64
         2         1         8        16        64
         2        17        47        48        55
         2        17        48        55        56
         2         9        17        55        56
         2        17        18        47        55
         2        10        17        18        55
         2         9        10        17        55
         2        18        46        47        54
         2        18        47        54        55
         2        10        18        54        55
         2        18        19        46        54
         2        11        18        19        54
         2        10        11        18        54
         2        19        45        46        53
         2        19        46        53        54
         2        11        19        53        54
         2        19        20        45        53
         2        12        19        20        53
         2        11        12        19        53
         2        20        44        45        52
         2        20        45        52        53
         2        12        20        52        53
         2        20        21        44        52
         2        13        20        21        52
         2        12        13        20        52
         2        21        43        44        51
         2        21        44        51        52
         2        13        21        51        52
         2        21        22        43        51
         2        14        21        22        51
         2        13        14        21        51
         2        22        42        43        50
         2        22        43        50        51
         2        14        22        50        51
         2        22        23        42        50
         2        15        22        23        50
         2        14        15        22        50
         2        23        41        42        49
         2        23        42        49        50
         2        15        23        49        50
         2        23        24        41        49
         2        16        23        24        49
         2        15        16        23        49
         2        24        41        48        56
         2        24        41        49        56
         2        16        24        49        56
         2        17        24        48        56
         2         9        17        24        56
         2         9        16        24        56
         2        25        39        40        47
         2        25        40        47        48
         2        17        25        47        48
         2        25        26        39        47
         2        18        25        26        47
         2        17        18        25        47
         2        26        38        39        46
         2        26        39        46        47
         2        18        26        46        47
         2        26        27        38        46
         2        19        26        27        46
         2        18        19        26        46
         2        27        37        38        45
         2        27        38        45        46
         2        19        27        45        46
         2        27        28        37        45
         2        20        27        28        45
         2        19        20        27        45
         2        28        36        37        44
         2        28        37        44        45
         2        20        28        44        45
         2        28        29        36        44
         2        21        28        29        44
         2        20        21        28        44
         2        29        35        36        43
         2        29        36        43        44
         2        21        29        43        44
         2        29        30        35        43
         2        22        29        30        43
         2        21        22        29        43
         2        30        34        35        42
         2        30        35        42        43
         2        22        30        42        43
         2        30        31        34        42
         2        23        30        31        42
         2        22        23        30        42
         2        31        33        34        41
         2        31        34        41        42
         2        23        31        41        42
         2        31        32        33        41
         2        24        31        32        41
         2        23        24        31        41
         2        32        33        40        48
         2        32        33        41        48
         2        24        32        41        48
         2        25        32        40        48
         2        17        25        32        48
         2        17        24        32        48
         2        31        32        33        39
         2        32        33        39        40
         2        25        33        39        40
         2        31        33        34        39
         2        26        33        34        39
         2        25        26        33        39
         2        30        31        34        38
         2        31        34        38        39
         2        26        34        38        39
         2        30        34        35        38
         2        27        34        35        38
         2        26        27        34        38
         2        29        30        35        37
         2        30        35        37        38
         2        27        35        37        38
         2        29        35        36        37
         2        28        35        36        37
         2        27        28        35        37
         2        28        29        36        36
         2        29        36        36        37
         2        28        36        36        37
         2        25        32        40        40
         2        25        33        40        40
         2        32        33        40        40
         2         1         7        63        64
         2         1         7         8        64
         2         1         7         8        57
         2         1         2         7        63
         2         1         2         7        58
         2         1         7        57        58
         2         2         6        62        63
         2         2         6         7        63
         2         2         6         7        58
         2         2         3         6        62
         2         2         3         6        59
         2         2         6        58        59
         2         3         5        61        62
         2         3         5         6        62
         2         3         5         6        59
         2         3         4         5        61
         2         3         4         5        60
         2         3         5        59        60
         2         4         4        60        61
         2         4         4         5        61
         2         4         4         5        60
         2         8         8        57        64
         2         1         8         8        57
         2         1         8         8        64
