Automatically generated mesh
      82
Reciprocal lattice
    0.00000000000000    0.00000000000000    0.00000000000000             1
    0.12500000000000    0.00000000000000    0.00000000000000             2
    0.25000000000000    0.00000000000000    0.00000000000000             2
    0.37500000000000    0.00000000000000    0.00000000000000             2
    0.50000000000000    0.00000000000000    0.00000000000000             1
    0.00000000000000    0.20000000000000    0.00000000000000             2
    0.12500000000000    0.20000000000000    0.00000000000000             2
    0.25000000000000    0.20000000000000    0.00000000000000             2
    0.37500000000000    0.20000000000000    0.00000000000000             2
    0.50000000000000    0.20000000000000    0.00000000000000             2
   -0.37500000000000    0.20000000000000    0.00000000000000             2
   -0.25000000000000    0.20000000000000    0.00000000000000             2
   -0.12500000000000    0.20000000000000    0.00000000000000             2
    0.00000000000000    0.40000000000000    0.00000000000000             2
    0.12500000000000    0.40000000000000    0.00000000000000             2
    0.25000000000000    0.40000000000000    0.00000000000000             2
    0.37500000000000    0.40000000000000    0.00000000000000             2
    0.50000000000000    0.40000000000000    0.00000000000000             2
   -0.37500000000000    0.40000000000000    0.00000000000000             2
   -0.25000000000000    0.40000000000000    0.00000000000000             2
   -0.12500000000000    0.40000000000000    0.00000000000000             2
    0.00000000000000    0.00000000000000    0.25000000000000             2
    0.12500000000000    0.00000000000000    0.25000000000000             2
    0.25000000000000    0.00000000000000    0.25000000000000             2
    0.37500000000000    0.00000000000000    0.25000000000000             2
    0.50000000000000    0.00000000000000    0.25000000000000             2
   -0.37500000000000    0.00000000000000    0.25000000000000             2
   -0.25000000000000    0.00000000000000    0.25000000000000             2
   -0.12500000000000    0.00000000000000    0.25000000000000             2
    0.00000000000000    0.20000000000000    0.25000000000000             2
    0.12500000000000    0.20000000000000    0.25000000000000             2
    0.25000000000000    0.20000000000000    0.25000000000000             2
    0.37500000000000    0.20000000000000    0.25000000000000             2
    0.50000000000000    0.20000000000000    0.25000000000000             2
   -0.37500000000000    0.20000000000000    0.25000000000000             2
   -0.25000000000000    0.20000000000000    0.25000000000000             2
   -0.12500000000000    0.20000000000000    0.25000000000000             2
    0.00000000000000    0.40000000000000    0.25000000000000             2
    0.12500000000000    0.40000000000000    0.25000000000000             2
    0.25000000000000    0.40000000000000    0.25000000000000             2
    0.37500000000000    0.40000000000000    0.25000000000000             2
    0.50000000000000    0.40000000000000    0.25000000000000             2
   -0.37500000000000    0.40000000000000    0.25000000000000             2
   -0.25000000000000    0.40000000000000    0.25000000000000             2
   -0.12500000000000    0.40000000000000    0.25000000000000             2
    0.00000000000000   -0.40000000000000    0.25000000000000             2
    0.12500000000000   -0.40000000000000    0.25000000000000             2
    0.25000000000000   -0.40000000000000    0.25000000000000             2
    0.37500000000000   -0.40000000000000    0.25000000000000             2
    0.50000000000000   -0.40000000000000    0.25000000000000             2
   -0.37500000000000   -0.40000000000000    0.25000000000000             2
   -0.25000000000000   -0.40000000000000    0.25000000000000             2
   -0.12500000000000   -0.40000000000000    0.25000000000000             2
    0.00000000000000   -0.20000000000000    0.25000000000000             2
    0.12500000000000   -0.20000000000000    0.25000000000000             2
    0.25000000000000   -0.20000000000000    0.25000000000000             2
    0.37500000000000   -0.20000000000000    0.25000000000000             2
    0.50000000000000   -0.20000000000000    0.25000000000000             2
   -0.37500000000000   -0.20000000000000    0.25000000000000             2
   -0.25000000000000   -0.20000000000000    0.25000000000000             2
   -0.12500000000000   -0.20000000000000    0.25000000000000             2
    0.00000000000000    0.00000000000000    0.50000000000000             1
    0.12500000000000    0.00000000000000    0.50000000000000             2
    0.25000000000000    0.00000000000000    0.50000000000000             2
    0.37500000000000    0.00000000000000    0.50000000000000             2
    0.50000000000000    0.00000000000000    0.50000000000000             1
    0.00000000000000    0.20000000000000    0.50000000000000             2
    0.12500000000000    0.20000000000000    0.50000000000000             2
    0.25000000000000    0.20000000000000    0.50000000000000             2
    0.37500000000000    0.20000000000000    0.50000000000000             2
    0.50000000000000    0.20000000000000    0.50000000000000             2
   -0.37500000000000    0.20000000000000    0.50000000000000             2
   -0.25000000000000    0.20000000000000    0.50000000000000             2
   -0.12500000000000    0.20000000000000    0.50000000000000             2
    0.00000000000000    0.40000000000000    0.50000000000000             2
    0.12500000000000    0.40000000000000    0.50000000000000             2
    0.25000000000000    0.40000000000000    0.50000000000000             2
    0.37500000000000    0.40000000000000    0.50000000000000             2
    0.50000000000000    0.40000000000000    0.50000000000000             2
   -0.37500000000000    0.40000000000000    0.50000000000000             2
   -0.25000000000000    0.40000000000000    0.50000000000000             2
   -0.12500000000000    0.40000000000000    0.50000000000000             2
Tetrahedra
       480    0.00104166666667
         2         1         6         7        31
         2         1         2         7        31
         2         1         2        23        31
         2         1         6        30        31
         2         1        22        30        31
         2         1        22        23        31
         2         2         7         8        32
         2         2         3         8        32
         2         2         3        24        32
         2         2         7        31        32
         2         2        23        31        32
         2         2        23        24        32
         2         3         8         9        33
         2         3         4         9        33
         2         3         4        25        33
         2         3         8        32        33
         2         3        24        32        33
         2         3        24        25        33
         2         4         9        10        34
         2         4         5        10        34
         2         4         5        26        34
         2         4         9        33        34
         2         4        25        33        34
         2         4        25        26        34
         2         5        10        11        35
         2         4         5        11        35
         2         4         5        27        35
         2         5        10        34        35
         2         5        26        34        35
         2         5        26        27        35
         2         4        11        12        36
         2         3         4        12        36
         2         3         4        28        36
         2         4        11        35        36
         2         4        27        35        36
         2         4        27        28        36
         2         3        12        13        37
         2         2         3        13        37
         2         2         3        29        37
         2         3        12        36        37
         2         3        28        36        37
         2         3        28        29        37
         2         2         6        13        30
         2         1         2         6        30
         2         1         2        22        30
         2         2        13        30        37
         2         2        29        30        37
         2         2        22        29        30
         2         6        14        15        39
         2         6         7        15        39
         2         6         7        31        39
         2         6        14        38        39
         2         6        30        38        39
         2         6        30        31        39
         2         7        15        16        40
         2         7         8        16        40
         2         7         8        32        40
         2         7        15        39        40
         2         7        31        39        40
         2         7        31        32        40
         2         8        16        17        41
         2         8         9        17        41
         2         8         9        33        41
         2         8        16        40        41
         2         8        32        40        41
         2         8        32        33        41
         2         9        17        18        42
         2         9        10        18        42
         2         9        10        34        42
         2         9        17        41        42
         2         9        33        41        42
         2         9        33        34        42
         2        10        18        19        43
         2        10        11        19        43
         2        10        11        35        43
         2        10        18        42        43
         2        10        34        42        43
         2        10        34        35        43
         2        11        19        20        44
         2        11        12        20        44
         2        11        12        36        44
         2        11        19        43        44
         2        11        35        43        44
         2        11        35        36        44
         2        12        20        21        45
         2        12        13        21        45
         2        12        13        37        45
         2        12        20        44        45
         2        12        36        44        45
         2        12        36        37        45
         2        13        14        21        38
         2         6        13        14        38
         2         6        13        30        38
         2        13        21        38        45
         2        13        37        38        45
         2        13        30        37        38
         2        14        14        21        47
         2        14        15        21        47
         2        14        15        39        47
         2        14        14        46        47
         2        14        38        46        47
         2        14        38        39        47
         2        15        20        21        48
         2        15        16        20        48
         2        15        16        40        48
         2        15        21        47        48
         2        15        39        47        48
         2        15        39        40        48
         2        16        19        20        49
         2        16        17        19        49
         2        16        17        41        49
         2        16        20        48        49
         2        16        40        48        49
         2        16        40        41        49
         2        17        18        19        50
         2        17        18        18        50
         2        17        18        42        50
         2        17        19        49        50
         2        17        41        49        50
         2        17        41        42        50
         2        17        18        18        51
         2        17        18        19        51
         2        18        19        43        51
         2        18        18        50        51
         2        18        42        50        51
         2        18        42        43        51
         2        16        17        19        52
         2        16        19        20        52
         2        19        20        44        52
         2        17        19        51        52
         2        19        43        51        52
         2        19        43        44        52
         2        15        16        20        53
         2        15        20        21        53
         2        20        21        45        53
         2        16        20        52        53
         2        20        44        52        53
         2        20        44        45        53
         2        14        15        21        46
         2        14        14        21        46
         2        14        21        38        46
         2        15        21        46        53
         2        21        45        46        53
         2        21        38        45        46
         2         6        13        14        55
         2        13        14        21        55
         2        14        21        47        55
         2         6        14        54        55
         2        14        46        54        55
         2        14        46        47        55
         2        12        13        21        56
         2        12        20        21        56
         2        20        21        48        56
         2        13        21        55        56
         2        21        47        55        56
         2        21        47        48        56
         2        11        12        20        57
         2        11        19        20        57
         2        19        20        49        57
         2        12        20        56        57
         2        20        48        56        57
         2        20        48        49        57
         2        10        11        19        58
         2        10        18        19        58
         2        18        19        50        58
         2        11        19        57        58
         2        19        49        57        58
         2        19        49        50        58
         2         9        10        18        59
         2         9        17        18        59
         2        17        18        51        59
         2        10        18        58        59
         2        18        50        58        59
         2        18        50        51        59
         2         8         9        17        60
         2         8        16        17        60
         2        16        17        52        60
         2         9        17        59        60
         2        17        51        59        60
         2        17        51        52        60
         2         7         8        16        61
         2         7        15        16        61
         2        15        16        53        61
         2         8        16        60        61
         2        16        52        60        61
         2        16        52        53        61
         2         6         7        15        54
         2         6        14        15        54
         2        14        15        46        54
         2         7        15        54        61
         2        15        53        54        61
         2        15        46        53        54
         2         1         2         6        23
         2         2         6        13        23
         2         6        13        23        55
         2         1         6        22        23
         2         6        22        23        54
         2         6        23        54        55
         2         2         3        13        24
         2         3        12        13        24
         2        12        13        24        56
         2         2        13        23        24
         2        13        23        24        55
         2        13        24        55        56
         2         3         4        12        25
         2         4        11        12        25
         2        11        12        25        57
         2         3        12        24        25
         2        12        24        25        56
         2        12        25        56        57
         2         4         5        11        26
         2         5        10        11        26
         2        10        11        26        58
         2         4        11        25        26
         2        11        25        26        57
         2        11        26        57        58
         2         4         5        10        27
         2         4         9        10        27
         2         9        10        27        59
         2         5        10        26        27
         2        10        26        27        58
         2        10        27        58        59
         2         3         4         9        28
         2         3         8         9        28
         2         8         9        28        60
         2         4         9        27        28
         2         9        27        28        59
         2         9        28        59        60
         2         2         3         8        29
         2         2         7         8        29
         2         7         8        29        61
         2         3         8        28        29
         2         8        28        29        60
         2         8        29        60        61
         2         1         2         7        22
         2         1         6         7        22
         2         6         7        22        54
         2         2         7        22        29
         2         7        22        29        61
         2         7        22        54        61
         2        22        30        31        68
         2        22        23        31        68
         2        22        23        63        68
         2        22        30        67        68
         2        22        62        67        68
         2        22        62        63        68
         2        23        31        32        69
         2        23        24        32        69
         2        23        24        64        69
         2        23        31        68        69
         2        23        63        68        69
         2        23        63        64        69
         2        24        32        33        70
         2        24        25        33        70
         2        24        25        65        70
         2        24        32        69        70
         2        24        64        69        70
         2        24        64        65        70
         2        25        33        34        71
         2        25        26        34        71
         2        25        26        66        71
         2        25        33        70        71
         2        25        65        70        71
         2        25        65        66        71
         2        26        34        35        72
         2        26        27        35        72
         2        26        27        65        72
         2        26        34        71        72
         2        26        66        71        72
         2        26        65        66        72
         2        27        35        36        73
         2        27        28        36        73
         2        27        28        64        73
         2        27        35        72        73
         2        27        65        72        73
         2        27        64        65        73
         2        28        36        37        74
         2        28        29        37        74
         2        28        29        63        74
         2        28        36        73        74
         2        28        64        73        74
         2        28        63        64        74
         2        29        30        37        67
         2        22        29        30        67
         2        22        29        62        67
         2        29        37        67        74
         2        29        63        67        74
         2        29        62        63        67
         2        30        38        39        76
         2        30        31        39        76
         2        30        31        68        76
         2        30        38        75        76
         2        30        67        75        76
         2        30        67        68        76
         2        31        39        40        77
         2        31        32        40        77
         2        31        32        69        77
         2        31        39        76        77
         2        31        68        76        77
         2        31        68        69        77
         2        32        40        41        78
         2        32        33        41        78
         2        32        33        70        78
         2        32        40        77        78
         2        32        69        77        78
         2        32        69        70        78
         2        33        41        42        79
         2        33        34        42        79
         2        33        34        71        79
         2        33        41        78        79
         2        33        70        78        79
         2        33        70        71        79
         2        34        42        43        80
         2        34        35        43        80
         2        34        35        72        80
         2        34        42        79        80
         2        34        71        79        80
         2        34        71        72        80
         2        35        43        44        81
         2        35        36        44        81
         2        35        36        73        81
         2        35        43        80        81
         2        35        72        80        81
         2        35        72        73        81
         2        36        44        45        82
         2        36        37        45        82
         2        36        37        74        82
         2        36        44        81        82
         2        36        73        81        82
         2        36        73        74        82
         2        37        38        45        75
         2        30        37        38        75
         2        30        37        67        75
         2        37        45        75        82
         2        37        74        75        82
         2        37        67        74        75
         2        38        46        47        82
         2        38        39        47        82
         2        38        39        76        82
         2        38        46        75        82
         2        38        75        75        82
         2        38        75        76        82
         2        39        47        48        81
         2        39        40        48        81
         2        39        40        77        81
         2        39        47        81        82
         2        39        76        81        82
         2        39        76        77        81
         2        40        48        49        80
         2        40        41        49        80
         2        40        41        78        80
         2        40        48        80        81
         2        40        77        80        81
         2        40        77        78        80
         2        41        49        50        79
         2        41        42        50        79
         2        41        42        79        79
         2        41        49        79        80
         2        41        78        79        80
         2        41        78        79        79
         2        42        50        51        78
         2        42        43        51        78
         2        42        43        78        80
         2        42        50        78        79
         2        42        78        79        79
         2        42        78        79        80
         2        43        51        52        77
         2        43        44        52        77
         2        43        44        77        81
         2        43        51        77        78
         2        43        77        78        80
         2        43        77        80        81
         2        44        52        53        76
         2        44        45        53        76
         2        44        45        76        82
         2        44        52        76        77
         2        44        76        77        81
         2        44        76        81        82
         2        45        46        53        75
         2        38        45        46        75
         2        38        45        75        75
         2        45        53        75        76
         2        45        75        76        82
         2        45        75        75        82
         2        46        54        55        74
         2        46        47        55        74
         2        46        47        74        82
         2        46        54        67        74
         2        46        67        74        75
         2        46        74        75        82
         2        47        55        56        73
         2        47        48        56        73
         2        47        48        73        81
         2        47        55        73        74
         2        47        73        74        82
         2        47        73        81        82
         2        48        56        57        72
         2        48        49        57        72
         2        48        49        72        80
         2        48        56        72        73
         2        48        72        73        81
         2        48        72        80        81
         2        49        57        58        71
         2        49        50        58        71
         2        49        50        71        79
         2        49        57        71        72
         2        49        71        72        80
         2        49        71        79        80
         2        50        58        59        70
         2        50        51        59        70
         2        50        51        70        78
         2        50        58        70        71
         2        50        70        71        79
         2        50        70        78        79
         2        51        59        60        69
         2        51        52        60        69
         2        51        52        69        77
         2        51        59        69        70
         2        51        69        70        78
         2        51        69        77        78
         2        52        60        61        68
         2        52        53        61        68
         2        52        53        68        76
         2        52        60        68        69
         2        52        68        69        77
         2        52        68        76        77
         2        53        54        61        67
         2        46        53        54        67
         2        46        53        67        75
         2        53        61        67        68
         2        53        67        68        76
         2        53        67        75        76
         2        22        23        54        63
         2        23        54        55        63
         2        54        55        63        74
         2        22        54        62        63
         2        54        62        63        67
         2        54        63        67        74
         2        23        24        55        64
         2        24        55        56        64
         2        55        56        64        73
         2        23        55        63        64
         2        55        63        64        74
         2        55        64        73        74
         2        24        25        56        65
         2        25        56        57        65
         2        56        57        65        72
         2        24        56        64        65
         2        56        64        65        73
         2        56        65        72        73
         2        25        26        57        66
         2        26        57        58        66
         2        57        58        66        71
         2        25        57        65        66
         2        57        65        66        72
         2        57        66        71        72
         2        26        27        58        65
         2        27        58        59        65
         2        58        59        65        70
         2        26        58        65        66
         2        58        65        66        71
         2        58        65        70        71
         2        27        28        59        64
         2        28        59        60        64
         2        59        60        64        69
         2        27        59        64        65
         2        59        64        65        70
         2        59        64        69        70
         2        28        29        60        63
         2        29        60        61        63
         2        60        61        63        68
         2        28        60        63        64
         2        60        63        64        69
         2        60        63        68        69
         2        22        29        61        62
         2        22        54        61        62
         2        54        61        62        67
         2        29        61        62        63
         2        61        62        63        68
         2        61        62        67        68
