Automatically generated mesh
      10
Reciprocal lattice
    0.00000000000000    0.00000000000000    0.00000000000000             1
    0.33333333333333    0.00000000000000    0.00000000000000             4
    0.00000000000000    0.33333333333333    0.00000000000000             4
    0.33333333333333    0.33333333333333    0.00000000000000             2
   -0.33333333333333    0.33333333333333    0.00000000000000             4
    0.33333333333333    0.00000000000000    0.33333333333333             2
   -0.33333333333333    0.00000000000000    0.33333333333333             4
    0.00000000000000    0.33333333333333    0.33333333333333             2
   -0.33333333333333    0.33333333333333    0.33333333333333             2
    0.00000000000000   -0.33333333333333    0.33333333333333             2
Tetrahedra
        47    0.00617283950617
         4         1         2         3         4
         2         1         2         2         4
         2         1         2         2         6
         8         1         2         3         8
         4         1         2         3         6
         4         2         4         5         9
         4         2         2         5         9
         4         2         2         7         9
         2         2         2         4         9
         2         2         2         6         9
         4         2         6         7         9
         4         2         3         5         8
         4         2         5         8         9
         4         2         7         8         9
         4         2         3         7         8
         4         3         3         5         7
         4         3         4         5         7
         4         2         3         4         7
         4         3         3         7        10
         4         3         7         8        10
         4         4         4         5         5
         2         4         5         5         9
         4         4         5         5         7
         4         2         4         5         7
         4         3         4         5        10
         4         3         3         5        10
         4         3         5         8        10
         2         4         5         5        10
         2         5         5         9        10
         4         5         8         9        10
         4         2         3         5         6
         4         3         5         6         7
         2         1         3         3         6
         2         3         3         6        10
         4         3         6         7        10
         4         2         2         5         7
         4         2         5         6         7
         4         5         6         7         7
         2         5         5         7         7
         2         1         3         3         4
         2         3         3         4        10
         2         6         7         7         9
         4         6         6         7         7
         4         7         8         9        10
         2         7         7         9        10
         2         6         7         7        10
         4         8         8         9        10
