Automatically generated mesh
      63
Reciprocal lattice
    0.00000000000000    0.00000000000000    0.00000000000000             1
    0.20000000000000    0.00000000000000    0.00000000000000             2
    0.40000000000000    0.00000000000000    0.00000000000000             2
    0.00000000000000    0.20000000000000    0.00000000000000             2
    0.20000000000000    0.20000000000000    0.00000000000000             2
    0.40000000000000    0.20000000000000    0.00000000000000             2
   -0.40000000000000    0.20000000000000    0.00000000000000             2
   -0.20000000000000    0.20000000000000    0.00000000000000             2
    0.00000000000000    0.40000000000000    0.00000000000000             2
    0.20000000000000    0.40000000000000    0.00000000000000             2
    0.40000000000000    0.40000000000000    0.00000000000000             2
   -0.40000000000000    0.40000000000000    0.00000000000000             2
   -0.20000000000000    0.40000000000000    0.00000000000000             2
    0.00000000000000    0.00000000000000    0.20000000000000             2
    0.20000000000000    0.00000000000000    0.20000000000000             2
    0.40000000000000    0.00000000000000    0.20000000000000             2
   -0.40000000000000    0.00000000000000    0.20000000000000             2
   -0.20000000000000    0.00000000000000    0.20000000000000             2
    0.00000000000000    0.20000000000000    0.20000000000000             2
    0.20000000000000    0.20000000000000    0.20000000000000             2
    0.40000000000000    0.20000000000000    0.20000000000000             2
   -0.40000000000000    0.20000000000000    0.20000000000000             2
   -0.20000000000000    0.20000000000000    0.20000000000000             2
    0.00000000000000    0.40000000000000    0.20000000000000             2
    0.20000000000000    0.40000000000000    0.20000000000000             2
    0.40000000000000    0.40000000000000    0.20000000000000             2
   -0.40000000000000    0.40000000000000    0.20000000000000             2
   -0.20000000000000    0.40000000000000    0.20000000000000             2
    0.00000000000000   -0.40000000000000    0.20000000000000             2
    0.20000000000000   -0.40000000000000    0.20000000000000             2
    0.40000000000000   -0.40000000000000    0.20000000000000             2
   -0.40000000000000   -0.40000000000000    0.20000000000000             2
   -0.20000000000000   -0.40000000000000    0.20000000000000             2
    0.00000000000000   -0.20000000000000    0.20000000000000             2
    0.20000000000000   -0.20000000000000    0.20000000000000             2
    0.40000000000000   -0.20000000000000    0.20000000000000             2
   -0.40000000000000   -0.20000000000000    0.20000000000000             2
   -0.20000000000000   -0.20000000000000    0.20000000000000             2
    0.00000000000000    0.00000000000000    0.40000000000000             2
    0.20000000000000    0.00000000000000    0.40000000000000             2
    0.40000000000000    0.00000000000000    0.40000000000000             2
   -0.40000000000000    0.00000000000000    0.40000000000000             2
   -0.20000000000000    0.00000000000000    0.40000000000000             2
    0.00000000000000    0.20000000000000    0.40000000000000             2
    0.20000000000000    0.20000000000000    0.40000000000000             2
    0.40000000000000    0.20000000000000    0.40000000000000             2
   -0.40000000000000    0.20000000000000    0.40000000000000             2
   -0.20000000000000    0.20000000000000    0.40000000000000             2
    0.00000000000000    0.40000000000000    0.40000000000000             2
    0.20000000000000    0.40000000000000    0.40000000000000             2
    0.40000000000000    0.40000000000000    0.40000000000000             2
   -0.40000000000000    0.40000000000000    0.40000000000000             2
   -0.20000000000000    0.40000000000000    0.40000000000000             2
    0.00000000000000   -0.40000000000000    0.40000000000000             2
    0.20000000000000   -0.40000000000000    0.40000000000000             2
    0.40000000000000   -0.40000000000000    0.40000000000000             2
   -0.40000000000000   -0.40000000000000    0.40000000000000             2
   -0.20000000000000   -0.40000000000000    0.40000000000000             2
    0.00000000000000   -0.20000000000000    0.40000000000000             2
    0.20000000000000   -0.20000000000000    0.40000000000000             2
    0.40000000000000   -0.20000000000000    0.40000000000000             2
   -0.40000000000000   -0.20000000000000    0.40000000000000             2
   -0.20000000000000   -0.20000000000000    0.40000000000000             2
Tetrahedra
       372    0.00133333333333
         2         1         4         5        20
         2         1         2         5        20
         2         1         2        15        20
         2         1         4        19        20
         2         1        14        19        20
         2         1        14        15        20
         2         2         5         6        21
         2         2         3         6        21
         2         2         3        16        21
         2         2         5        20        21
         2         2        15        20        21
         2         2        15        16        21
         2         3         6         7        22
         2         3         3         7        22
         2         3         3        17        22
         2         3         6        21        22
         2         3        16        21        22
         2         3        16        17        22
         2         3         7         8        23
         2         2         3         8        23
         2         2         3        18        23
         2         3         7        22        23
         2         3        17        22        23
         2         3        17        18        23
         2         2         4         8        19
         2         1         2         4        19
         2         1         2        14        19
         2         2         8        19        23
         2         2        18        19        23
         2         2        14        18        19
         2         4         9        10        25
         2         4         5        10        25
         2         4         5        20        25
         2         4         9        24        25
         2         4        19        24        25
         2         4        19        20        25
         2         5        10        11        26
         2         5         6        11        26
         2         5         6        21        26
         2         5        10        25        26
         2         5        20        25        26
         2         5        20        21        26
         2         6        11        12        27
         2         6         7        12        27
         2         6         7        22        27
         2         6        11        26        27
         2         6        21        26        27
         2         6        21        22        27
         2         7        12        13        28
         2         7         8        13        28
         2         7         8        23        28
         2         7        12        27        28
         2         7        22        27        28
         2         7        22        23        28
         2         8         9        13        24
         2         4         8         9        24
         2         4         8        19        24
         2         8        13        24        28
         2         8        23        24        28
         2         8        19        23        24
         2         9         9        13        30
         2         9        10        13        30
         2         9        10        25        30
         2         9         9        29        30
         2         9        24        29        30
         2         9        24        25        30
         2        10        12        13        31
         2        10        11        12        31
         2        10        11        26        31
         2        10        13        30        31
         2        10        25        30        31
         2        10        25        26        31
         4        11        11        12        32
         2        11        12        27        32
         2        11        12        31        32
         2        11        26        31        32
         2        11        26        27        32
         2        10        11        12        33
         2        10        12        13        33
         2        12        13        28        33
         2        11        12        32        33
         2        12        27        32        33
         2        12        27        28        33
         2         9        10        13        29
         2         9         9        13        29
         2         9        13        24        29
         2        10        13        29        33
         2        13        28        29        33
         2        13        24        28        29
         2         4         8         9        35
         2         8         9        13        35
         2         9        13        30        35
         2         4         9        34        35
         2         9        29        34        35
         2         9        29        30        35
         2         7         8        13        36
         2         7        12        13        36
         2        12        13        31        36
         2         8        13        35        36
         2        13        30        35        36
         2        13        30        31        36
         2         6         7        12        37
         2         6        11        12        37
         2        11        12        32        37
         2         7        12        36        37
         2        12        31        36        37
         2        12        31        32        37
         2         5         6        11        38
         2         5        10        11        38
         2        10        11        33        38
         2         6        11        37        38
         2        11        32        37        38
         2        11        32        33        38
         2         4         5        10        34
         2         4         9        10        34
         2         9        10        29        34
         2         5        10        34        38
         2        10        33        34        38
         2        10        29        33        34
         2         1         2         4        15
         2         2         4         8        15
         2         4         8        15        35
         2         1         4        14        15
         2         4        14        15        34
         2         4        15        34        35
         2         2         3         8        16
         2         3         7         8        16
         2         7         8        16        36
         2         2         8        15        16
         2         8        15        16        35
         2         8        16        35        36
         2         3         3         7        17
         2         3         6         7        17
         2         6         7        17        37
         2         3         7        16        17
         2         7        16        17        36
         2         7        17        36        37
         2         2         3         6        18
         2         2         5         6        18
         2         5         6        18        38
         2         3         6        17        18
         2         6        17        18        37
         2         6        18        37        38
         2         1         2         5        14
         2         1         4         5        14
         2         4         5        14        34
         2         2         5        14        18
         2         5        14        18        38
         2         5        14        34        38
         2        14        19        20        45
         2        14        15        20        45
         2        14        15        40        45
         2        14        19        44        45
         2        14        39        44        45
         2        14        39        40        45
         2        15        20        21        46
         2        15        16        21        46
         2        15        16        41        46
         2        15        20        45        46
         2        15        40        45        46
         2        15        40        41        46
         2        16        21        22        47
         2        16        17        22        47
         2        16        17        42        47
         2        16        21        46        47
         2        16        41        46        47
         2        16        41        42        47
         2        17        22        23        48
         2        17        18        23        48
         2        17        18        43        48
         2        17        22        47        48
         2        17        42        47        48
         2        17        42        43        48
         2        18        19        23        44
         2        14        18        19        44
         2        14        18        39        44
         2        18        23        44        48
         2        18        43        44        48
         2        18        39        43        44
         2        19        24        25        50
         2        19        20        25        50
         2        19        20        45        50
         2        19        24        49        50
         2        19        44        49        50
         2        19        44        45        50
         2        20        25        26        51
         2        20        21        26        51
         2        20        21        46        51
         2        20        25        50        51
         2        20        45        50        51
         2        20        45        46        51
         2        21        26        27        52
         2        21        22        27        52
         2        21        22        47        52
         2        21        26        51        52
         2        21        46        51        52
         2        21        46        47        52
         2        22        27        28        53
         2        22        23        28        53
         2        22        23        48        53
         2        22        27        52        53
         2        22        47        52        53
         2        22        47        48        53
         2        23        24        28        49
         2        19        23        24        49
         2        19        23        44        49
         2        23        28        49        53
         2        23        48        49        53
         2        23        44        48        49
         2        24        29        30        55
         2        24        25        30        55
         2        24        25        50        55
         2        24        29        54        55
         2        24        49        54        55
         2        24        49        50        55
         2        25        30        31        56
         2        25        26        31        56
         2        25        26        51        56
         2        25        30        55        56
         2        25        50        55        56
         2        25        50        51        56
         2        26        31        32        57
         2        26        27        32        57
         2        26        27        52        57
         2        26        31        56        57
         2        26        51        56        57
         2        26        51        52        57
         2        27        32        33        58
         2        27        28        33        58
         2        27        28        53        58
         2        27        32        57        58
         2        27        52        57        58
         2        27        52        53        58
         2        28        29        33        54
         2        24        28        29        54
         2        24        28        49        54
         2        28        33        54        58
         2        28        53        54        58
         2        28        49        53        54
         2        29        34        35        60
         2        29        30        35        60
         2        29        30        55        60
         2        29        34        59        60
         2        29        54        59        60
         2        29        54        55        60
         2        30        35        36        61
         2        30        31        36        61
         2        30        31        56        61
         2        30        35        60        61
         2        30        55        60        61
         2        30        55        56        61
         2        31        36        37        62
         2        31        32        37        62
         2        31        32        57        62
         2        31        36        61        62
         2        31        56        61        62
         2        31        56        57        62
         2        32        37        38        63
         2        32        33        38        63
         2        32        33        58        63
         2        32        37        62        63
         2        32        57        62        63
         2        32        57        58        63
         2        33        34        38        59
         2        29        33        34        59
         2        29        33        54        59
         2        33        38        59        63
         2        33        58        59        63
         2        33        54        58        59
         2        14        15        34        40
         2        15        34        35        40
         2        34        35        40        60
         2        14        34        39        40
         2        34        39        40        59
         2        34        40        59        60
         2        15        16        35        41
         2        16        35        36        41
         2        35        36        41        61
         2        15        35        40        41
         2        35        40        41        60
         2        35        41        60        61
         2        16        17        36        42
         2        17        36        37        42
         2        36        37        42        62
         2        16        36        41        42
         2        36        41        42        61
         2        36        42        61        62
         2        17        18        37        43
         2        18        37        38        43
         2        37        38        43        63
         2        17        37        42        43
         2        37        42        43        62
         2        37        43        62        63
         2        14        18        38        39
         2        14        34        38        39
         2        34        38        39        59
         2        18        38        39        43
         2        38        39        43        63
         2        38        39        59        63
         2        39        44        45        63
         2        39        40        45        63
         2        39        40        43        63
         2        39        44        59        63
         2        39        39        59        63
         2        39        39        43        63
         2        40        45        46        62
         2        40        41        46        62
         2        40        41        42        62
         2        40        45        62        63
         2        40        43        62        63
         2        40        42        43        62
         2        41        46        47        61
         2        41        42        47        61
         4        41        41        42        61
         2        41        46        61        62
         2        41        42        61        62
         2        42        47        48        60
         2        42        43        48        60
         2        40        42        43        60
         2        42        47        60        61
         2        41        42        60        61
         2        40        41        42        60
         2        43        44        48        59
         2        39        43        44        59
         2        39        39        43        59
         2        43        48        59        60
         2        40        43        59        60
         2        39        40        43        59
         2        44        49        50        58
         2        44        45        50        58
         2        44        45        58        63
         2        44        49        54        58
         2        44        54        58        59
         2        44        58        59        63
         2        45        50        51        57
         2        45        46        51        57
         2        45        46        57        62
         2        45        50        57        58
         2        45        57        58        63
         2        45        57        62        63
         2        46        51        52        56
         2        46        47        52        56
         2        46        47        56        61
         2        46        51        56        57
         2        46        56        57        62
         2        46        56        61        62
         2        47        52        53        55
         2        47        48        53        55
         2        47        48        55        60
         2        47        52        55        56
         2        47        55        56        61
         2        47        55        60        61
         2        48        49        53        54
         2        44        48        49        54
         2        44        48        54        59
         2        48        53        54        55
         2        48        54        55        60
         2        48        54        59        60
         2        49        53        54        55
         2        49        50        53        55
         2        49        50        53        58
         4        49        49        53        54
         2        49        53        54        58
         2        50        52        55        56
         2        50        51        52        56
         2        50        51        52        57
         2        50        52        53        55
         2        50        52        53        58
         2        50        52        57        58
         2        51        51        56        57
         2        51        51        52        57
         2        51        51        52        56
