Automatically generated mesh
     347
Reciprocal lattice
    0.00000000000000    0.00000000000000    0.00000000000000             1
    0.09090909090909    0.00000000000000    0.00000000000000             2
    0.18181818181818    0.00000000000000    0.00000000000000             2
    0.27272727272727    0.00000000000000    0.00000000000000             2
    0.36363636363636    0.00000000000000    0.00000000000000             2
    0.45454545454546    0.00000000000000    0.00000000000000             2
    0.00000000000000    0.11111111111111    0.00000000000000             2
    0.09090909090909    0.11111111111111    0.00000000000000             2
    0.18181818181818    0.11111111111111    0.00000000000000             2
    0.27272727272727    0.11111111111111    0.00000000000000             2
    0.36363636363636    0.11111111111111    0.00000000000000             2
    0.45454545454546    0.11111111111111    0.00000000000000             2
   -0.45454545454545    0.11111111111111    0.00000000000000             2
   -0.36363636363636    0.11111111111111    0.00000000000000             2
   -0.27272727272727    0.11111111111111    0.00000000000000             2
   -0.18181818181818    0.11111111111111    0.00000000000000             2
   -0.09090909090909    0.11111111111111    0.00000000000000             2
    0.00000000000000    0.22222222222222    0.00000000000000             2
    0.09090909090909    0.22222222222222    0.00000000000000             2
    0.18181818181818    0.22222222222222    0.00000000000000             2
    0.27272727272727    0.22222222222222    0.00000000000000             2
    0.36363636363636    0.22222222222222    0.00000000000000             2
    0.45454545454546    0.22222222222222    0.00000000000000             2
   -0.45454545454545    0.22222222222222    0.00000000000000             2
   -0.36363636363636    0.22222222222222    0.00000000000000             2
   -0.27272727272727    0.22222222222222    0.00000000000000             2
   -0.18181818181818    0.22222222222222    0.00000000000000             2
   -0.09090909090909    0.22222222222222    0.00000000000000             2
    0.00000000000000    0.33333333333333    0.00000000000000             2
    0.09090909090909    0.33333333333333    0.00000000000000             2
    0.18181818181818    0.33333333333333    0.00000000000000             2
    0.27272727272727    0.33333333333333    0.00000000000000             2
    0.36363636363636    0.33333333333333    0.00000000000000             2
    0.45454545454546    0.33333333333333    0.00000000000000             2
   -0.45454545454545    0.33333333333333    0.00000000000000             2
   -0.36363636363636    0.33333333333333    0.00000000000000             2
   -0.27272727272727    0.33333333333333    0.00000000000000             2
   -0.18181818181818    0.33333333333333    0.00000000000000             2
   -0.09090909090909    0.33333333333333    0.00000000000000             2
    0.00000000000000    0.44444444444445    0.00000000000000             2
    0.09090909090909    0.44444444444444    0.00000000000000             2
    0.18181818181818    0.44444444444445    0.00000000000000             2
    0.27272727272727    0.44444444444445    0.00000000000000             2
    0.36363636363636    0.44444444444445    0.00000000000000             2
    0.45454545454546    0.44444444444445    0.00000000000000             2
   -0.45454545454545    0.44444444444445    0.00000000000000             2
   -0.36363636363636    0.44444444444445    0.00000000000000             2
   -0.27272727272727    0.44444444444445    0.00000000000000             2
   -0.18181818181818    0.44444444444445    0.00000000000000             2
   -0.09090909090909    0.44444444444445    0.00000000000000             2
    0.00000000000000    0.00000000000000    0.14285714285714             2
    0.09090909090909    0.00000000000000    0.14285714285714             2
    0.18181818181818    0.00000000000000    0.14285714285714             2
    0.27272727272727    0.00000000000000    0.14285714285714             2
    0.36363636363636    0.00000000000000    0.14285714285714             2
    0.45454545454546    0.00000000000000    0.14285714285714             2
   -0.45454545454545    0.00000000000000    0.14285714285714             2
   -0.36363636363636    0.00000000000000    0.14285714285714             2
   -0.27272727272727    0.00000000000000    0.14285714285714             2
   -0.18181818181818    0.00000000000000    0.14285714285714             2
   -0.09090909090909    0.00000000000000    0.14285714285714             2
    0.00000000000000    0.11111111111111    0.14285714285714             2
    0.09090909090909    0.11111111111111    0.14285714285714             2
    0.18181818181818    0.11111111111111    0.14285714285714             2
    0.27272727272727    0.11111111111111    0.14285714285714             2
    0.36363636363636    0.11111111111111    0.14285714285714             2
    0.45454545454546    0.11111111111111    0.14285714285714             2
   -0.45454545454545    0.11111111111111    0.14285714285714             2
   -0.36363636363636    0.11111111111111    0.14285714285714             2
   -0.27272727272727    0.11111111111111    0.14285714285714             2
   -0.18181818181818    0.11111111111111    0.14285714285714             2
   -0.09090909090909    0.11111111111111    0.14285714285714             2
    0.00000000000000    0.22222222222222    0.14285714285714             2
    0.09090909090909    0.22222222222222    0.14285714285714             2
    0.18181818181818    0.22222222222222    0.14285714285714             2
    0.27272727272727    0.22222222222222    0.14285714285714             2
    0.36363636363636    0.22222222222222    0.14285714285714             2
    0.45454545454546    0.22222222222222    0.14285714285714             2
   -0.45454545454545    0.22222222222222    0.14285714285714             2
   -0.36363636363636    0.22222222222222    0.14285714285714             2
   -0.27272727272727    0.22222222222222    0.14285714285714             2
   -0.18181818181818    0.22222222222222    0.14285714285714             2
   -0.09090909090909    0.22222222222222    0.14285714285714             2
    0.00000000000000    0.33333333333333    0.14285714285714             2
    0.09090909090909    0.33333333333333    0.14285714285714             2
    0.18181818181818    0.33333333333333    0.14285714285714             2
    0.27272727272727    0.33333333333333    0.14285714285714             2
    0.36363636363636    0.33333333333333    0.14285714285714             2
    0.45454545454546    0.33333333333333    0.14285714285714             2
   -0.45454545454545    0.33333333333333    0.14285714285714             2
   -0.36363636363636    0.33333333333333    0.14285714285714             2
   -0.27272727272727    0.33333333333333    0.14285714285714             2
   -0.18181818181818    0.33333333333333    0.14285714285714             2
   -0.09090909090909    0.33333333333333    0.14285714285714             2
    0.00000000000000    0.44444444444445    0.14285714285714             2
    0.09090909090909    0.44444444444445    0.14285714285714             2
    0.18181818181818    0.44444444444445    0.14285714285714             2
    0.27272727272727    0.44444444444445    0.14285714285714             2
    0.36363636363636    0.44444444444445    0.14285714285714             2
    0.45454545454546    0.44444444444445    0.14285714285714             2
   -0.45454545454545    0.44444444444445    0.14285714285714             2
   -0.36363636363636    0.44444444444445    0.14285714285714             2
   -0.27272727272727    0.44444444444445    0.14285714285714             2
   -0.18181818181818    0.44444444444445    0.14285714285714             2
   -0.09090909090909    0.44444444444445    0.14285714285714             2
    0.00000000000000   -0.44444444444444    0.14285714285714             2
    0.09090909090909   -0.44444444444444    0.14285714285714             2
    0.18181818181818   -0.44444444444444    0.14285714285714             2
    0.27272727272727   -0.44444444444444    0.14285714285714             2
    0.36363636363636   -0.44444444444444    0.14285714285714             2
    0.45454545454546   -0.44444444444444    0.14285714285714             2
   -0.45454545454545   -0.44444444444444    0.14285714285714             2
   -0.36363636363636   -0.44444444444444    0.14285714285714             2
   -0.27272727272727   -0.44444444444444    0.14285714285714             2
   -0.18181818181818   -0.44444444444444    0.14285714285714             2
   -0.09090909090909   -0.44444444444444    0.14285714285714             2
    0.00000000000000   -0.33333333333333    0.14285714285714             2
    0.09090909090909   -0.33333333333333    0.14285714285714             2
    0.18181818181818   -0.33333333333333    0.14285714285714             2
    0.27272727272727   -0.33333333333333    0.14285714285714             2
    0.36363636363636   -0.33333333333333    0.14285714285714             2
    0.45454545454546   -0.33333333333333    0.14285714285714             2
   -0.45454545454545   -0.33333333333333    0.14285714285714             2
   -0.36363636363636   -0.33333333333333    0.14285714285714             2
   -0.27272727272727   -0.33333333333333    0.14285714285714             2
   -0.18181818181818   -0.33333333333333    0.14285714285714             2
   -0.09090909090909   -0.33333333333333    0.14285714285714             2
    0.00000000000000   -0.22222222222222    0.14285714285714             2
    0.09090909090909   -0.22222222222222    0.14285714285714             2
    0.18181818181818   -0.22222222222222    0.14285714285714             2
    0.27272727272727   -0.22222222222222    0.14285714285714             2
    0.36363636363636   -0.22222222222222    0.14285714285714             2
    0.45454545454546   -0.22222222222222    0.14285714285714             2
   -0.45454545454545   -0.22222222222222    0.14285714285714             2
   -0.36363636363636   -0.22222222222222    0.14285714285714             2
   -0.27272727272727   -0.22222222222222    0.14285714285714             2
   -0.18181818181818   -0.22222222222222    0.14285714285714             2
   -0.09090909090909   -0.22222222222222    0.14285714285714             2
    0.00000000000000   -0.11111111111111    0.14285714285714             2
    0.09090909090909   -0.11111111111111    0.14285714285714             2
    0.18181818181818   -0.11111111111111    0.14285714285714             2
    0.27272727272727   -0.11111111111111    0.14285714285714             2
    0.36363636363636   -0.11111111111111    0.14285714285714             2
    0.45454545454546   -0.11111111111111    0.14285714285714             2
   -0.45454545454545   -0.11111111111111    0.14285714285714             2
   -0.36363636363636   -0.11111111111111    0.14285714285714             2
   -0.27272727272727   -0.11111111111111    0.14285714285714             2
   -0.18181818181818   -0.11111111111111    0.14285714285714             2
   -0.09090909090909   -0.11111111111111    0.14285714285714             2
    0.00000000000000    0.00000000000000    0.28571428571429             2
    0.09090909090909    0.00000000000000    0.28571428571429             2
    0.18181818181818    0.00000000000000    0.28571428571429             2
    0.27272727272727    0.00000000000000    0.28571428571429             2
    0.36363636363636    0.00000000000000    0.28571428571429             2
    0.45454545454546    0.00000000000000    0.28571428571429             2
   -0.45454545454545    0.00000000000000    0.28571428571429             2
   -0.36363636363636    0.00000000000000    0.28571428571429             2
   -0.27272727272727    0.00000000000000    0.28571428571429             2
   -0.18181818181818    0.00000000000000    0.28571428571429             2
   -0.09090909090909    0.00000000000000    0.28571428571429             2
    0.00000000000000    0.11111111111111    0.28571428571429             2
    0.09090909090909    0.11111111111111    0.28571428571429             2
    0.18181818181818    0.11111111111111    0.28571428571429             2
    0.27272727272727    0.11111111111111    0.28571428571429             2
    0.36363636363636    0.11111111111111    0.28571428571429             2
    0.45454545454546    0.11111111111111    0.28571428571429             2
   -0.45454545454545    0.11111111111111    0.28571428571429             2
   -0.36363636363636    0.11111111111111    0.28571428571429             2
   -0.27272727272727    0.11111111111111    0.28571428571429             2
   -0.18181818181818    0.11111111111111    0.28571428571429             2
   -0.09090909090909    0.11111111111111    0.28571428571429             2
    0.00000000000000    0.22222222222222    0.28571428571429             2
    0.09090909090909    0.22222222222222    0.28571428571429             2
    0.18181818181818    0.22222222222222    0.28571428571429             2
    0.27272727272727    0.22222222222222    0.28571428571429             2
    0.36363636363636    0.22222222222222    0.28571428571429             2
    0.45454545454546    0.22222222222222    0.28571428571429             2
   -0.45454545454545    0.22222222222222    0.28571428571429             2
   -0.36363636363636    0.22222222222222    0.28571428571429             2
   -0.27272727272727    0.22222222222222    0.28571428571429             2
   -0.18181818181818    0.22222222222222    0.28571428571429             2
   -0.09090909090909    0.22222222222222    0.28571428571429             2
    0.00000000000000    0.33333333333333    0.28571428571429             2
    0.09090909090909    0.33333333333333    0.28571428571429             2
    0.18181818181818    0.33333333333333    0.28571428571429             2
    0.27272727272727    0.33333333333333    0.28571428571429             2
    0.36363636363636    0.33333333333333    0.28571428571429             2
    0.45454545454546    0.33333333333333    0.28571428571429             2
   -0.45454545454545    0.33333333333333    0.28571428571429             2
   -0.36363636363636    0.33333333333333    0.28571428571429             2
   -0.27272727272727    0.33333333333333    0.28571428571429             2
   -0.18181818181818    0.33333333333333    0.28571428571429             2
   -0.09090909090909    0.33333333333333    0.28571428571429             2
    0.00000000000000    0.44444444444444    0.28571428571429             2
    0.09090909090909    0.44444444444444    0.28571428571429             2
    0.18181818181818    0.44444444444445    0.28571428571429             2
    0.27272727272727    0.44444444444444    0.28571428571429             2
    0.36363636363636    0.44444444444445    0.28571428571429             2
    0.45454545454546    0.44444444444445    0.28571428571429             2
   -0.45454545454545    0.44444444444445    0.28571428571429             2
   -0.36363636363636    0.44444444444445    0.28571428571429             2
   -0.27272727272727    0.44444444444444    0.28571428571429             2
   -0.18181818181818    0.44444444444445    0.28571428571429             2
   -0.09090909090909    0.44444444444444    0.28571428571429             2
    0.00000000000000   -0.44444444444444    0.28571428571429             2
    0.09090909090909   -0.44444444444444    0.28571428571429             2
    0.18181818181818   -0.44444444444444    0.28571428571429             2
    0.27272727272727   -0.44444444444444    0.28571428571429             2
    0.36363636363636   -0.44444444444444    0.28571428571429             2
    0.45454545454546   -0.44444444444444    0.28571428571429             2
   -0.45454545454545   -0.44444444444444    0.28571428571429             2
   -0.36363636363636   -0.44444444444444    0.28571428571429             2
   -0.27272727272727   -0.44444444444444    0.28571428571429             2
   -0.18181818181818   -0.44444444444444    0.28571428571429             2
   -0.09090909090909   -0.44444444444444    0.28571428571429             2
    0.00000000000000   -0.33333333333333    0.28571428571429             2
    0.09090909090909   -0.33333333333333    0.28571428571429             2
    0.18181818181818   -0.33333333333333    0.28571428571429             2
    0.27272727272727   -0.33333333333333    0.28571428571429             2
    0.36363636363636   -0.33333333333333    0.28571428571429             2
    0.45454545454546   -0.33333333333333    0.28571428571429             2
   -0.45454545454545   -0.33333333333333    0.28571428571429             2
   -0.36363636363636   -0.33333333333333    0.28571428571429             2
   -0.27272727272727   -0.33333333333333    0.28571428571429             2
   -0.18181818181818   -0.33333333333333    0.28571428571429             2
   -0.09090909090909   -0.33333333333333    0.28571428571429             2
    0.00000000000000   -0.22222222222222    0.28571428571429             2
    0.09090909090909   -0.22222222222222    0.28571428571429             2
    0.18181818181818   -0.22222222222222    0.28571428571429             2
    0.27272727272727   -0.22222222222222    0.28571428571429             2
    0.36363636363636   -0.22222222222222    0.28571428571429             2
    0.45454545454546   -0.22222222222222    0.28571428571429             2
   -0.45454545454545   -0.22222222222222    0.28571428571429             2
   -0.36363636363636   -0.22222222222222    0.28571428571429             2
   -0.27272727272727   -0.22222222222222    0.28571428571429             2
   -0.18181818181818   -0.22222222222222    0.28571428571429             2
   -0.09090909090909   -0.22222222222222    0.28571428571429             2
    0.00000000000000   -0.11111111111111    0.28571428571429             2
    0.09090909090909   -0.11111111111111    0.28571428571429             2
    0.18181818181818   -0.11111111111111    0.28571428571429             2
    0.27272727272727   -0.11111111111111    0.28571428571429             2
    0.36363636363636   -0.11111111111111    0.28571428571429             2
    0.45454545454546   -0.11111111111111    0.28571428571429             2
   -0.45454545454545   -0.11111111111111    0.28571428571429             2
   -0.36363636363636   -0.11111111111111    0.28571428571429             2
   -0.27272727272727   -0.11111111111111    0.28571428571429             2
   -0.18181818181818   -0.11111111111111    0.28571428571429             2
   -0.09090909090909   -0.11111111111111    0.28571428571429             2
    0.00000000000000    0.00000000000000    0.42857142857143             2
    0.09090909090909    0.00000000000000    0.42857142857143             2
    0.18181818181818    0.00000000000000    0.42857142857143             2
    0.27272727272727    0.00000000000000    0.42857142857143             2
    0.36363636363636    0.00000000000000    0.42857142857143             2
    0.45454545454546    0.00000000000000    0.42857142857143             2
   -0.45454545454545    0.00000000000000    0.42857142857143             2
   -0.36363636363636    0.00000000000000    0.42857142857143             2
   -0.27272727272727    0.00000000000000    0.42857142857143             2
   -0.18181818181818    0.00000000000000    0.42857142857143             2
   -0.09090909090909    0.00000000000000    0.42857142857143             2
    0.00000000000000    0.11111111111111    0.42857142857143             2
    0.09090909090909    0.11111111111111    0.42857142857143             2
    0.18181818181818    0.11111111111111    0.42857142857143             2
    0.27272727272727    0.11111111111111    0.42857142857143             2
    0.36363636363636    0.11111111111111    0.42857142857143             2
    0.45454545454546    0.11111111111111    0.42857142857143             2
   -0.45454545454545    0.11111111111111    0.42857142857143             2
   -0.36363636363636    0.11111111111111    0.42857142857143             2
   -0.27272727272727    0.11111111111111    0.42857142857143             2
   -0.18181818181818    0.11111111111111    0.42857142857143             2
   -0.09090909090909    0.11111111111111    0.42857142857143             2
    0.00000000000000    0.22222222222222    0.42857142857143             2
    0.09090909090909    0.22222222222222    0.42857142857143             2
    0.18181818181818    0.22222222222222    0.42857142857143             2
    0.27272727272727    0.22222222222222    0.42857142857143             2
    0.36363636363636    0.22222222222222    0.42857142857143             2
    0.45454545454546    0.22222222222222    0.42857142857143             2
   -0.45454545454545    0.22222222222222    0.42857142857143             2
   -0.36363636363636    0.22222222222222    0.42857142857143             2
   -0.27272727272727    0.22222222222222    0.42857142857143             2
   -0.18181818181818    0.22222222222222    0.42857142857143             2
   -0.09090909090909    0.22222222222222    0.42857142857143             2
    0.00000000000000    0.33333333333333    0.42857142857143             2
    0.09090909090909    0.33333333333333    0.42857142857143             2
    0.18181818181818    0.33333333333333    0.42857142857143             2
    0.27272727272727    0.33333333333333    0.42857142857143             2
    0.36363636363636    0.33333333333333    0.42857142857143             2
    0.45454545454546    0.33333333333333    0.42857142857143             2
   -0.45454545454545    0.33333333333333    0.42857142857143             2
   -0.36363636363636    0.33333333333333    0.42857142857143             2
   -0.27272727272727    0.33333333333333    0.42857142857143             2
   -0.18181818181818    0.33333333333333    0.42857142857143             2
   -0.09090909090909    0.33333333333333    0.42857142857143             2
    0.00000000000000    0.44444444444445    0.42857142857143             2
    0.09090909090909    0.44444444444444    0.42857142857143             2
    0.18181818181818    0.44444444444445    0.42857142857143             2
    0.27272727272727    0.44444444444445    0.42857142857143             2
    0.36363636363636    0.44444444444445    0.42857142857143             2
    0.45454545454546    0.44444444444445    0.42857142857143             2
   -0.45454545454545    0.44444444444444    0.42857142857143             2
   -0.36363636363636    0.44444444444444    0.42857142857143             2
   -0.27272727272727    0.44444444444444    0.42857142857143             2
   -0.18181818181818    0.44444444444444    0.42857142857143             2
   -0.09090909090909    0.44444444444445    0.42857142857143             2
    0.00000000000000   -0.44444444444444    0.42857142857143             2
    0.09090909090909   -0.44444444444444    0.42857142857143             2
    0.18181818181818   -0.44444444444444    0.42857142857143             2
    0.27272727272727   -0.44444444444444    0.42857142857143             2
    0.36363636363636   -0.44444444444444    0.42857142857143             2
    0.45454545454546   -0.44444444444444    0.42857142857143             2
   -0.45454545454545   -0.44444444444444    0.42857142857143             2
   -0.36363636363636   -0.44444444444444    0.42857142857143             2
   -0.27272727272727   -0.44444444444444    0.42857142857143             2
   -0.18181818181818   -0.44444444444444    0.42857142857143             2
   -0.09090909090909   -0.44444444444444    0.42857142857143             2
    0.00000000000000   -0.33333333333333    0.42857142857143             2
    0.09090909090909   -0.33333333333333    0.42857142857143             2
    0.18181818181818   -0.33333333333333    0.42857142857143             2
    0.27272727272727   -0.33333333333333    0.42857142857143             2
    0.36363636363636   -0.33333333333333    0.42857142857143             2
    0.45454545454546   -0.33333333333333    0.42857142857143             2
   -0.45454545454545   -0.33333333333333    0.42857142857143             2
   -0.36363636363636   -0.33333333333333    0.42857142857143             2
   -0.27272727272727   -0.33333333333333    0.42857142857143             2
   -0.18181818181818   -0.33333333333333    0.42857142857143             2
   -0.09090909090909   -0.33333333333333    0.42857142857143             2
    0.00000000000000   -0.22222222222222    0.42857142857143             2
    0.09090909090909   -0.22222222222222    0.42857142857143             2
    0.18181818181818   -0.22222222222222    0.42857142857143             2
    0.27272727272727   -0.22222222222222    0.42857142857143             2
    0.36363636363636   -0.22222222222222    0.42857142857143             2
    0.45454545454546   -0.22222222222222    0.42857142857143             2
   -0.45454545454545   -0.22222222222222    0.42857142857143             2
   -0.36363636363636   -0.22222222222222    0.42857142857143             2
   -0.27272727272727   -0.22222222222222    0.42857142857143             2
   -0.18181818181818   -0.22222222222222    0.42857142857143             2
   -0.09090909090909   -0.22222222222222    0.42857142857143             2
    0.00000000000000   -0.11111111111111    0.42857142857143             2
    0.09090909090909   -0.11111111111111    0.42857142857143             2
    0.18181818181818   -0.11111111111111    0.42857142857143             2
    0.27272727272727   -0.11111111111111    0.42857142857143             2
    0.36363636363636   -0.11111111111111    0.42857142857143             2
    0.45454545454546   -0.11111111111111    0.42857142857143             2
   -0.45454545454545   -0.11111111111111    0.42857142857143             2
   -0.36363636363636   -0.11111111111111    0.42857142857143             2
   -0.27272727272727   -0.11111111111111    0.42857142857143             2
   -0.18181818181818   -0.11111111111111    0.42857142857143             2
   -0.09090909090909   -0.11111111111111    0.42857142857143             2
