Automatically generated mesh
      46
Reciprocal lattice
    0.00000000000000    0.00000000000000    0.00000000000000             1
    0.16666666666667    0.00000000000000    0.00000000000000             2
    0.33333333333333    0.00000000000000    0.00000000000000             2
    0.50000000000000    0.00000000000000    0.00000000000000             1
    0.00000000000000    0.20000000000000    0.00000000000000             2
    0.16666666666667    0.20000000000000    0.00000000000000             2
    0.33333333333333    0.20000000000000    0.00000000000000             2
    0.50000000000000    0.20000000000000    0.00000000000000             2
   -0.33333333333333    0.20000000000000    0.00000000000000             2
   -0.16666666666667    0.20000000000000    0.00000000000000             2
    0.00000000000000    0.40000000000000    0.00000000000000             2
    0.16666666666667    0.40000000000000    0.00000000000000             2
    0.33333333333333    0.40000000000000    0.00000000000000             2
    0.50000000000000    0.40000000000000    0.00000000000000             2
   -0.33333333333333    0.40000000000000    0.00000000000000             2
   -0.16666666666667    0.40000000000000    0.00000000000000             2
    0.00000000000000    0.00000000000000    0.33333333333333             2
    0.16666666666667    0.00000000000000    0.33333333333333             2
    0.33333333333333    0.00000000000000    0.33333333333333             2
    0.50000000000000    0.00000000000000    0.33333333333333             2
   -0.33333333333333    0.00000000000000    0.33333333333333             2
   -0.16666666666667    0.00000000000000    0.33333333333333             2
    0.00000000000000    0.20000000000000    0.33333333333333             2
    0.16666666666667    0.20000000000000    0.33333333333333             2
    0.33333333333333    0.20000000000000    0.33333333333333             2
    0.50000000000000    0.20000000000000    0.33333333333333             2
   -0.33333333333333    0.20000000000000    0.33333333333333             2
   -0.16666666666667    0.20000000000000    0.33333333333333             2
    0.00000000000000    0.40000000000000    0.33333333333333             2
    0.16666666666667    0.40000000000000    0.33333333333333             2
    0.33333333333333    0.40000000000000    0.33333333333333             2
    0.50000000000000    0.40000000000000    0.33333333333333             2
   -0.33333333333333    0.40000000000000    0.33333333333333             2
   -0.16666666666667    0.40000000000000    0.33333333333333             2
    0.00000000000000   -0.40000000000000    0.33333333333333             2
    0.16666666666667   -0.40000000000000    0.33333333333333             2
    0.33333333333333   -0.40000000000000    0.33333333333333             2
    0.50000000000000   -0.40000000000000    0.33333333333333             2
   -0.33333333333333   -0.40000000000000    0.33333333333333             2
   -0.16666666666667   -0.40000000000000    0.33333333333333             2
    0.00000000000000   -0.20000000000000    0.33333333333333             2
    0.16666666666667   -0.20000000000000    0.33333333333333             2
    0.33333333333333   -0.20000000000000    0.33333333333333             2
    0.50000000000000   -0.20000000000000    0.33333333333333             2
   -0.33333333333333   -0.20000000000000    0.33333333333333             2
   -0.16666666666667   -0.20000000000000    0.33333333333333             2
Tetrahedra
       268    0.00185185185185
         2         1         5         6        24
         2         1         2         6        24
         2         1         2        18        24
         2         1         5        23        24
         2         1        17        23        24
         2         1        17        18        24
         2         2         6         7        25
         2         2         3         7        25
         2         2         3        19        25
         2         2         6        24        25
         2         2        18        24        25
         2         2        18        19        25
         2         3         7         8        26
         2         3         4         8        26
         2         3         4        20        26
         2         3         7        25        26
         2         3        19        25        26
         2         3        19        20        26
         2         4         8         9        27
         2         3         4         9        27
         2         3         4        21        27
         2         4         8        26        27
         2         4        20        26        27
         2         4        20        21        27
         2         3         9        10        28
         2         2         3        10        28
         2         2         3        22        28
         2         3         9        27        28
         2         3        21        27        28
         2         3        21        22        28
         2         2         5        10        23
         2         1         2         5        23
         2         1         2        17        23
         2         2        10        23        28
         2         2        22        23        28
         2         2        17        22        23
         2         5        11        12        30
         2         5         6        12        30
         2         5         6        24        30
         2         5        11        29        30
         2         5        23        29        30
         2         5        23        24        30
         2         6        12        13        31
         2         6         7        13        31
         2         6         7        25        31
         2         6        12        30        31
         2         6        24        30        31
         2         6        24        25        31
         2         7        13        14        32
         2         7         8        14        32
         2         7         8        26        32
         2         7        13        31        32
         2         7        25        31        32
         2         7        25        26        32
         2         8        14        15        33
         2         8         9        15        33
         2         8         9        27        33
         2         8        14        32        33
         2         8        26        32        33
         2         8        26        27        33
         2         9        15        16        34
         2         9        10        16        34
         2         9        10        28        34
         2         9        15        33        34
         2         9        27        33        34
         2         9        27        28        34
         2        10        11        16        29
         2         5        10        11        29
         2         5        10        23        29
         2        10        16        29        34
         2        10        28        29        34
         2        10        23        28        29
         2        11        11        16        36
         2        11        12        16        36
         2        11        12        30        36
         2        11        11        35        36
         2        11        29        35        36
         2        11        29        30        36
         2        12        15        16        37
         2        12        13        15        37
         2        12        13        31        37
         2        12        16        36        37
         2        12        30        36        37
         2        12        30        31        37
         2        13        14        15        38
         2        13        14        14        38
         2        13        14        32        38
         2        13        15        37        38
         2        13        31        37        38
         2        13        31        32        38
         2        13        14        14        39
         2        13        14        15        39
         2        14        15        33        39
         2        14        14        38        39
         2        14        32        38        39
         2        14        32        33        39
         2        12        13        15        40
         2        12        15        16        40
         2        15        16        34        40
         2        13        15        39        40
         2        15        33        39        40
         2        15        33        34        40
         2        11        12        16        35
         2        11        11        16        35
         2        11        16        29        35
         2        12        16        35        40
         2        16        34        35        40
         2        16        29        34        35
         2         5        10        11        42
         2        10        11        16        42
         2        11        16        36        42
         2         5        11        41        42
         2        11        35        41        42
         2        11        35        36        42
         2         9        10        16        43
         2         9        15        16        43
         2        15        16        37        43
         2        10        16        42        43
         2        16        36        42        43
         2        16        36        37        43
         2         8         9        15        44
         2         8        14        15        44
         2        14        15        38        44
         2         9        15        43        44
         2        15        37        43        44
         2        15        37        38        44
         2         7         8        14        45
         2         7        13        14        45
         2        13        14        39        45
         2         8        14        44        45
         2        14        38        44        45
         2        14        38        39        45
         2         6         7        13        46
         2         6        12        13        46
         2        12        13        40        46
         2         7        13        45        46
         2        13        39        45        46
         2        13        39        40        46
         2         5         6        12        41
         2         5        11        12        41
         2        11        12        35        41
         2         6        12        41        46
         2        12        40        41        46
         2        12        35        40        41
         2         1         2         5        18
         2         2         5        10        18
         2         5        10        18        42
         2         1         5        17        18
         2         5        17        18        41
         2         5        18        41        42
         2         2         3        10        19
         2         3         9        10        19
         2         9        10        19        43
         2         2        10        18        19
         2        10        18        19        42
         2        10        19        42        43
         2         3         4         9        20
         2         4         8         9        20
         2         8         9        20        44
         2         3         9        19        20
         2         9        19        20        43
         2         9        20        43        44
         2         3         4         8        21
         2         3         7         8        21
         2         7         8        21        45
         2         4         8        20        21
         2         8        20        21        44
         2         8        21        44        45
         2         2         3         7        22
         2         2         6         7        22
         2         6         7        22        46
         2         3         7        21        22
         2         7        21        22        45
         2         7        22        45        46
         2         1         2         6        17
         2         1         5         6        17
         2         5         6        17        41
         2         2         6        17        22
         2         6        17        22        46
         2         6        17        41        46
         2        17        23        24        46
         2        17        18        24        46
         2        17        18        22        46
         2        17        23        41        46
         2        17        17        41        46
         2        17        17        22        46
         2        18        24        25        45
         2        18        19        25        45
         2        18        19        21        45
         2        18        24        45        46
         2        18        22        45        46
         2        18        21        22        45
         2        19        25        26        44
         2        19        20        26        44
         2        19        20        20        44
         2        19        25        44        45
         2        19        21        44        45
         2        19        20        21        44
         2        20        26        27        43
         2        20        21        27        43
         2        19        20        21        43
         2        20        26        43        44
         2        20        20        43        44
         2        19        20        20        43
         2        21        27        28        42
         2        21        22        28        42
         2        18        21        22        42
         2        21        27        42        43
         2        19        21        42        43
         2        18        19        21        42
         2        22        23        28        41
         2        17        22        23        41
         2        17        17        22        41
         2        22        28        41        42
         2        18        22        41        42
         2        17        18        22        41
         2        23        29        30        40
         2        23        24        30        40
         2        23        24        40        46
         2        23        29        35        40
         2        23        35        40        41
         2        23        40        41        46
         2        24        30        31        39
         2        24        25        31        39
         2        24        25        39        45
         2        24        30        39        40
         2        24        39        40        46
         2        24        39        45        46
         2        25        31        32        38
         2        25        26        32        38
         2        25        26        38        44
         2        25        31        38        39
         2        25        38        39        45
         2        25        38        44        45
         2        26        32        33        37
         2        26        27        33        37
         2        26        27        37        43
         2        26        32        37        38
         2        26        37        38        44
         2        26        37        43        44
         2        27        33        34        36
         2        27        28        34        36
         2        27        28        36        42
         2        27        33        36        37
         2        27        36        37        43
         2        27        36        42        43
         2        28        29        34        35
         2        23        28        29        35
         2        23        28        35        41
         2        28        34        35        36
         2        28        35        36        42
         2        28        35        41        42
         2        29        34        35        36
         2        29        30        34        36
         2        29        30        34        40
         4        29        29        34        35
         2        29        34        35        40
         2        30        33        36        37
         2        30        31        33        37
         2        30        31        33        39
         2        30        33        34        36
         2        30        33        34        40
         2        30        33        39        40
         2        31        32        37        38
         4        31        32        32        38
         2        31        32        33        37
         2        31        32        33        39
         2        31        32        38        39
