Automatically generated mesh
     148
Reciprocal lattice
    0.00000000000000    0.00000000000000    0.00000000000000             1
    0.14285714285714    0.00000000000000    0.00000000000000             2
    0.28571428571429    0.00000000000000    0.00000000000000             2
    0.42857142857143    0.00000000000000    0.00000000000000             2
    0.00000000000000    0.14285714285714    0.00000000000000             2
    0.14285714285714    0.14285714285714    0.00000000000000             2
    0.28571428571429    0.14285714285714    0.00000000000000             2
    0.42857142857143    0.14285714285714    0.00000000000000             2
   -0.42857142857143    0.14285714285714    0.00000000000000             2
   -0.28571428571429    0.14285714285714    0.00000000000000             2
   -0.14285714285714    0.14285714285714    0.00000000000000             2
    0.00000000000000    0.28571428571429    0.00000000000000             2
    0.14285714285714    0.28571428571429    0.00000000000000             2
    0.28571428571429    0.28571428571429    0.00000000000000             2
    0.42857142857143    0.28571428571429    0.00000000000000             2
   -0.42857142857143    0.28571428571429    0.00000000000000             2
   -0.28571428571428    0.28571428571429    0.00000000000000             2
   -0.14285714285714    0.28571428571429    0.00000000000000             2
    0.00000000000000    0.42857142857143    0.00000000000000             2
    0.14285714285714    0.42857142857143    0.00000000000000             2
    0.28571428571429    0.42857142857143    0.00000000000000             2
    0.42857142857143    0.42857142857143    0.00000000000000             2
   -0.42857142857143    0.42857142857143    0.00000000000000             2
   -0.28571428571429    0.42857142857143    0.00000000000000             2
   -0.14285714285714    0.42857142857143    0.00000000000000             2
    0.00000000000000    0.00000000000000    0.16666666666667             2
    0.14285714285714    0.00000000000000    0.16666666666667             2
    0.28571428571429    0.00000000000000    0.16666666666667             2
    0.42857142857143    0.00000000000000    0.16666666666667             2
   -0.42857142857143    0.00000000000000    0.16666666666667             2
   -0.28571428571429    0.00000000000000    0.16666666666667             2
   -0.14285714285714    0.00000000000000    0.16666666666667             2
    0.00000000000000    0.14285714285714    0.16666666666667             2
    0.14285714285714    0.14285714285714    0.16666666666667             2
    0.28571428571429    0.14285714285714    0.16666666666667             2
    0.42857142857143    0.14285714285714    0.16666666666667             2
   -0.42857142857143    0.14285714285714    0.16666666666667             2
   -0.28571428571429    0.14285714285714    0.16666666666667             2
   -0.14285714285714    0.14285714285714    0.16666666666667             2
    0.00000000000000    0.28571428571429    0.16666666666667             2
    0.14285714285714    0.28571428571429    0.16666666666667             2
    0.28571428571429    0.28571428571429    0.16666666666667             2
    0.42857142857143    0.28571428571429    0.16666666666667             2
   -0.42857142857143    0.28571428571429    0.16666666666667             2
   -0.28571428571428    0.28571428571429    0.16666666666667             2
   -0.14285714285714    0.28571428571429    0.16666666666667             2
    0.00000000000000    0.42857142857143    0.16666666666667             2
    0.14285714285714    0.42857142857143    0.16666666666667             2
    0.28571428571429    0.42857142857143    0.16666666666667             2
    0.42857142857143    0.42857142857143    0.16666666666667             2
   -0.42857142857143    0.42857142857143    0.16666666666667             2
   -0.28571428571429    0.42857142857143    0.16666666666667             2
   -0.14285714285714    0.42857142857143    0.16666666666667             2
    0.00000000000000   -0.42857142857143    0.16666666666667             2
    0.14285714285714   -0.42857142857143    0.16666666666667             2
    0.28571428571429   -0.42857142857143    0.16666666666667             2
    0.42857142857143   -0.42857142857143    0.16666666666667             2
   -0.42857142857143   -0.42857142857143    0.16666666666667             2
   -0.28571428571429   -0.42857142857143    0.16666666666667             2
   -0.14285714285714   -0.42857142857143    0.16666666666667             2
    0.00000000000000   -0.28571428571429    0.16666666666667             2
    0.14285714285714   -0.28571428571429    0.16666666666667             2
    0.28571428571429   -0.28571428571429    0.16666666666667             2
    0.42857142857143   -0.28571428571429    0.16666666666667             2
   -0.42857142857143   -0.28571428571429    0.16666666666667             2
   -0.28571428571428   -0.28571428571429    0.16666666666667             2
   -0.14285714285714   -0.28571428571429    0.16666666666667             2
    0.00000000000000   -0.14285714285714    0.16666666666667             2
    0.14285714285714   -0.14285714285714    0.16666666666667             2
    0.28571428571429   -0.14285714285714    0.16666666666667             2
    0.42857142857143   -0.14285714285714    0.16666666666667             2
   -0.42857142857143   -0.14285714285714    0.16666666666667             2
   -0.28571428571429   -0.14285714285714    0.16666666666667             2
   -0.14285714285714   -0.14285714285714    0.16666666666667             2
    0.00000000000000    0.00000000000000    0.33333333333333             2
    0.14285714285714    0.00000000000000    0.33333333333333             2
    0.28571428571429    0.00000000000000    0.33333333333333             2
    0.42857142857143    0.00000000000000    0.33333333333333             2
   -0.42857142857143    0.00000000000000    0.33333333333333             2
   -0.28571428571429    0.00000000000000    0.33333333333333             2
   -0.14285714285714    0.00000000000000    0.33333333333333             2
    0.00000000000000    0.14285714285714    0.33333333333333             2
    0.14285714285714    0.14285714285714    0.33333333333333             2
    0.28571428571429    0.14285714285714    0.33333333333333             2
    0.42857142857143    0.14285714285714    0.33333333333333             2
   -0.42857142857143    0.14285714285714    0.33333333333333             2
   -0.28571428571428    0.14285714285714    0.33333333333333             2
   -0.14285714285714    0.14285714285714    0.33333333333333             2
    0.00000000000000    0.28571428571429    0.33333333333333             2
    0.14285714285714    0.28571428571429    0.33333333333333             2
    0.28571428571429    0.28571428571429    0.33333333333333             2
    0.42857142857143    0.28571428571429    0.33333333333333             2
   -0.42857142857143    0.28571428571429    0.33333333333333             2
   -0.28571428571429    0.28571428571429    0.33333333333333             2
   -0.14285714285714    0.28571428571429    0.33333333333333             2
    0.00000000000000    0.42857142857143    0.33333333333333             2
    0.14285714285714    0.42857142857143    0.33333333333333             2
    0.28571428571429    0.42857142857143    0.33333333333333             2
    0.42857142857143    0.42857142857143    0.33333333333333             2
   -0.42857142857143    0.42857142857143    0.33333333333333             2
   -0.28571428571429    0.42857142857143    0.33333333333333             2
   -0.14285714285714    0.42857142857143    0.33333333333333             2
    0.00000000000000   -0.42857142857143    0.33333333333333             2
    0.14285714285714   -0.42857142857143    0.33333333333333             2
    0.28571428571429   -0.42857142857143    0.33333333333333             2
    0.42857142857143   -0.42857142857143    0.33333333333333             2
   -0.42857142857143   -0.42857142857143    0.33333333333333             2
   -0.28571428571428   -0.42857142857143    0.33333333333333             2
   -0.14285714285714   -0.42857142857143    0.33333333333333             2
    0.00000000000000   -0.28571428571428    0.33333333333333             2
    0.14285714285714   -0.28571428571429    0.33333333333333             2
    0.28571428571429   -0.28571428571428    0.33333333333333             2
    0.42857142857143   -0.28571428571428    0.33333333333333             2
   -0.42857142857143   -0.28571428571428    0.33333333333333             2
   -0.28571428571429   -0.28571428571429    0.33333333333333             2
   -0.14285714285714   -0.28571428571429    0.33333333333333             2
    0.00000000000000   -0.14285714285714    0.33333333333333             2
    0.14285714285714   -0.14285714285714    0.33333333333333             2
    0.28571428571429   -0.14285714285714    0.33333333333333             2
    0.42857142857143   -0.14285714285714    0.33333333333333             2
   -0.42857142857143   -0.14285714285714    0.33333333333333             2
   -0.28571428571429   -0.14285714285714    0.33333333333333             2
   -0.14285714285714   -0.14285714285714    0.33333333333333             2
    0.00000000000000    0.00000000000000    0.50000000000000             1
    0.14285714285714    0.00000000000000    0.50000000000000             2
    0.28571428571429    0.00000000000000    0.50000000000000             2
    0.42857142857143    0.00000000000000    0.50000000000000             2
    0.00000000000000    0.14285714285714    0.50000000000000             2
    0.14285714285714    0.14285714285714    0.50000000000000             2
    0.28571428571429    0.14285714285714    0.50000000000000             2
    0.42857142857143    0.14285714285714    0.50000000000000             2
   -0.42857142857143    0.14285714285714    0.50000000000000             2
   -0.28571428571429    0.14285714285714    0.50000000000000             2
   -0.14285714285714    0.14285714285714    0.50000000000000             2
    0.00000000000000    0.28571428571429    0.50000000000000             2
    0.14285714285714    0.28571428571429    0.50000000000000             2
    0.28571428571429    0.28571428571429    0.50000000000000             2
    0.42857142857143    0.28571428571429    0.50000000000000             2
   -0.42857142857143    0.28571428571429    0.50000000000000             2
   -0.28571428571429    0.28571428571429    0.50000000000000             2
   -0.14285714285714    0.28571428571429    0.50000000000000             2
    0.00000000000000    0.42857142857143    0.50000000000000             2
    0.14285714285714    0.42857142857143    0.50000000000000             2
    0.28571428571429    0.42857142857143    0.50000000000000             2
    0.42857142857143    0.42857142857143    0.50000000000000             2
   -0.42857142857143    0.42857142857143    0.50000000000000             2
   -0.28571428571429    0.42857142857143    0.50000000000000             2
   -0.14285714285714    0.42857142857143    0.50000000000000             2
