Automatically generated mesh
      76
Reciprocal lattice
    0.00000000000000    0.00000000000000    0.00000000000000             1
    0.20000000000000    0.00000000000000    0.00000000000000             2
    0.40000000000000    0.00000000000000    0.00000000000000             2
    0.00000000000000    0.16666666666667    0.00000000000000             2
    0.20000000000000    0.16666666666667    0.00000000000000             2
    0.40000000000000    0.16666666666667    0.00000000000000             2
   -0.40000000000000    0.16666666666667    0.00000000000000             2
   -0.20000000000000    0.16666666666667    0.00000000000000             2
    0.00000000000000    0.33333333333333    0.00000000000000             2
    0.20000000000000    0.33333333333333    0.00000000000000             2
    0.40000000000000    0.33333333333333    0.00000000000000             2
   -0.40000000000000    0.33333333333333    0.00000000000000             2
   -0.20000000000000    0.33333333333333    0.00000000000000             2
    0.00000000000000    0.50000000000000    0.00000000000000             1
    0.20000000000000    0.50000000000000    0.00000000000000             2
    0.40000000000000    0.50000000000000    0.00000000000000             2
    0.00000000000000    0.00000000000000    0.20000000000000             2
    0.20000000000000    0.00000000000000    0.20000000000000             2
    0.40000000000000    0.00000000000000    0.20000000000000             2
   -0.40000000000000    0.00000000000000    0.20000000000000             2
   -0.20000000000000    0.00000000000000    0.20000000000000             2
    0.00000000000000    0.16666666666667    0.20000000000000             2
    0.20000000000000    0.16666666666667    0.20000000000000             2
    0.40000000000000    0.16666666666667    0.20000000000000             2
   -0.40000000000000    0.16666666666667    0.20000000000000             2
   -0.20000000000000    0.16666666666667    0.20000000000000             2
    0.00000000000000    0.33333333333333    0.20000000000000             2
    0.20000000000000    0.33333333333333    0.20000000000000             2
    0.40000000000000    0.33333333333333    0.20000000000000             2
   -0.40000000000000    0.33333333333333    0.20000000000000             2
   -0.20000000000000    0.33333333333333    0.20000000000000             2
    0.00000000000000    0.50000000000000    0.20000000000000             2
    0.20000000000000    0.50000000000000    0.20000000000000             2
    0.40000000000000    0.50000000000000    0.20000000000000             2
   -0.40000000000000    0.50000000000000    0.20000000000000             2
   -0.20000000000000    0.50000000000000    0.20000000000000             2
    0.00000000000000   -0.33333333333333    0.20000000000000             2
    0.20000000000000   -0.33333333333333    0.20000000000000             2
    0.40000000000000   -0.33333333333333    0.20000000000000             2
   -0.40000000000000   -0.33333333333333    0.20000000000000             2
   -0.20000000000000   -0.33333333333333    0.20000000000000             2
    0.00000000000000   -0.16666666666667    0.20000000000000             2
    0.20000000000000   -0.16666666666667    0.20000000000000             2
    0.40000000000000   -0.16666666666667    0.20000000000000             2
   -0.40000000000000   -0.16666666666667    0.20000000000000             2
   -0.20000000000000   -0.16666666666667    0.20000000000000             2
    0.00000000000000    0.00000000000000    0.40000000000000             2
    0.20000000000000    0.00000000000000    0.40000000000000             2
    0.40000000000000    0.00000000000000    0.40000000000000             2
   -0.40000000000000    0.00000000000000    0.40000000000000             2
   -0.20000000000000    0.00000000000000    0.40000000000000             2
    0.00000000000000    0.16666666666667    0.40000000000000             2
    0.20000000000000    0.16666666666667    0.40000000000000             2
    0.40000000000000    0.16666666666667    0.40000000000000             2
   -0.40000000000000    0.16666666666667    0.40000000000000             2
   -0.20000000000000    0.16666666666667    0.40000000000000             2
    0.00000000000000    0.33333333333333    0.40000000000000             2
    0.20000000000000    0.33333333333333    0.40000000000000             2
    0.40000000000000    0.33333333333333    0.40000000000000             2
   -0.40000000000000    0.33333333333333    0.40000000000000             2
   -0.20000000000000    0.33333333333333    0.40000000000000             2
    0.00000000000000    0.50000000000000    0.40000000000000             2
    0.20000000000000    0.50000000000000    0.40000000000000             2
    0.40000000000000    0.50000000000000    0.40000000000000             2
   -0.40000000000000    0.50000000000000    0.40000000000000             2
   -0.20000000000000    0.50000000000000    0.40000000000000             2
    0.00000000000000   -0.33333333333333    0.40000000000000             2
    0.20000000000000   -0.33333333333333    0.40000000000000             2
    0.40000000000000   -0.33333333333333    0.40000000000000             2
   -0.40000000000000   -0.33333333333333    0.40000000000000             2
   -0.20000000000000   -0.33333333333333    0.40000000000000             2
    0.00000000000000   -0.16666666666667    0.40000000000000             2
    0.20000000000000   -0.16666666666667    0.40000000000000             2
    0.40000000000000   -0.16666666666667    0.40000000000000             2
   -0.40000000000000   -0.16666666666667    0.40000000000000             2
   -0.20000000000000   -0.16666666666667    0.40000000000000             2
Tetrahedra
       448    0.00111111111111
         2         2         4         5        22
         2         1         2         4        22
         2         1         2        17        22
         2         2         5        22        23
         2         2        18        22        23
         2         2        17        18        22
         2         3         5         6        23
         2         2         3         5        23
         2         2         3        18        23
         2         3         6        23        24
         2         3        19        23        24
         2         3        18        19        23
         2         3         6         7        24
         2         3         3         6        24
         2         3         3        19        24
         2         3         7        24        25
         2         3        20        24        25
         2         3        19        20        24
         2         2         7         8        25
         2         2         3         7        25
         2         2         3        20        25
         2         2         8        25        26
         2         2        21        25        26
         2         2        20        21        25
         2         1         4         8        26
         2         1         2         8        26
         2         1         2        21        26
         2         1         4        22        26
         2         1        17        22        26
         2         1        17        21        26
         2         5         9        10        27
         2         4         5         9        27
         2         4         5        22        27
         2         5        10        27        28
         2         5        23        27        28
         2         5        22        23        27
         2         6        10        11        28
         2         5         6        10        28
         2         5         6        23        28
         2         6        11        28        29
         2         6        24        28        29
         2         6        23        24        28
         2         7        11        12        29
         2         6         7        11        29
         2         6         7        24        29
         2         7        12        29        30
         2         7        25        29        30
         2         7        24        25        29
         2         8        12        13        30
         2         7         8        12        30
         2         7         8        25        30
         2         8        13        30        31
         2         8        26        30        31
         2         8        25        26        30
         2         4         9        13        31
         2         4         8        13        31
         2         4         8        26        31
         2         4         9        27        31
         2         4        22        27        31
         2         4        22        26        31
         2        10        14        15        32
         2         9        10        14        32
         2         9        10        27        32
         2        10        15        32        33
         2        10        28        32        33
         2        10        27        28        32
         2        11        15        16        33
         2        10        11        15        33
         2        10        11        28        33
         2        11        16        33        34
         2        11        29        33        34
         2        11        28        29        33
         2        12        16        16        34
         2        11        12        16        34
         2        11        12        29        34
         2        12        16        34        35
         2        12        30        34        35
         2        12        29        30        34
         2        13        15        16        35
         2        12        13        16        35
         2        12        13        30        35
         2        13        15        35        36
         2        13        31        35        36
         2        13        30        31        35
         2         9        14        15        36
         2         9        13        15        36
         2         9        13        31        36
         2         9        14        32        36
         2         9        27        32        36
         2         9        27        31        36
         2         9        13        15        37
         2         9        14        15        37
         2        14        15        32        37
         2        13        15        37        38
         2        15        33        37        38
         2        15        32        33        37
         2        12        13        16        38
         2        13        15        16        38
         2        15        16        33        38
         2        12        16        38        39
         2        16        34        38        39
         2        16        33        34        38
         2        11        12        16        39
         2        12        16        16        39
         2        16        16        34        39
         2        11        16        39        40
         2        16        35        39        40
         2        16        34        35        39
         2        10        11        15        40
         2        11        15        16        40
         2        15        16        35        40
         2        10        15        40        41
         2        15        36        40        41
         2        15        35        36        40
         2         9        10        14        41
         2        10        14        15        41
         2        14        15        36        41
         2         9        14        37        41
         2        14        32        37        41
         2        14        32        36        41
         2         4         8        13        42
         2         4         9        13        42
         2         9        13        37        42
         2         8        13        42        43
         2        13        38        42        43
         2        13        37        38        42
         2         7         8        12        43
         2         8        12        13        43
         2        12        13        38        43
         2         7        12        43        44
         2        12        39        43        44
         2        12        38        39        43
         2         6         7        11        44
         2         7        11        12        44
         2        11        12        39        44
         2         6        11        44        45
         2        11        40        44        45
         2        11        39        40        44
         2         5         6        10        45
         2         6        10        11        45
         2        10        11        40        45
         2         5        10        45        46
         2        10        41        45        46
         2        10        40        41        45
         2         4         5         9        46
         2         5         9        10        46
         2         9        10        41        46
         2         4         9        42        46
         2         9        37        42        46
         2         9        37        41        46
         2         1         2         8        17
         2         1         4         8        17
         2         4         8        17        42
         2         2         8        17        18
         2         8        17        18        43
         2         8        17        42        43
         2         2         3         7        18
         2         2         7         8        18
         2         7         8        18        43
         2         3         7        18        19
         2         7        18        19        44
         2         7        18        43        44
         2         3         3         6        19
         2         3         6         7        19
         2         6         7        19        44
         2         3         6        19        20
         2         6        19        20        45
         2         6        19        44        45
         2         2         3         5        20
         2         3         5         6        20
         2         5         6        20        45
         2         2         5        20        21
         2         5        20        21        46
         2         5        20        45        46
         2         1         2         4        21
         2         2         4         5        21
         2         4         5        21        46
         2         1         4        17        21
         2         4        17        21        42
         2         4        21        42        46
         2        18        22        23        52
         2        17        18        22        52
         2        17        18        47        52
         2        18        23        52        53
         2        18        48        52        53
         2        18        47        48        52
         2        19        23        24        53
         2        18        19        23        53
         2        18        19        48        53
         2        19        24        53        54
         2        19        49        53        54
         2        19        48        49        53
         2        20        24        25        54
         2        19        20        24        54
         2        19        20        49        54
         2        20        25        54        55
         2        20        50        54        55
         2        20        49        50        54
         2        21        25        26        55
         2        20        21        25        55
         2        20        21        50        55
         2        21        26        55        56
         2        21        51        55        56
         2        21        50        51        55
         2        17        22        26        56
         2        17        21        26        56
         2        17        21        51        56
         2        17        22        52        56
         2        17        47        52        56
         2        17        47        51        56
         2        23        27        28        57
         2        22        23        27        57
         2        22        23        52        57
         2        23        28        57        58
         2        23        53        57        58
         2        23        52        53        57
         2        24        28        29        58
         2        23        24        28        58
         2        23        24        53        58
         2        24        29        58        59
         2        24        54        58        59
         2        24        53        54        58
         2        25        29        30        59
         2        24        25        29        59
         2        24        25        54        59
         2        25        30        59        60
         2        25        55        59        60
         2        25        54        55        59
         2        26        30        31        60
         2        25        26        30        60
         2        25        26        55        60
         2        26        31        60        61
         2        26        56        60        61
         2        26        55        56        60
         2        22        27        31        61
         2        22        26        31        61
         2        22        26        56        61
         2        22        27        57        61
         2        22        52        57        61
         2        22        52        56        61
         2        28        32        33        62
         2        27        28        32        62
         2        27        28        57        62
         2        28        33        62        63
         2        28        58        62        63
         2        28        57        58        62
         2        29        33        34        63
         2        28        29        33        63
         2        28        29        58        63
         2        29        34        63        64
         2        29        59        63        64
         2        29        58        59        63
         2        30        34        35        64
         2        29        30        34        64
         2        29        30        59        64
         2        30        35        64        65
         2        30        60        64        65
         2        30        59        60        64
         2        31        35        36        65
         2        30        31        35        65
         2        30        31        60        65
         2        31        36        65        66
         2        31        61        65        66
         2        31        60        61        65
         2        27        32        36        66
         2        27        31        36        66
         2        27        31        61        66
         2        27        32        62        66
         2        27        57        62        66
         2        27        57        61        66
         2        33        37        38        67
         2        32        33        37        67
         2        32        33        62        67
         2        33        38        67        68
         2        33        63        67        68
         2        33        62        63        67
         2        34        38        39        68
         2        33        34        38        68
         2        33        34        63        68
         2        34        39        68        69
         2        34        64        68        69
         2        34        63        64        68
         2        35        39        40        69
         2        34        35        39        69
         2        34        35        64        69
         2        35        40        69        70
         2        35        65        69        70
         2        35        64        65        69
         2        36        40        41        70
         2        35        36        40        70
         2        35        36        65        70
         2        36        41        70        71
         2        36        66        70        71
         2        36        65        66        70
         2        32        37        41        71
         2        32        36        41        71
         2        32        36        66        71
         2        32        37        67        71
         2        32        62        67        71
         2        32        62        66        71
         2        38        42        43        72
         2        37        38        42        72
         2        37        38        67        72
         2        38        43        72        73
         2        38        68        72        73
         2        38        67        68        72
         2        39        43        44        73
         2        38        39        43        73
         2        38        39        68        73
         2        39        44        73        74
         2        39        69        73        74
         2        39        68        69        73
         2        40        44        45        74
         2        39        40        44        74
         2        39        40        69        74
         2        40        45        74        75
         2        40        70        74        75
         2        40        69        70        74
         2        41        45        46        75
         2        40        41        45        75
         2        40        41        70        75
         2        41        46        75        76
         2        41        71        75        76
         2        41        70        71        75
         2        37        42        46        76
         2        37        41        46        76
         2        37        41        71        76
         2        37        42        72        76
         2        37        67        72        76
         2        37        67        71        76
         2        17        18        43        47
         2        17        42        43        47
         2        42        43        47        72
         2        18        43        47        48
         2        43        47        48        73
         2        43        47        72        73
         2        18        19        44        48
         2        18        43        44        48
         2        43        44        48        73
         2        19        44        48        49
         2        44        48        49        74
         2        44        48        73        74
         2        19        20        45        49
         2        19        44        45        49
         2        44        45        49        74
         2        20        45        49        50
         2        45        49        50        75
         2        45        49        74        75
         2        20        21        46        50
         2        20        45        46        50
         2        45        46        50        75
         2        21        46        50        51
         2        46        50        51        76
         2        46        50        75        76
         2        17        21        42        51
         2        21        42        46        51
         2        42        46        51        76
         2        17        42        47        51
         2        42        47        51        72
         2        42        51        72        76
         2        48        52        53        72
         2        47        48        52        72
         2        47        47        48        72
         2        48        53        72        76
         2        48        51        72        76
         2        47        48        51        72
         2        49        53        54        76
         2        48        49        53        76
         2        48        49        51        76
         2        49        54        75        76
         2        49        50        75        76
         2        49        50        51        76
         2        50        54        55        75
         2        49        50        54        75
         4        49        50        50        75
         2        50        55        74        75
         2        49        50        74        75
         2        51        55        56        74
         2        50        51        55        74
         2        49        50        51        74
         2        51        56        73        74
         2        48        51        73        74
         2        48        49        51        74
         2        47        52        56        73
         2        47        51        56        73
         2        47        48        51        73
         2        47        52        72        73
         2        47        47        72        73
         2        47        47        48        73
         2        53        57        58        67
         2        52        53        57        67
         2        52        53        67        72
         2        53        58        67        71
         2        53        67        71        76
         2        53        67        72        76
         2        54        58        59        71
         2        53        54        58        71
         2        53        54        71        76
         2        54        59        70        71
         2        54        70        71        75
         2        54        71        75        76
         2        55        59        60        70
         2        54        55        59        70
         2        54        55        70        75
         2        55        60        69        70
         2        55        69        70        74
         2        55        70        74        75
         2        56        60        61        69
         2        55        56        60        69
         2        55        56        69        74
         2        56        61        68        69
         2        56        68        69        73
         2        56        69        73        74
         2        52        57        61        68
         2        52        56        61        68
         2        52        56        68        73
         2        52        57        67        68
         2        52        67        68        72
         2        52        68        72        73
         2        58        62        62        63
         2        57        58        62        62
         2        57        58        62        67
         2        58        62        63        66
         2        58        62        66        71
         2        58        62        67        71
         2        59        63        64        66
         2        58        59        63        66
         2        58        59        66        71
         2        59        64        65        66
         2        59        65        66        70
         2        59        66        70        71
         4        60        64        65        65
         2        59        60        64        65
         2        59        60        65        70
         2        60        64        65        69
         2        60        65        69        70
         2        61        64        65        66
         2        60        61        64        65
         2        60        61        64        69
         2        61        63        64        66
         2        61        63        64        68
         2        61        64        68        69
         2        57        62        63        66
         2        57        61        63        66
         2        57        61        63        68
         2        57        62        62        63
         2        57        62        63        67
         2        57        63        67        68
