Automatically generated mesh
      64
Reciprocal lattice
    0.00000000000000    0.00000000000000    0.00000000000000             1
    0.14285714285714    0.00000000000000    0.00000000000000             2
    0.28571428571429    0.00000000000000    0.00000000000000             2
    0.42857142857143    0.00000000000000    0.00000000000000             2
    0.00000000000000    0.16666666666667    0.00000000000000             2
    0.14285714285714    0.16666666666667    0.00000000000000             2
    0.28571428571429    0.16666666666667    0.00000000000000             2
    0.42857142857143    0.16666666666667    0.00000000000000             2
   -0.42857142857143    0.16666666666667    0.00000000000000             2
   -0.28571428571429    0.16666666666667    0.00000000000000             2
   -0.14285714285714    0.16666666666667    0.00000000000000             2
    0.00000000000000    0.33333333333333    0.00000000000000             2
    0.14285714285714    0.33333333333333    0.00000000000000             2
    0.28571428571429    0.33333333333333    0.00000000000000             2
    0.42857142857143    0.33333333333333    0.00000000000000             2
   -0.42857142857143    0.33333333333333    0.00000000000000             2
   -0.28571428571429    0.33333333333333    0.00000000000000             2
   -0.14285714285714    0.33333333333333    0.00000000000000             2
    0.00000000000000    0.50000000000000    0.00000000000000             1
    0.14285714285714    0.50000000000000    0.00000000000000             2
    0.28571428571429    0.50000000000000    0.00000000000000             2
    0.42857142857143    0.50000000000000    0.00000000000000             2
    0.00000000000000    0.00000000000000    0.33333333333333             2
    0.14285714285714    0.00000000000000    0.33333333333333             2
    0.28571428571429    0.00000000000000    0.33333333333333             2
    0.42857142857143    0.00000000000000    0.33333333333333             2
   -0.42857142857143    0.00000000000000    0.33333333333333             2
   -0.28571428571429    0.00000000000000    0.33333333333333             2
   -0.14285714285714    0.00000000000000    0.33333333333333             2
    0.00000000000000    0.16666666666667    0.33333333333333             2
    0.14285714285714    0.16666666666667    0.33333333333333             2
    0.28571428571429    0.16666666666667    0.33333333333333             2
    0.42857142857143    0.16666666666667    0.33333333333333             2
   -0.42857142857143    0.16666666666667    0.33333333333333             2
   -0.28571428571429    0.16666666666667    0.33333333333333             2
   -0.14285714285714    0.16666666666667    0.33333333333333             2
    0.00000000000000    0.33333333333333    0.33333333333333             2
    0.14285714285714    0.33333333333333    0.33333333333333             2
    0.28571428571429    0.33333333333333    0.33333333333333             2
    0.42857142857143    0.33333333333333    0.33333333333333             2
   -0.42857142857143    0.33333333333333    0.33333333333333             2
   -0.28571428571429    0.33333333333333    0.33333333333333             2
   -0.14285714285714    0.33333333333333    0.33333333333333             2
    0.00000000000000    0.50000000000000    0.33333333333333             2
    0.14285714285714    0.50000000000000    0.33333333333333             2
    0.28571428571429    0.50000000000000    0.33333333333333             2
    0.42857142857143    0.50000000000000    0.33333333333333             2
   -0.42857142857143    0.50000000000000    0.33333333333333             2
   -0.28571428571429    0.50000000000000    0.33333333333333             2
   -0.14285714285714    0.50000000000000    0.33333333333333             2
    0.00000000000000   -0.33333333333333    0.33333333333333             2
    0.14285714285714   -0.33333333333333    0.33333333333333             2
    0.28571428571429   -0.33333333333333    0.33333333333333             2
    0.42857142857143   -0.33333333333333    0.33333333333333             2
   -0.42857142857143   -0.33333333333333    0.33333333333333             2
   -0.28571428571429   -0.33333333333333    0.33333333333333             2
   -0.14285714285714   -0.33333333333333    0.33333333333333             2
    0.00000000000000   -0.16666666666667    0.33333333333333             2
    0.14285714285714   -0.16666666666667    0.33333333333333             2
    0.28571428571429   -0.16666666666667    0.33333333333333             2
    0.42857142857143   -0.16666666666667    0.33333333333333             2
   -0.42857142857143   -0.16666666666667    0.33333333333333             2
   -0.28571428571429   -0.16666666666667    0.33333333333333             2
   -0.14285714285714   -0.16666666666667    0.33333333333333             2
Tetrahedra
       376    0.00132275132275
         2         1         5         6        31
         2         1         2         6        31
         2         1         2        24        31
         2         1         5        30        31
         2         1        23        30        31
         2         1        23        24        31
         2         2         6         7        32
         2         2         3         7        32
         2         2         3        25        32
         2         2         6        31        32
         2         2        24        31        32
         2         2        24        25        32
         2         3         7         8        33
         2         3         4         8        33
         2         3         4        26        33
         2         3         7        32        33
         2         3        25        32        33
         2         3        25        26        33
         2         4         8         9        34
         2         4         4         9        34
         2         4         4        27        34
         2         4         8        33        34
         2         4        26        33        34
         2         4        26        27        34
         2         4         9        10        35
         2         3         4        10        35
         2         3         4        28        35
         2         4         9        34        35
         2         4        27        34        35
         2         4        27        28        35
         2         3        10        11        36
         2         2         3        11        36
         2         2         3        29        36
         2         3        10        35        36
         2         3        28        35        36
         2         3        28        29        36
         2         2         5        11        30
         2         1         2         5        30
         2         1         2        23        30
         2         2        11        30        36
         2         2        29        30        36
         2         2        23        29        30
         2         5        12        13        38
         2         5         6        13        38
         2         5         6        31        38
         2         5        12        37        38
         2         5        30        37        38
         2         5        30        31        38
         2         6        13        14        39
         2         6         7        14        39
         2         6         7        32        39
         2         6        13        38        39
         2         6        31        38        39
         2         6        31        32        39
         2         7        14        15        40
         2         7         8        15        40
         2         7         8        33        40
         2         7        14        39        40
         2         7        32        39        40
         2         7        32        33        40
         2         8        15        16        41
         2         8         9        16        41
         2         8         9        34        41
         2         8        15        40        41
         2         8        33        40        41
         2         8        33        34        41
         2         9        16        17        42
         2         9        10        17        42
         2         9        10        35        42
         2         9        16        41        42
         2         9        34        41        42
         2         9        34        35        42
         2        10        17        18        43
         2        10        11        18        43
         2        10        11        36        43
         2        10        17        42        43
         2        10        35        42        43
         2        10        35        36        43
         2        11        12        18        37
         2         5        11        12        37
         2         5        11        30        37
         2        11        18        37        43
         2        11        36        37        43
         2        11        30        36        37
         2        12        19        20        45
         2        12        13        20        45
         2        12        13        38        45
         2        12        19        44        45
         2        12        37        44        45
         2        12        37        38        45
         2        13        20        21        46
         2        13        14        21        46
         2        13        14        39        46
         2        13        20        45        46
         2        13        38        45        46
         2        13        38        39        46
         2        14        21        22        47
         2        14        15        22        47
         2        14        15        40        47
         2        14        21        46        47
         2        14        39        46        47
         2        14        39        40        47
         2        15        22        22        48
         2        15        16        22        48
         2        15        16        41        48
         2        15        22        47        48
         2        15        40        47        48
         2        15        40        41        48
         2        16        21        22        49
         2        16        17        21        49
         2        16        17        42        49
         2        16        22        48        49
         2        16        41        48        49
         2        16        41        42        49
         2        17        20        21        50
         2        17        18        20        50
         2        17        18        43        50
         2        17        21        49        50
         2        17        42        49        50
         2        17        42        43        50
         2        18        19        20        44
         2        12        18        19        44
         2        12        18        37        44
         2        18        20        44        50
         2        18        43        44        50
         2        18        37        43        44
         2        12        18        19        52
         2        18        19        20        52
         2        19        20        45        52
         2        12        19        51        52
         2        19        44        51        52
         2        19        44        45        52
         2        17        18        20        53
         2        17        20        21        53
         2        20        21        46        53
         2        18        20        52        53
         2        20        45        52        53
         2        20        45        46        53
         2        16        17        21        54
         2        16        21        22        54
         2        21        22        47        54
         2        17        21        53        54
         2        21        46        53        54
         2        21        46        47        54
         2        15        16        22        55
         2        15        22        22        55
         2        22        22        48        55
         2        16        22        54        55
         2        22        47        54        55
         2        22        47        48        55
         2        14        15        22        56
         2        14        21        22        56
         2        21        22        49        56
         2        15        22        55        56
         2        22        48        55        56
         2        22        48        49        56
         2        13        14        21        57
         2        13        20        21        57
         2        20        21        50        57
         2        14        21        56        57
         2        21        49        56        57
         2        21        49        50        57
         2        12        13        20        51
         2        12        19        20        51
         2        19        20        44        51
         2        13        20        51        57
         2        20        50        51        57
         2        20        44        50        51
         2         5        11        12        59
         2        11        12        18        59
         2        12        18        52        59
         2         5        12        58        59
         2        12        51        58        59
         2        12        51        52        59
         2        10        11        18        60
         2        10        17        18        60
         2        17        18        53        60
         2        11        18        59        60
         2        18        52        59        60
         2        18        52        53        60
         2         9        10        17        61
         2         9        16        17        61
         2        16        17        54        61
         2        10        17        60        61
         2        17        53        60        61
         2        17        53        54        61
         2         8         9        16        62
         2         8        15        16        62
         2        15        16        55        62
         2         9        16        61        62
         2        16        54        61        62
         2        16        54        55        62
         2         7         8        15        63
         2         7        14        15        63
         2        14        15        56        63
         2         8        15        62        63
         2        15        55        62        63
         2        15        55        56        63
         2         6         7        14        64
         2         6        13        14        64
         2        13        14        57        64
         2         7        14        63        64
         2        14        56        63        64
         2        14        56        57        64
         2         5         6        13        58
         2         5        12        13        58
         2        12        13        51        58
         2         6        13        58        64
         2        13        57        58        64
         2        13        51        57        58
         2         1         2         5        24
         2         2         5        11        24
         2         5        11        24        59
         2         1         5        23        24
         2         5        23        24        58
         2         5        24        58        59
         2         2         3        11        25
         2         3        10        11        25
         2        10        11        25        60
         2         2        11        24        25
         2        11        24        25        59
         2        11        25        59        60
         2         3         4        10        26
         2         4         9        10        26
         2         9        10        26        61
         2         3        10        25        26
         2        10        25        26        60
         2        10        26        60        61
         2         4         4         9        27
         2         4         8         9        27
         2         8         9        27        62
         2         4         9        26        27
         2         9        26        27        61
         2         9        27        61        62
         2         3         4         8        28
         2         3         7         8        28
         2         7         8        28        63
         2         4         8        27        28
         2         8        27        28        62
         2         8        28        62        63
         2         2         3         7        29
         2         2         6         7        29
         2         6         7        29        64
         2         3         7        28        29
         2         7        28        29        63
         2         7        29        63        64
         2         1         2         6        23
         2         1         5         6        23
         2         5         6        23        58
         2         2         6        23        29
         2         6        23        29        64
         2         6        23        58        64
         2        23        30        31        64
         2        23        24        31        64
         2        23        24        29        64
         2        23        30        58        64
         2        23        23        58        64
         2        23        23        29        64
         2        24        31        32        63
         2        24        25        32        63
         2        24        25        28        63
         2        24        31        63        64
         2        24        29        63        64
         2        24        28        29        63
         2        25        32        33        62
         2        25        26        33        62
         2        25        26        27        62
         2        25        32        62        63
         2        25        28        62        63
         2        25        27        28        62
         2        26        33        34        61
         2        26        27        34        61
         4        26        26        27        61
         2        26        33        61        62
         2        26        27        61        62
         2        27        34        35        60
         2        27        28        35        60
         2        25        27        28        60
         2        27        34        60        61
         2        26        27        60        61
         2        25        26        27        60
         2        28        35        36        59
         2        28        29        36        59
         2        24        28        29        59
         2        28        35        59        60
         2        25        28        59        60
         2        24        25        28        59
         2        29        30        36        58
         2        23        29        30        58
         2        23        23        29        58
         2        29        36        58        59
         2        24        29        58        59
         2        23        24        29        58
         2        30        37        38        57
         2        30        31        38        57
         2        30        31        57        64
         2        30        37        51        57
         2        30        51        57        58
         2        30        57        58        64
         2        31        38        39        56
         2        31        32        39        56
         2        31        32        56        63
         2        31        38        56        57
         2        31        56        57        64
         2        31        56        63        64
         2        32        39        40        55
         2        32        33        40        55
         2        32        33        55        62
         2        32        39        55        56
         2        32        55        56        63
         2        32        55        62        63
         2        33        40        41        54
         2        33        34        41        54
         2        33        34        54        61
         2        33        40        54        55
         2        33        54        55        62
         2        33        54        61        62
         2        34        41        42        53
         2        34        35        42        53
         2        34        35        53        60
         2        34        41        53        54
         2        34        53        54        61
         2        34        53        60        61
         2        35        42        43        52
         2        35        36        43        52
         2        35        36        52        59
         2        35        42        52        53
         2        35        52        53        60
         2        35        52        59        60
         2        36        37        43        51
         2        30        36        37        51
         2        30        36        51        58
         2        36        43        51        52
         2        36        51        52        59
         2        36        51        58        59
         2        37        44        45        50
         2        37        38        45        50
         2        37        38        50        57
         2        37        44        44        50
         2        37        44        50        51
         2        37        50        51        57
         2        38        45        46        49
         2        38        39        46        49
         2        38        39        49        56
         2        38        45        49        50
         2        38        49        50        57
         2        38        49        56        57
         2        39        46        47        48
         2        39        40        47        48
         2        39        40        48        55
         2        39        46        48        49
         2        39        48        49        56
         2        39        48        55        56
         4        40        47        47        48
         2        40        41        47        48
         2        40        41        47        54
         2        40        47        48        55
         2        40        47        54        55
         2        41        46        48        49
         2        41        42        46        49
         2        41        42        46        53
         2        41        46        47        48
         2        41        46        47        54
         2        41        46        53        54
         2        42        45        49        50
         2        42        43        45        50
         2        42        43        45        52
         2        42        45        46        49
         2        42        45        46        53
         2        42        45        52        53
         2        43        44        44        50
         2        37        43        44        44
         2        37        43        44        51
         2        43        44        45        50
         2        43        44        45        52
         2        43        44        51        52
