Automatically generated mesh
      38
Reciprocal lattice
    0.00000000000000    0.00000000000000    0.00000000000000             1
    0.33333333333333    0.00000000000000    0.00000000000000             2
    0.00000000000000    0.20000000000000    0.00000000000000             2
    0.33333333333333    0.20000000000000    0.00000000000000             2
   -0.33333333333333    0.20000000000000    0.00000000000000             2
    0.00000000000000    0.40000000000000    0.00000000000000             2
    0.33333333333333    0.40000000000000    0.00000000000000             2
   -0.33333333333333    0.40000000000000    0.00000000000000             2
    0.00000000000000    0.00000000000000    0.20000000000000             2
    0.33333333333333    0.00000000000000    0.20000000000000             2
   -0.33333333333333    0.00000000000000    0.20000000000000             2
    0.00000000000000    0.20000000000000    0.20000000000000             2
    0.33333333333333    0.20000000000000    0.20000000000000             2
   -0.33333333333333    0.20000000000000    0.20000000000000             2
    0.00000000000000    0.40000000000000    0.20000000000000             2
    0.33333333333333    0.40000000000000    0.20000000000000             2
   -0.33333333333333    0.40000000000000    0.20000000000000             2
    0.00000000000000   -0.40000000000000    0.20000000000000             2
    0.33333333333333   -0.40000000000000    0.20000000000000             2
   -0.33333333333333   -0.40000000000000    0.20000000000000             2
    0.00000000000000   -0.20000000000000    0.20000000000000             2
    0.33333333333333   -0.20000000000000    0.20000000000000             2
   -0.33333333333333   -0.20000000000000    0.20000000000000             2
    0.00000000000000    0.00000000000000    0.40000000000000             2
    0.33333333333333    0.00000000000000    0.40000000000000             2
   -0.33333333333333    0.00000000000000    0.40000000000000             2
    0.00000000000000    0.20000000000000    0.40000000000000             2
    0.33333333333333    0.20000000000000    0.40000000000000             2
   -0.33333333333333    0.20000000000000    0.40000000000000             2
    0.00000000000000    0.40000000000000    0.40000000000000             2
    0.33333333333333    0.40000000000000    0.40000000000000             2
   -0.33333333333333    0.40000000000000    0.40000000000000             2
    0.00000000000000   -0.40000000000000    0.40000000000000             2
    0.33333333333333   -0.40000000000000    0.40000000000000             2
   -0.33333333333333   -0.40000000000000    0.40000000000000             2
    0.00000000000000   -0.20000000000000    0.40000000000000             2
    0.33333333333333   -0.20000000000000    0.40000000000000             2
   -0.33333333333333   -0.20000000000000    0.40000000000000             2
Tetrahedra
       222    0.00222222222222
         2         2         3         4        12
         2         1         2         3        12
         2         1         2         9        12
         2         2         4        12        13
         2         2        10        12        13
         2         2         9        10        12
         2         2         4         5        13
         2         2         2         4        13
         2         2         2        10        13
         2         2         5        13        14
         2         2        11        13        14
         2         2        10        11        13
         2         1         3         5        14
         2         1         2         5        14
         2         1         2        11        14
         2         1         3        12        14
         2         1         9        12        14
         2         1         9        11        14
         2         4         6         7        15
         2         3         4         6        15
         2         3         4        12        15
         2         4         7        15        16
         2         4        13        15        16
         2         4        12        13        15
         2         5         7         8        16
         2         4         5         7        16
         2         4         5        13        16
         2         5         8        16        17
         2         5        14        16        17
         2         5        13        14        16
         2         3         6         8        17
         2         3         5         8        17
         2         3         5        14        17
         2         3         6        15        17
         2         3        12        15        17
         2         3        12        14        17
         2         6         7         8        18
         2         6         6         7        18
         2         6         7        15        18
         2         7         8        18        19
         2         7        16        18        19
         2         7        15        16        18
         4         7         8         8        19
         2         7         8        16        19
         2         7         8        19        20
         2         8        17        19        20
         2         8        16        17        19
         2         6         6         7        20
         2         6         7         8        20
         2         6         8        17        20
         2         6         6        18        20
         2         6        15        18        20
         2         6        15        17        20
         2         3         5         8        21
         2         3         6         8        21
         2         6         8        18        21
         2         5         8        21        22
         2         8        19        21        22
         2         8        18        19        21
         2         4         5         7        22
         2         5         7         8        22
         2         7         8        19        22
         2         4         7        22        23
         2         7        20        22        23
         2         7        19        20        22
         2         3         4         6        23
         2         4         6         7        23
         2         6         7        20        23
         2         3         6        21        23
         2         6        18        21        23
         2         6        18        20        23
         2         1         2         5         9
         2         1         3         5         9
         2         3         5         9        21
         2         2         5         9        10
         2         5         9        10        22
         2         5         9        21        22
         2         2         2         4        10
         2         2         4         5        10
         2         4         5        10        22
         2         2         4        10        11
         2         4        10        11        23
         2         4        10        22        23
         2         1         2         3        11
         2         2         3         4        11
         2         3         4        11        23
         2         1         3         9        11
         2         3         9        11        21
         2         3        11        21        23
         2        10        12        13        27
         2         9        10        12        27
         2         9        10        24        27
         2        10        13        27        28
         2        10        25        27        28
         2        10        24        25        27
         2        11        13        14        28
         2        10        11        13        28
         2        10        11        25        28
         2        11        14        28        29
         2        11        26        28        29
         2        11        25        26        28
         2         9        12        14        29
         2         9        11        14        29
         2         9        11        26        29
         2         9        12        27        29
         2         9        24        27        29
         2         9        24        26        29
         2        13        15        16        30
         2        12        13        15        30
         2        12        13        27        30
         2        13        16        30        31
         2        13        28        30        31
         2        13        27        28        30
         2        14        16        17        31
         2        13        14        16        31
         2        13        14        28        31
         2        14        17        31        32
         2        14        29        31        32
         2        14        28        29        31
         2        12        15        17        32
         2        12        14        17        32
         2        12        14        29        32
         2        12        15        30        32
         2        12        27        30        32
         2        12        27        29        32
         2        16        18        19        33
         2        15        16        18        33
         2        15        16        30        33
         2        16        19        33        34
         2        16        31        33        34
         2        16        30        31        33
         2        17        19        20        34
         2        16        17        19        34
         2        16        17        31        34
         2        17        20        34        35
         2        17        32        34        35
         2        17        31        32        34
         2        15        18        20        35
         2        15        17        20        35
         2        15        17        32        35
         2        15        18        33        35
         2        15        30        33        35
         2        15        30        32        35
         2        19        21        22        36
         2        18        19        21        36
         2        18        19        33        36
         2        19        22        36        37
         2        19        34        36        37
         2        19        33        34        36
         2        20        22        23        37
         2        19        20        22        37
         2        19        20        34        37
         2        20        23        37        38
         2        20        35        37        38
         2        20        34        35        37
         2        18        21        23        38
         2        18        20        23        38
         2        18        20        35        38
         2        18        21        36        38
         2        18        33        36        38
         2        18        33        35        38
         2         9        10        22        24
         2         9        21        22        24
         2        21        22        24        36
         2        10        22        24        25
         2        22        24        25        37
         2        22        24        36        37
         2        10        11        23        25
         2        10        22        23        25
         2        22        23        25        37
         2        11        23        25        26
         2        23        25        26        38
         2        23        25        37        38
         2         9        11        21        26
         2        11        21        23        26
         2        21        23        26        38
         2         9        21        24        26
         2        21        24        26        36
         2        21        26        36        38
         2        25        27        28        36
         2        24        25        27        36
         2        24        24        25        36
         2        25        28        36        38
         2        25        26        36        38
         2        24        25        26        36
         2        26        28        29        38
         2        25        26        28        38
         4        25        26        26        38
         2        26        29        37        38
         2        25        26        37        38
         2        24        27        29        37
         2        24        26        29        37
         2        24        25        26        37
         2        24        27        36        37
         2        24        24        36        37
         2        24        24        25        37
         2        28        30        31        33
         2        27        28        30        33
         2        27        28        33        36
         2        28        31        33        35
         2        28        33        35        38
         2        28        33        36        38
         2        29        31        32        35
         2        28        29        31        35
         2        28        29        35        38
         2        29        32        34        35
         2        29        34        35        37
         2        29        35        37        38
         2        27        30        32        34
         2        27        29        32        34
         2        27        29        34        37
         2        27        30        33        34
         2        27        33        34        36
         2        27        34        36        37
         2        30        31        33        34
         4        30        30        31        33
         2        30        31        32        34
         2        30        31        32        35
         2        30        31        33        35
         2        32        32        34        35
         2        31        32        32        34
         2        31        32        32        35
