Automatically generated mesh
     197
Reciprocal lattice
    0.00000000000000    0.00000000000000    0.00000000000000             1
    0.14285714285714    0.00000000000000    0.00000000000000             2
    0.28571428571429    0.00000000000000    0.00000000000000             2
    0.42857142857143    0.00000000000000    0.00000000000000             2
    0.00000000000000    0.14285714285714    0.00000000000000             2
    0.14285714285714    0.14285714285714    0.00000000000000             2
    0.28571428571429    0.14285714285714    0.00000000000000             2
    0.42857142857143    0.14285714285714    0.00000000000000             2
   -0.42857142857143    0.14285714285714    0.00000000000000             2
   -0.28571428571429    0.14285714285714    0.00000000000000             2
   -0.14285714285714    0.14285714285714    0.00000000000000             2
    0.00000000000000    0.28571428571429    0.00000000000000             2
    0.14285714285714    0.28571428571429    0.00000000000000             2
    0.28571428571429    0.28571428571429    0.00000000000000             2
    0.42857142857143    0.28571428571429    0.00000000000000             2
   -0.42857142857143    0.28571428571429    0.00000000000000             2
   -0.28571428571429    0.28571428571429    0.00000000000000             2
   -0.14285714285714    0.28571428571429    0.00000000000000             2
    0.00000000000000    0.42857142857143    0.00000000000000             2
    0.14285714285714    0.42857142857143    0.00000000000000             2
    0.28571428571429    0.42857142857143    0.00000000000000             2
    0.42857142857143    0.42857142857143    0.00000000000000             2
   -0.42857142857143    0.42857142857143    0.00000000000000             2
   -0.28571428571429    0.42857142857143    0.00000000000000             2
   -0.14285714285714    0.42857142857143    0.00000000000000             2
    0.00000000000000    0.00000000000000    0.12500000000000             2
    0.14285714285714    0.00000000000000    0.12500000000000             2
    0.28571428571429    0.00000000000000    0.12500000000000             2
    0.42857142857143    0.00000000000000    0.12500000000000             2
   -0.42857142857143    0.00000000000000    0.12500000000000             2
   -0.28571428571429    0.00000000000000    0.12500000000000             2
   -0.14285714285714    0.00000000000000    0.12500000000000             2
    0.00000000000000    0.14285714285714    0.12500000000000             2
    0.14285714285714    0.14285714285714    0.12500000000000             2
    0.28571428571429    0.14285714285714    0.12500000000000             2
    0.42857142857143    0.14285714285714    0.12500000000000             2
   -0.42857142857143    0.14285714285714    0.12500000000000             2
   -0.28571428571429    0.14285714285714    0.12500000000000             2
   -0.14285714285714    0.14285714285714    0.12500000000000             2
    0.00000000000000    0.28571428571429    0.12500000000000             2
    0.14285714285714    0.28571428571429    0.12500000000000             2
    0.28571428571429    0.28571428571429    0.12500000000000             2
    0.42857142857143    0.28571428571429    0.12500000000000             2
   -0.42857142857143    0.28571428571429    0.12500000000000             2
   -0.28571428571429    0.28571428571429    0.12500000000000             2
   -0.14285714285714    0.28571428571429    0.12500000000000             2
    0.00000000000000    0.42857142857143    0.12500000000000             2
    0.14285714285714    0.42857142857143    0.12500000000000             2
    0.28571428571429    0.42857142857143    0.12500000000000             2
    0.42857142857143    0.42857142857143    0.12500000000000             2
   -0.42857142857143    0.42857142857143    0.12500000000000             2
   -0.28571428571429    0.42857142857143    0.12500000000000             2
   -0.14285714285714    0.42857142857143    0.12500000000000             2
    0.00000000000000   -0.42857142857143    0.12500000000000             2
    0.14285714285714   -0.42857142857143    0.12500000000000             2
    0.28571428571429   -0.42857142857143    0.12500000000000             2
    0.42857142857143   -0.42857142857143    0.12500000000000             2
   -0.42857142857143   -0.42857142857143    0.12500000000000             2
   -0.28571428571429   -0.42857142857143    0.12500000000000             2
   -0.14285714285714   -0.42857142857143    0.12500000000000             2
    0.00000000000000   -0.28571428571429    0.12500000000000             2
    0.14285714285714   -0.28571428571429    0.12500000000000             2
    0.28571428571429   -0.28571428571429    0.12500000000000             2
    0.42857142857143   -0.28571428571429    0.12500000000000             2
   -0.42857142857143   -0.28571428571429    0.12500000000000             2
   -0.28571428571429   -0.28571428571429    0.12500000000000             2
   -0.14285714285714   -0.28571428571429    0.12500000000000             2
    0.00000000000000   -0.14285714285714    0.12500000000000             2
    0.14285714285714   -0.14285714285714    0.12500000000000             2
    0.28571428571429   -0.14285714285714    0.12500000000000             2
    0.42857142857143   -0.14285714285714    0.12500000000000             2
   -0.42857142857143   -0.14285714285714    0.12500000000000             2
   -0.28571428571429   -0.14285714285714    0.12500000000000             2
   -0.14285714285714   -0.14285714285714    0.12500000000000             2
    0.00000000000000    0.00000000000000    0.25000000000000             2
    0.14285714285714    0.00000000000000    0.25000000000000             2
    0.28571428571429    0.00000000000000    0.25000000000000             2
    0.42857142857143    0.00000000000000    0.25000000000000             2
   -0.42857142857143    0.00000000000000    0.25000000000000             2
   -0.28571428571428    0.00000000000000    0.25000000000000             2
   -0.14285714285714    0.00000000000000    0.25000000000000             2
    0.00000000000000    0.14285714285714    0.25000000000000             2
    0.14285714285714    0.14285714285714    0.25000000000000             2
    0.28571428571429    0.14285714285714    0.25000000000000             2
    0.42857142857143    0.14285714285714    0.25000000000000             2
   -0.42857142857143    0.14285714285714    0.25000000000000             2
   -0.28571428571429    0.14285714285714    0.25000000000000             2
   -0.14285714285714    0.14285714285714    0.25000000000000             2
    0.00000000000000    0.28571428571429    0.25000000000000             2
    0.14285714285714    0.28571428571429    0.25000000000000             2
    0.28571428571429    0.28571428571429    0.25000000000000             2
    0.42857142857143    0.28571428571429    0.25000000000000             2
   -0.42857142857143    0.28571428571429    0.25000000000000             2
   -0.28571428571429    0.28571428571429    0.25000000000000             2
   -0.14285714285714    0.28571428571429    0.25000000000000             2
    0.00000000000000    0.42857142857143    0.25000000000000             2
    0.14285714285714    0.42857142857143    0.25000000000000             2
    0.28571428571429    0.42857142857143    0.25000000000000             2
    0.42857142857143    0.42857142857143    0.25000000000000             2
   -0.42857142857143    0.42857142857143    0.25000000000000             2
   -0.28571428571429    0.42857142857143    0.25000000000000             2
   -0.14285714285714    0.42857142857143    0.25000000000000             2
    0.00000000000000   -0.42857142857143    0.25000000000000             2
    0.14285714285714   -0.42857142857143    0.25000000000000             2
    0.28571428571429   -0.42857142857143    0.25000000000000             2
    0.42857142857143   -0.42857142857143    0.25000000000000             2
   -0.42857142857143   -0.42857142857143    0.25000000000000             2
   -0.28571428571429   -0.42857142857143    0.25000000000000             2
   -0.14285714285714   -0.42857142857143    0.25000000000000             2
    0.00000000000000   -0.28571428571429    0.25000000000000             2
    0.14285714285714   -0.28571428571429    0.25000000000000             2
    0.28571428571429   -0.28571428571429    0.25000000000000             2
    0.42857142857143   -0.28571428571429    0.25000000000000             2
   -0.42857142857143   -0.28571428571429    0.25000000000000             2
   -0.28571428571429   -0.28571428571429    0.25000000000000             2
   -0.14285714285714   -0.28571428571429    0.25000000000000             2
    0.00000000000000   -0.14285714285714    0.25000000000000             2
    0.14285714285714   -0.14285714285714    0.25000000000000             2
    0.28571428571429   -0.14285714285714    0.25000000000000             2
    0.42857142857143   -0.14285714285714    0.25000000000000             2
   -0.42857142857143   -0.14285714285714    0.25000000000000             2
   -0.28571428571429   -0.14285714285714    0.25000000000000             2
   -0.14285714285714   -0.14285714285714    0.25000000000000             2
    0.00000000000000    0.00000000000000    0.37500000000000             2
    0.14285714285714    0.00000000000000    0.37500000000000             2
    0.28571428571429    0.00000000000000    0.37500000000000             2
    0.42857142857143    0.00000000000000    0.37500000000000             2
   -0.42857142857143    0.00000000000000    0.37500000000000             2
   -0.28571428571429    0.00000000000000    0.37500000000000             2
   -0.14285714285714    0.00000000000000    0.37500000000000             2
    0.00000000000000    0.14285714285714    0.37500000000000             2
    0.14285714285714    0.14285714285714    0.37500000000000             2
    0.28571428571429    0.14285714285714    0.37500000000000             2
    0.42857142857143    0.14285714285714    0.37500000000000             2
   -0.42857142857143    0.14285714285714    0.37500000000000             2
   -0.28571428571429    0.14285714285714    0.37500000000000             2
   -0.14285714285714    0.14285714285714    0.37500000000000             2
    0.00000000000000    0.28571428571429    0.37500000000000             2
    0.14285714285714    0.28571428571429    0.37500000000000             2
    0.28571428571429    0.28571428571429    0.37500000000000             2
    0.42857142857143    0.28571428571429    0.37500000000000             2
   -0.42857142857143    0.28571428571429    0.37500000000000             2
   -0.28571428571429    0.28571428571429    0.37500000000000             2
   -0.14285714285714    0.28571428571429    0.37500000000000             2
    0.00000000000000    0.42857142857143    0.37500000000000             2
    0.14285714285714    0.42857142857143    0.37500000000000             2
    0.28571428571429    0.42857142857143    0.37500000000000             2
    0.42857142857143    0.42857142857143    0.37500000000000             2
   -0.42857142857143    0.42857142857143    0.37500000000000             2
   -0.28571428571429    0.42857142857143    0.37500000000000             2
   -0.14285714285714    0.42857142857143    0.37500000000000             2
    0.00000000000000   -0.42857142857143    0.37500000000000             2
    0.14285714285714   -0.42857142857143    0.37500000000000             2
    0.28571428571429   -0.42857142857143    0.37500000000000             2
    0.42857142857143   -0.42857142857143    0.37500000000000             2
   -0.42857142857143   -0.42857142857143    0.37500000000000             2
   -0.28571428571429   -0.42857142857143    0.37500000000000             2
   -0.14285714285714   -0.42857142857143    0.37500000000000             2
    0.00000000000000   -0.28571428571429    0.37500000000000             2
    0.14285714285714   -0.28571428571429    0.37500000000000             2
    0.28571428571429   -0.28571428571429    0.37500000000000             2
    0.42857142857143   -0.28571428571429    0.37500000000000             2
   -0.42857142857143   -0.28571428571429    0.37500000000000             2
   -0.28571428571429   -0.28571428571429    0.37500000000000             2
   -0.14285714285714   -0.28571428571429    0.37500000000000             2
    0.00000000000000   -0.14285714285714    0.37500000000000             2
    0.14285714285714   -0.14285714285714    0.37500000000000             2
    0.28571428571429   -0.14285714285714    0.37500000000000             2
    0.42857142857143   -0.14285714285714    0.37500000000000             2
   -0.42857142857143   -0.14285714285714    0.37500000000000             2
   -0.28571428571429   -0.14285714285714    0.37500000000000             2
   -0.14285714285714   -0.14285714285714    0.37500000000000             2
    0.00000000000000    0.00000000000000    0.50000000000000             1
    0.14285714285714    0.00000000000000    0.50000000000000             2
    0.28571428571429    0.00000000000000    0.50000000000000             2
    0.42857142857143    0.00000000000000    0.50000000000000             2
    0.00000000000000    0.14285714285714    0.50000000000000             2
    0.14285714285714    0.14285714285714    0.50000000000000             2
    0.28571428571429    0.14285714285714    0.50000000000000             2
    0.42857142857143    0.14285714285714    0.50000000000000             2
   -0.42857142857143    0.14285714285714    0.50000000000000             2
   -0.28571428571429    0.14285714285714    0.50000000000000             2
   -0.14285714285714    0.14285714285714    0.50000000000000             2
    0.00000000000000    0.28571428571429    0.50000000000000             2
    0.14285714285714    0.28571428571429    0.50000000000000             2
    0.28571428571429    0.28571428571429    0.50000000000000             2
    0.42857142857143    0.28571428571429    0.50000000000000             2
   -0.42857142857143    0.28571428571429    0.50000000000000             2
   -0.28571428571429    0.28571428571429    0.50000000000000             2
   -0.14285714285714    0.28571428571429    0.50000000000000             2
    0.00000000000000    0.42857142857143    0.50000000000000             2
    0.14285714285714    0.42857142857143    0.50000000000000             2
    0.28571428571429    0.42857142857143    0.50000000000000             2
    0.42857142857143    0.42857142857143    0.50000000000000             2
   -0.42857142857143    0.42857142857143    0.50000000000000             2
   -0.28571428571429    0.42857142857143    0.50000000000000             2
   -0.14285714285714    0.42857142857143    0.50000000000000             2
