Automatically generated mesh
      86
Reciprocal lattice
    0.00000000000000    0.00000000000000    0.00000000000000             1
    0.16666666666667    0.00000000000000    0.00000000000000             2
    0.33333333333333    0.00000000000000    0.00000000000000             2
    0.50000000000000    0.00000000000000    0.00000000000000             1
    0.00000000000000    0.25000000000000    0.00000000000000             2
    0.16666666666667    0.25000000000000    0.00000000000000             2
    0.33333333333333    0.25000000000000    0.00000000000000             2
    0.50000000000000    0.25000000000000    0.00000000000000             2
   -0.33333333333333    0.25000000000000    0.00000000000000             2
   -0.16666666666667    0.25000000000000    0.00000000000000             2
    0.00000000000000    0.50000000000000    0.00000000000000             1
    0.16666666666667    0.50000000000000    0.00000000000000             2
    0.33333333333333    0.50000000000000    0.00000000000000             2
    0.50000000000000    0.50000000000000    0.00000000000000             1
    0.00000000000000    0.00000000000000    0.14285714285714             2
    0.16666666666667    0.00000000000000    0.14285714285714             2
    0.33333333333333    0.00000000000000    0.14285714285714             2
    0.50000000000000    0.00000000000000    0.14285714285714             2
   -0.33333333333333    0.00000000000000    0.14285714285714             2
   -0.16666666666667    0.00000000000000    0.14285714285714             2
    0.00000000000000    0.25000000000000    0.14285714285714             2
    0.16666666666667    0.25000000000000    0.14285714285714             2
    0.33333333333333    0.25000000000000    0.14285714285714             2
    0.50000000000000    0.25000000000000    0.14285714285714             2
   -0.33333333333333    0.25000000000000    0.14285714285714             2
   -0.16666666666667    0.25000000000000    0.14285714285714             2
    0.00000000000000    0.50000000000000    0.14285714285714             2
    0.16666666666667    0.50000000000000    0.14285714285714             2
    0.33333333333333    0.50000000000000    0.14285714285714             2
    0.50000000000000    0.50000000000000    0.14285714285714             2
   -0.33333333333333    0.50000000000000    0.14285714285714             2
   -0.16666666666667    0.50000000000000    0.14285714285714             2
    0.00000000000000   -0.25000000000000    0.14285714285714             2
    0.16666666666667   -0.25000000000000    0.14285714285714             2
    0.33333333333333   -0.25000000000000    0.14285714285714             2
    0.50000000000000   -0.25000000000000    0.14285714285714             2
   -0.33333333333333   -0.25000000000000    0.14285714285714             2
   -0.16666666666667   -0.25000000000000    0.14285714285714             2
    0.00000000000000    0.00000000000000    0.28571428571429             2
    0.16666666666667    0.00000000000000    0.28571428571429             2
    0.33333333333333    0.00000000000000    0.28571428571429             2
    0.50000000000000    0.00000000000000    0.28571428571429             2
   -0.33333333333333    0.00000000000000    0.28571428571429             2
   -0.16666666666667    0.00000000000000    0.28571428571429             2
    0.00000000000000    0.25000000000000    0.28571428571429             2
    0.16666666666667    0.25000000000000    0.28571428571429             2
    0.33333333333333    0.25000000000000    0.28571428571429             2
    0.50000000000000    0.25000000000000    0.28571428571429             2
   -0.33333333333333    0.25000000000000    0.28571428571429             2
   -0.16666666666667    0.25000000000000    0.28571428571429             2
    0.00000000000000    0.50000000000000    0.28571428571429             2
    0.16666666666667    0.50000000000000    0.28571428571429             2
    0.33333333333333    0.50000000000000    0.28571428571429             2
    0.50000000000000    0.50000000000000    0.28571428571429             2
   -0.33333333333333    0.50000000000000    0.28571428571429             2
   -0.16666666666667    0.50000000000000    0.28571428571429             2
    0.00000000000000   -0.25000000000000    0.28571428571429             2
    0.16666666666667   -0.25000000000000    0.28571428571429             2
    0.33333333333333   -0.25000000000000    0.28571428571429             2
    0.50000000000000   -0.25000000000000    0.28571428571429             2
   -0.33333333333333   -0.25000000000000    0.28571428571429             2
   -0.16666666666667   -0.25000000000000    0.28571428571429             2
    0.00000000000000    0.00000000000000    0.42857142857143             2
    0.16666666666667    0.00000000000000    0.42857142857143             2
    0.33333333333333    0.00000000000000    0.42857142857143             2
    0.50000000000000    0.00000000000000    0.42857142857143             2
   -0.33333333333333    0.00000000000000    0.42857142857143             2
   -0.16666666666667    0.00000000000000    0.42857142857143             2
    0.00000000000000    0.25000000000000    0.42857142857143             2
    0.16666666666667    0.25000000000000    0.42857142857143             2
    0.33333333333333    0.25000000000000    0.42857142857143             2
    0.50000000000000    0.25000000000000    0.42857142857143             2
   -0.33333333333333    0.25000000000000    0.42857142857143             2
   -0.16666666666667    0.25000000000000    0.42857142857143             2
    0.00000000000000    0.50000000000000    0.42857142857143             2
    0.16666666666667    0.50000000000000    0.42857142857143             2
    0.33333333333333    0.50000000000000    0.42857142857143             2
    0.50000000000000    0.50000000000000    0.42857142857143             2
   -0.33333333333333    0.50000000000000    0.42857142857143             2
   -0.16666666666667    0.50000000000000    0.42857142857143             2
    0.00000000000000   -0.25000000000000    0.42857142857143             2
    0.16666666666667   -0.25000000000000    0.42857142857143             2
    0.33333333333333   -0.25000000000000    0.42857142857143             2
    0.50000000000000   -0.25000000000000    0.42857142857143             2
   -0.33333333333333   -0.25000000000000    0.42857142857143             2
   -0.16666666666667   -0.25000000000000    0.42857142857143             2
Tetrahedra
       504    0.00099206349206
         2         1         5         6        22
         2         1         2         6        22
         2         1         2        16        22
         2         1         5        21        22
         2         1        15        21        22
         2         1        15        16        22
         2         2         6         7        23
         2         2         3         7        23
         2         2         3        17        23
         2         2         6        22        23
         2         2        16        22        23
         2         2        16        17        23
         2         3         7         8        24
         2         3         4         8        24
         2         3         4        18        24
         2         3         7        23        24
         2         3        17        23        24
         2         3        17        18        24
         2         4         8         9        25
         2         3         4         9        25
         2         3         4        19        25
         2         4         8        24        25
         2         4        18        24        25
         2         4        18        19        25
         2         3         9        10        26
         2         2         3        10        26
         2         2         3        20        26
         2         3         9        25        26
         2         3        19        25        26
         2         3        19        20        26
         2         2         5        10        21
         2         1         2         5        21
         2         1         2        15        21
         2         2        10        21        26
         2         2        20        21        26
         2         2        15        20        21
         2         5        11        12        28
         2         5         6        12        28
         2         5         6        22        28
         2         5        11        27        28
         2         5        21        27        28
         2         5        21        22        28
         2         6        12        13        29
         2         6         7        13        29
         2         6         7        23        29
         2         6        12        28        29
         2         6        22        28        29
         2         6        22        23        29
         2         7        13        14        30
         2         7         8        14        30
         2         7         8        24        30
         2         7        13        29        30
         2         7        23        29        30
         2         7        23        24        30
         2         8        13        14        31
         2         8         9        13        31
         2         8         9        25        31
         2         8        14        30        31
         2         8        24        30        31
         2         8        24        25        31
         2         9        12        13        32
         2         9        10        12        32
         2         9        10        26        32
         2         9        13        31        32
         2         9        25        31        32
         2         9        25        26        32
         2        10        11        12        27
         2         5        10        11        27
         2         5        10        21        27
         2        10        12        27        32
         2        10        26        27        32
         2        10        21        26        27
         2         5        10        11        34
         2        10        11        12        34
         2        11        12        28        34
         2         5        11        33        34
         2        11        27        33        34
         2        11        27        28        34
         2         9        10        12        35
         2         9        12        13        35
         2        12        13        29        35
         2        10        12        34        35
         2        12        28        34        35
         2        12        28        29        35
         2         8         9        13        36
         2         8        13        14        36
         2        13        14        30        36
         2         9        13        35        36
         2        13        29        35        36
         2        13        29        30        36
         2         7         8        14        37
         2         7        13        14        37
         2        13        14        31        37
         2         8        14        36        37
         2        14        30        36        37
         2        14        30        31        37
         2         6         7        13        38
         2         6        12        13        38
         2        12        13        32        38
         2         7        13        37        38
         2        13        31        37        38
         2        13        31        32        38
         2         5         6        12        33
         2         5        11        12        33
         2        11        12        27        33
         2         6        12        33        38
         2        12        32        33        38
         2        12        27        32        33
         2         1         2         5        16
         2         2         5        10        16
         2         5        10        16        34
         2         1         5        15        16
         2         5        15        16        33
         2         5        16        33        34
         2         2         3        10        17
         2         3         9        10        17
         2         9        10        17        35
         2         2        10        16        17
         2        10        16        17        34
         2        10        17        34        35
         2         3         4         9        18
         2         4         8         9        18
         2         8         9        18        36
         2         3         9        17        18
         2         9        17        18        35
         2         9        18        35        36
         2         3         4         8        19
         2         3         7         8        19
         2         7         8        19        37
         2         4         8        18        19
         2         8        18        19        36
         2         8        19        36        37
         2         2         3         7        20
         2         2         6         7        20
         2         6         7        20        38
         2         3         7        19        20
         2         7        19        20        37
         2         7        20        37        38
         2         1         2         6        15
         2         1         5         6        15
         2         5         6        15        33
         2         2         6        15        20
         2         6        15        20        38
         2         6        15        33        38
         2        15        21        22        46
         2        15        16        22        46
         2        15        16        40        46
         2        15        21        45        46
         2        15        39        45        46
         2        15        39        40        46
         2        16        22        23        47
         2        16        17        23        47
         2        16        17        41        47
         2        16        22        46        47
         2        16        40        46        47
         2        16        40        41        47
         2        17        23        24        48
         2        17        18        24        48
         2        17        18        42        48
         2        17        23        47        48
         2        17        41        47        48
         2        17        41        42        48
         2        18        24        25        49
         2        18        19        25        49
         2        18        19        43        49
         2        18        24        48        49
         2        18        42        48        49
         2        18        42        43        49
         2        19        25        26        50
         2        19        20        26        50
         2        19        20        44        50
         2        19        25        49        50
         2        19        43        49        50
         2        19        43        44        50
         2        20        21        26        45
         2        15        20        21        45
         2        15        20        39        45
         2        20        26        45        50
         2        20        44        45        50
         2        20        39        44        45
         2        21        27        28        52
         2        21        22        28        52
         2        21        22        46        52
         2        21        27        51        52
         2        21        45        51        52
         2        21        45        46        52
         2        22        28        29        53
         2        22        23        29        53
         2        22        23        47        53
         2        22        28        52        53
         2        22        46        52        53
         2        22        46        47        53
         2        23        29        30        54
         2        23        24        30        54
         2        23        24        48        54
         2        23        29        53        54
         2        23        47        53        54
         2        23        47        48        54
         2        24        30        31        55
         2        24        25        31        55
         2        24        25        49        55
         2        24        30        54        55
         2        24        48        54        55
         2        24        48        49        55
         2        25        31        32        56
         2        25        26        32        56
         2        25        26        50        56
         2        25        31        55        56
         2        25        49        55        56
         2        25        49        50        56
         2        26        27        32        51
         2        21        26        27        51
         2        21        26        45        51
         2        26        32        51        56
         2        26        50        51        56
         2        26        45        50        51
         2        27        33        34        58
         2        27        28        34        58
         2        27        28        52        58
         2        27        33        57        58
         2        27        51        57        58
         2        27        51        52        58
         2        28        34        35        59
         2        28        29        35        59
         2        28        29        53        59
         2        28        34        58        59
         2        28        52        58        59
         2        28        52        53        59
         2        29        35        36        60
         2        29        30        36        60
         2        29        30        54        60
         2        29        35        59        60
         2        29        53        59        60
         2        29        53        54        60
         2        30        36        37        61
         2        30        31        37        61
         2        30        31        55        61
         2        30        36        60        61
         2        30        54        60        61
         2        30        54        55        61
         2        31        37        38        62
         2        31        32        38        62
         2        31        32        56        62
         2        31        37        61        62
         2        31        55        61        62
         2        31        55        56        62
         2        32        33        38        57
         2        27        32        33        57
         2        27        32        51        57
         2        32        38        57        62
         2        32        56        57        62
         2        32        51        56        57
         2        15        16        33        40
         2        16        33        34        40
         2        33        34        40        58
         2        15        33        39        40
         2        33        39        40        57
         2        33        40        57        58
         2        16        17        34        41
         2        17        34        35        41
         2        34        35        41        59
         2        16        34        40        41
         2        34        40        41        58
         2        34        41        58        59
         2        17        18        35        42
         2        18        35        36        42
         2        35        36        42        60
         2        17        35        41        42
         2        35        41        42        59
         2        35        42        59        60
         2        18        19        36        43
         2        19        36        37        43
         2        36        37        43        61
         2        18        36        42        43
         2        36        42        43        60
         2        36        43        60        61
         2        19        20        37        44
         2        20        37        38        44
         2        37        38        44        62
         2        19        37        43        44
         2        37        43        44        61
         2        37        44        61        62
         2        15        20        38        39
         2        15        33        38        39
         2        33        38        39        57
         2        20        38        39        44
         2        38        39        44        62
         2        38        39        57        62
         2        39        45        46        70
         2        39        40        46        70
         2        39        40        64        70
         2        39        45        69        70
         2        39        63        69        70
         2        39        63        64        70
         2        40        46        47        71
         2        40        41        47        71
         2        40        41        65        71
         2        40        46        70        71
         2        40        64        70        71
         2        40        64        65        71
         2        41        47        48        72
         2        41        42        48        72
         2        41        42        66        72
         2        41        47        71        72
         2        41        65        71        72
         2        41        65        66        72
         2        42        48        49        73
         2        42        43        49        73
         2        42        43        67        73
         2        42        48        72        73
         2        42        66        72        73
         2        42        66        67        73
         2        43        49        50        74
         2        43        44        50        74
         2        43        44        68        74
         2        43        49        73        74
         2        43        67        73        74
         2        43        67        68        74
         2        44        45        50        69
         2        39        44        45        69
         2        39        44        63        69
         2        44        50        69        74
         2        44        68        69        74
         2        44        63        68        69
         2        45        51        52        76
         2        45        46        52        76
         2        45        46        70        76
         2        45        51        75        76
         2        45        69        75        76
         2        45        69        70        76
         2        46        52        53        77
         2        46        47        53        77
         2        46        47        71        77
         2        46        52        76        77
         2        46        70        76        77
         2        46        70        71        77
         2        47        53        54        78
         2        47        48        54        78
         2        47        48        72        78
         2        47        53        77        78
         2        47        71        77        78
         2        47        71        72        78
         2        48        54        55        79
         2        48        49        55        79
         2        48        49        73        79
         2        48        54        78        79
         2        48        72        78        79
         2        48        72        73        79
         2        49        55        56        80
         2        49        50        56        80
         2        49        50        74        80
         2        49        55        79        80
         2        49        73        79        80
         2        49        73        74        80
         2        50        51        56        75
         2        45        50        51        75
         2        45        50        69        75
         2        50        56        75        80
         2        50        74        75        80
         2        50        69        74        75
         2        51        57        58        82
         2        51        52        58        82
         2        51        52        76        82
         2        51        57        81        82
         2        51        75        81        82
         2        51        75        76        82
         2        52        58        59        83
         2        52        53        59        83
         2        52        53        77        83
         2        52        58        82        83
         2        52        76        82        83
         2        52        76        77        83
         2        53        59        60        84
         2        53        54        60        84
         2        53        54        78        84
         2        53        59        83        84
         2        53        77        83        84
         2        53        77        78        84
         2        54        60        61        85
         2        54        55        61        85
         2        54        55        79        85
         2        54        60        84        85
         2        54        78        84        85
         2        54        78        79        85
         2        55        61        62        86
         2        55        56        62        86
         2        55        56        80        86
         2        55        61        85        86
         2        55        79        85        86
         2        55        79        80        86
         2        56        57        62        81
         2        51        56        57        81
         2        51        56        75        81
         2        56        62        81        86
         2        56        80        81        86
         2        56        75        80        81
         2        39        40        57        64
         2        40        57        58        64
         2        57        58        64        82
         2        39        57        63        64
         2        57        63        64        81
         2        57        64        81        82
         2        40        41        58        65
         2        41        58        59        65
         2        58        59        65        83
         2        40        58        64        65
         2        58        64        65        82
         2        58        65        82        83
         2        41        42        59        66
         2        42        59        60        66
         2        59        60        66        84
         2        41        59        65        66
         2        59        65        66        83
         2        59        66        83        84
         2        42        43        60        67
         2        43        60        61        67
         2        60        61        67        85
         2        42        60        66        67
         2        60        66        67        84
         2        60        67        84        85
         2        43        44        61        68
         2        44        61        62        68
         2        61        62        68        86
         2        43        61        67        68
         2        61        67        68        85
         2        61        68        85        86
         2        39        44        62        63
         2        39        57        62        63
         2        57        62        63        81
         2        44        62        63        68
         2        62        63        68        86
         2        62        63        81        86
         2        63        69        70        86
         2        63        64        70        86
         2        63        64        68        86
         2        63        69        81        86
         2        63        63        81        86
         2        63        63        68        86
         2        64        70        71        85
         2        64        65        71        85
         2        64        65        67        85
         2        64        70        85        86
         2        64        68        85        86
         2        64        67        68        85
         2        65        71        72        84
         2        65        66        72        84
         2        65        66        66        84
         2        65        71        84        85
         2        65        67        84        85
         2        65        66        67        84
         2        66        72        73        83
         2        66        67        73        83
         2        65        66        67        83
         2        66        72        83        84
         2        66        66        83        84
         2        65        66        66        83
         2        67        73        74        82
         2        67        68        74        82
         2        64        67        68        82
         2        67        73        82        83
         2        65        67        82        83
         2        64        65        67        82
         2        68        69        74        81
         2        63        68        69        81
         2        63        63        68        81
         2        68        74        81        82
         2        64        68        81        82
         2        63        64        68        81
         2        69        75        76        80
         2        69        70        76        80
         2        69        70        80        86
         2        69        75        75        80
         2        69        75        80        81
         2        69        80        81        86
         2        70        76        77        79
         2        70        71        77        79
         2        70        71        79        85
         2        70        76        79        80
         2        70        79        80        86
         2        70        79        85        86
         2        71        77        78        78
         2        71        72        78        78
         2        71        72        78        84
         2        71        77        78        79
         2        71        78        79        85
         2        71        78        84        85
         2        72        77        78        79
         2        72        73        77        79
         2        72        73        77        83
         2        72        77        78        78
         2        72        77        78        84
         2        72        77        83        84
         2        73        76        79        80
         2        73        74        76        80
         2        73        74        76        82
         2        73        76        77        79
         2        73        76        77        83
         2        73        76        82        83
         2        74        75        75        80
         2        69        74        75        75
         2        69        74        75        81
         2        74        75        76        80
         2        74        75        76        82
         2        74        75        81        82
