Automatically generated mesh
      58
Reciprocal lattice
    0.00000000000000    0.00000000000000    0.00000000000000             1
    0.14285714285714    0.00000000000000    0.00000000000000             2
    0.28571428571429    0.00000000000000    0.00000000000000             2
    0.42857142857143    0.00000000000000    0.00000000000000             2
    0.00000000000000    0.25000000000000    0.00000000000000             2
    0.14285714285714    0.25000000000000    0.00000000000000             2
    0.28571428571429    0.25000000000000    0.00000000000000             2
    0.42857142857143    0.25000000000000    0.00000000000000             2
   -0.42857142857143    0.25000000000000    0.00000000000000             2
   -0.28571428571429    0.25000000000000    0.00000000000000             2
   -0.14285714285714    0.25000000000000    0.00000000000000             2
    0.00000000000000    0.50000000000000    0.00000000000000             1
    0.14285714285714    0.50000000000000    0.00000000000000             2
    0.28571428571429    0.50000000000000    0.00000000000000             2
    0.42857142857143    0.50000000000000    0.00000000000000             2
    0.00000000000000    0.00000000000000    0.25000000000000             2
    0.14285714285714    0.00000000000000    0.25000000000000             2
    0.28571428571429    0.00000000000000    0.25000000000000             2
    0.42857142857143    0.00000000000000    0.25000000000000             2
   -0.42857142857143    0.00000000000000    0.25000000000000             2
   -0.28571428571429    0.00000000000000    0.25000000000000             2
   -0.14285714285714    0.00000000000000    0.25000000000000             2
    0.00000000000000    0.25000000000000    0.25000000000000             2
    0.14285714285714    0.25000000000000    0.25000000000000             2
    0.28571428571429    0.25000000000000    0.25000000000000             2
    0.42857142857143    0.25000000000000    0.25000000000000             2
   -0.42857142857143    0.25000000000000    0.25000000000000             2
   -0.28571428571429    0.25000000000000    0.25000000000000             2
   -0.14285714285714    0.25000000000000    0.25000000000000             2
    0.00000000000000    0.50000000000000    0.25000000000000             2
    0.14285714285714    0.50000000000000    0.25000000000000             2
    0.28571428571429    0.50000000000000    0.25000000000000             2
    0.42857142857143    0.50000000000000    0.25000000000000             2
   -0.42857142857143    0.50000000000000    0.25000000000000             2
   -0.28571428571429    0.50000000000000    0.25000000000000             2
   -0.14285714285714    0.50000000000000    0.25000000000000             2
    0.00000000000000   -0.25000000000000    0.25000000000000             2
    0.14285714285714   -0.25000000000000    0.25000000000000             2
    0.28571428571429   -0.25000000000000    0.25000000000000             2
    0.42857142857143   -0.25000000000000    0.25000000000000             2
   -0.42857142857143   -0.25000000000000    0.25000000000000             2
   -0.28571428571429   -0.25000000000000    0.25000000000000             2
   -0.14285714285714   -0.25000000000000    0.25000000000000             2
    0.00000000000000    0.00000000000000    0.50000000000000             1
    0.14285714285714    0.00000000000000    0.50000000000000             2
    0.28571428571429    0.00000000000000    0.50000000000000             2
    0.42857142857143    0.00000000000000    0.50000000000000             2
    0.00000000000000    0.25000000000000    0.50000000000000             2
    0.14285714285714    0.25000000000000    0.50000000000000             2
    0.28571428571429    0.25000000000000    0.50000000000000             2
    0.42857142857143    0.25000000000000    0.50000000000000             2
   -0.42857142857143    0.25000000000000    0.50000000000000             2
   -0.28571428571429    0.25000000000000    0.50000000000000             2
   -0.14285714285714    0.25000000000000    0.50000000000000             2
    0.00000000000000    0.50000000000000    0.50000000000000             1
    0.14285714285714    0.50000000000000    0.50000000000000             2
    0.28571428571429    0.50000000000000    0.50000000000000             2
    0.42857142857143    0.50000000000000    0.50000000000000             2
Tetrahedra
       336    0.00148809523810
         2         1         2         6        16
         2         1         5         6        16
         2         5         6        16        23
         2         2         6        16        17
         2         6        16        17        24
         2         6        16        23        24
         2         2         3         7        17
         2         2         6         7        17
         2         6         7        17        24
         2         3         7        17        18
         2         7        17        18        25
         2         7        17        24        25
         2         3         4         8        18
         2         3         7         8        18
         2         7         8        18        25
         2         4         8        18        19
         2         8        18        19        26
         2         8        18        25        26
         2         4         4         9        19
         2         4         8         9        19
         2         8         9        19        26
         2         4         9        19        20
         2         9        19        20        27
         2         9        19        26        27
         2         3         4        10        20
         2         4         9        10        20
         2         9        10        20        27
         2         3        10        20        21
         2        10        20        21        28
         2        10        20        27        28
         2         2         3        11        21
         2         3        10        11        21
         2        10        11        21        28
         2         2        11        21        22
         2        11        21        22        29
         2        11        21        28        29
         2         1         2         5        22
         2         2         5        11        22
         2         5        11        22        29
         2         1         5        16        22
         2         5        16        22        23
         2         5        22        23        29
         2         5         6        13        23
         2         5        12        13        23
         2        12        13        23        30
         2         6        13        23        24
         2        13        23        24        31
         2        13        23        30        31
         2         6         7        14        24
         2         6        13        14        24
         2        13        14        24        31
         2         7        14        24        25
         2        14        24        25        32
         2        14        24        31        32
         2         7         8        15        25
         2         7        14        15        25
         2        14        15        25        32
         2         8        15        25        26
         2        15        25        26        33
         2        15        25        32        33
         2         8         9        15        26
         2         8        15        15        26
         2        15        15        26        33
         2         9        15        26        27
         2        15        26        27        34
         2        15        26        33        34
         2         9        10        14        27
         2         9        14        15        27
         2        14        15        27        34
         2        10        14        27        28
         2        14        27        28        35
         2        14        27        34        35
         2        10        11        13        28
         2        10        13        14        28
         2        13        14        28        35
         2        11        13        28        29
         2        13        28        29        36
         2        13        28        35        36
         2         5        11        12        29
         2        11        12        13        29
         2        12        13        29        36
         2         5        12        23        29
         2        12        23        29        30
         2        12        29        30        36
         2        11        12        13        30
         2         5        11        12        30
         2         5        11        30        37
         2        11        13        30        31
         2        11        30        31        38
         2        11        30        37        38
         2        10        13        14        31
         2        10        11        13        31
         2        10        11        31        38
         2        10        14        31        32
         2        10        31        32        39
         2        10        31        38        39
         2         9        14        15        32
         2         9        10        14        32
         2         9        10        32        39
         2         9        15        32        33
         2         9        32        33        40
         2         9        32        39        40
         2         8        15        15        33
         2         8         9        15        33
         2         8         9        33        40
         2         8        15        33        34
         2         8        33        34        41
         2         8        33        40        41
         2         7        14        15        34
         2         7         8        15        34
         2         7         8        34        41
         2         7        14        34        35
         2         7        34        35        42
         2         7        34        41        42
         2         6        13        14        35
         2         6         7        14        35
         2         6         7        35        42
         2         6        13        35        36
         2         6        35        36        43
         2         6        35        42        43
         2         5        12        13        36
         2         5         6        13        36
         2         5         6        36        43
         2         5        12        30        36
         2         5        30        36        37
         2         5        36        37        43
         2         2         5        11        37
         2         1         2         5        37
         2         1         2        16        37
         2         2        11        37        38
         2         2        17        37        38
         2         2        16        17        37
         2         3        10        11        38
         2         2         3        11        38
         2         2         3        17        38
         2         3        10        38        39
         2         3        18        38        39
         2         3        17        18        38
         2         4         9        10        39
         2         3         4        10        39
         2         3         4        18        39
         2         4         9        39        40
         2         4        19        39        40
         2         4        18        19        39
         2         4         8         9        40
         2         4         4         9        40
         2         4         4        19        40
         2         4         8        40        41
         2         4        20        40        41
         2         4        19        20        40
         2         3         7         8        41
         2         3         4         8        41
         2         3         4        20        41
         2         3         7        41        42
         2         3        21        41        42
         2         3        20        21        41
         2         2         6         7        42
         2         2         3         7        42
         2         2         3        21        42
         2         2         6        42        43
         2         2        22        42        43
         2         2        21        22        42
         2         1         5         6        43
         2         1         2         6        43
         2         1         2        22        43
         2         1         5        37        43
         2         1        16        37        43
         2         1        16        22        43
         2        16        17        24        44
         2        16        23        24        44
         2        23        24        44        48
         2        17        24        44        45
         2        24        44        45        49
         2        24        44        48        49
         2        17        18        25        45
         2        17        24        25        45
         2        24        25        45        49
         2        18        25        45        46
         2        25        45        46        50
         2        25        45        49        50
         2        18        19        26        46
         2        18        25        26        46
         2        25        26        46        50
         2        19        26        46        47
         2        26        46        47        51
         2        26        46        50        51
         2        19        20        27        47
         2        19        26        27        47
         2        26        27        47        51
         2        20        27        47        47
         2        27        47        47        52
         2        27        47        51        52
         2        20        21        28        47
         2        20        27        28        47
         2        27        28        47        52
         2        21        28        46        47
         2        28        46        47        53
         2        28        47        52        53
         2        21        22        29        46
         2        21        28        29        46
         2        28        29        46        53
         2        22        29        45        46
         2        29        45        46        54
         2        29        46        53        54
         2        16        22        23        45
         2        22        23        29        45
         2        23        29        45        54
         2        16        23        44        45
         2        23        44        45        48
         2        23        45        48        54
         2        23        24        31        48
         2        23        30        31        48
         2        30        31        48        55
         2        24        31        48        49
         2        31        48        49        56
         2        31        48        55        56
         2        24        25        32        49
         2        24        31        32        49
         2        31        32        49        56
         2        25        32        49        50
         2        32        49        50        57
         2        32        49        56        57
         2        25        26        33        50
         2        25        32        33        50
         2        32        33        50        57
         2        26        33        50        51
         2        33        50        51        58
         2        33        50        57        58
         2        26        27        34        51
         2        26        33        34        51
         2        33        34        51        58
         2        27        34        51        52
         2        34        51        52        58
         2        34        51        58        58
         2        27        28        35        52
         2        27        34        35        52
         2        34        35        52        58
         2        28        35        52        53
         2        35        52        53        57
         2        35        52        57        58
         2        28        29        36        53
         2        28        35        36        53
         2        35        36        53        57
         2        29        36        53        54
         2        36        53        54        56
         2        36        53        56        57
         2        23        29        30        54
         2        29        30        36        54
         2        30        36        54        56
         2        23        30        48        54
         2        30        48        54        55
         2        30        54        55        56
         2        30        31        38        55
         2        30        37        38        55
         2        37        38        48        55
         2        31        38        55        56
         2        38        54        55        56
         2        38        48        54        55
         2        31        32        39        56
         2        31        38        39        56
         2        38        39        54        56
         2        32        39        56        57
         2        39        53        56        57
         2        39        53        54        56
         2        32        33        40        57
         2        32        39        40        57
         2        39        40        53        57
         2        33        40        57        58
         2        40        52        57        58
         2        40        52        53        57
         2        33        34        41        58
         2        33        40        41        58
         2        40        41        52        58
         2        34        41        58        58
         2        41        51        58        58
         2        41        51        52        58
         2        34        35        42        58
         2        34        41        42        58
         2        41        42        51        58
         2        35        42        57        58
         2        42        50        57        58
         2        42        50        51        58
         2        35        36        43        57
         2        35        42        43        57
         2        42        43        50        57
         2        36        43        56        57
         2        43        49        56        57
         2        43        49        50        57
         2        30        36        37        56
         2        36        37        43        56
         2        37        43        49        56
         2        30        37        55        56
         2        37        48        55        56
         2        37        48        49        56
         2        17        37        38        48
         2        16        17        37        48
         2        16        17        44        48
         2        17        38        48        54
         2        17        45        48        54
         2        17        44        45        48
         2        18        38        39        54
         2        17        18        38        54
         2        17        18        45        54
         2        18        39        53        54
         2        18        46        53        54
         2        18        45        46        54
         2        19        39        40        53
         2        18        19        39        53
         2        18        19        46        53
         2        19        40        52        53
         2        19        47        52        53
         2        19        46        47        53
         2        20        40        41        52
         2        19        20        40        52
         2        19        20        47        52
         2        20        41        51        52
         2        20        47        51        52
         2        20        47        47        52
         2        21        41        42        51
         2        20        21        41        51
         2        20        21        47        51
         2        21        42        50        51
         2        21        46        50        51
         2        21        46        47        51
         2        22        42        43        50
         2        21        22        42        50
         2        21        22        46        50
         2        22        43        49        50
         2        22        45        49        50
         2        22        45        46        50
         2        16        37        43        49
         2        16        22        43        49
         2        16        22        45        49
         2        16        37        48        49
         2        16        44        48        49
         2        16        44        45        49
