Automatically generated mesh
      86
Reciprocal lattice
    0.00000000000000    0.00000000000000    0.00000000000000             1
    0.14285714285714    0.00000000000000    0.00000000000000             2
    0.28571428571429    0.00000000000000    0.00000000000000             2
    0.42857142857143    0.00000000000000    0.00000000000000             2
    0.00000000000000    0.16666666666667    0.00000000000000             2
    0.14285714285714    0.16666666666667    0.00000000000000             2
    0.28571428571429    0.16666666666667    0.00000000000000             2
    0.42857142857143    0.16666666666667    0.00000000000000             2
   -0.42857142857143    0.16666666666667    0.00000000000000             2
   -0.28571428571429    0.16666666666667    0.00000000000000             2
   -0.14285714285714    0.16666666666667    0.00000000000000             2
    0.00000000000000    0.33333333333333    0.00000000000000             2
    0.14285714285714    0.33333333333333    0.00000000000000             2
    0.28571428571429    0.33333333333333    0.00000000000000             2
    0.42857142857143    0.33333333333333    0.00000000000000             2
   -0.42857142857143    0.33333333333333    0.00000000000000             2
   -0.28571428571429    0.33333333333333    0.00000000000000             2
   -0.14285714285714    0.33333333333333    0.00000000000000             2
    0.00000000000000    0.50000000000000    0.00000000000000             1
    0.14285714285714    0.50000000000000    0.00000000000000             2
    0.28571428571429    0.50000000000000    0.00000000000000             2
    0.42857142857143    0.50000000000000    0.00000000000000             2
    0.00000000000000    0.00000000000000    0.25000000000000             2
    0.14285714285714    0.00000000000000    0.25000000000000             2
    0.28571428571429    0.00000000000000    0.25000000000000             2
    0.42857142857143    0.00000000000000    0.25000000000000             2
   -0.42857142857143    0.00000000000000    0.25000000000000             2
   -0.28571428571429    0.00000000000000    0.25000000000000             2
   -0.14285714285714    0.00000000000000    0.25000000000000             2
    0.00000000000000    0.16666666666667    0.25000000000000             2
    0.14285714285714    0.16666666666667    0.25000000000000             2
    0.28571428571429    0.16666666666667    0.25000000000000             2
    0.42857142857143    0.16666666666667    0.25000000000000             2
   -0.42857142857143    0.16666666666667    0.25000000000000             2
   -0.28571428571429    0.16666666666667    0.25000000000000             2
   -0.14285714285714    0.16666666666667    0.25000000000000             2
    0.00000000000000    0.33333333333333    0.25000000000000             2
    0.14285714285714    0.33333333333333    0.25000000000000             2
    0.28571428571429    0.33333333333333    0.25000000000000             2
    0.42857142857143    0.33333333333333    0.25000000000000             2
   -0.42857142857143    0.33333333333333    0.25000000000000             2
   -0.28571428571429    0.33333333333333    0.25000000000000             2
   -0.14285714285714    0.33333333333333    0.25000000000000             2
    0.00000000000000    0.50000000000000    0.25000000000000             2
    0.14285714285714    0.50000000000000    0.25000000000000             2
    0.28571428571429    0.50000000000000    0.25000000000000             2
    0.42857142857143    0.50000000000000    0.25000000000000             2
   -0.42857142857143    0.50000000000000    0.25000000000000             2
   -0.28571428571429    0.50000000000000    0.25000000000000             2
   -0.14285714285714    0.50000000000000    0.25000000000000             2
    0.00000000000000   -0.33333333333333    0.25000000000000             2
    0.14285714285714   -0.33333333333333    0.25000000000000             2
    0.28571428571429   -0.33333333333333    0.25000000000000             2
    0.42857142857143   -0.33333333333333    0.25000000000000             2
   -0.42857142857143   -0.33333333333333    0.25000000000000             2
   -0.28571428571429   -0.33333333333333    0.25000000000000             2
   -0.14285714285714   -0.33333333333333    0.25000000000000             2
    0.00000000000000   -0.16666666666667    0.25000000000000             2
    0.14285714285714   -0.16666666666667    0.25000000000000             2
    0.28571428571429   -0.16666666666667    0.25000000000000             2
    0.42857142857143   -0.16666666666667    0.25000000000000             2
   -0.42857142857143   -0.16666666666667    0.25000000000000             2
   -0.28571428571429   -0.16666666666667    0.25000000000000             2
   -0.14285714285714   -0.16666666666667    0.25000000000000             2
    0.00000000000000    0.00000000000000    0.50000000000000             1
    0.14285714285714    0.00000000000000    0.50000000000000             2
    0.28571428571429    0.00000000000000    0.50000000000000             2
    0.42857142857143    0.00000000000000    0.50000000000000             2
    0.00000000000000    0.16666666666667    0.50000000000000             2
    0.14285714285714    0.16666666666667    0.50000000000000             2
    0.28571428571429    0.16666666666667    0.50000000000000             2
    0.42857142857143    0.16666666666667    0.50000000000000             2
   -0.42857142857143    0.16666666666667    0.50000000000000             2
   -0.28571428571429    0.16666666666667    0.50000000000000             2
   -0.14285714285714    0.16666666666667    0.50000000000000             2
    0.00000000000000    0.33333333333333    0.50000000000000             2
    0.14285714285714    0.33333333333333    0.50000000000000             2
    0.28571428571429    0.33333333333333    0.50000000000000             2
    0.42857142857143    0.33333333333333    0.50000000000000             2
   -0.42857142857143    0.33333333333333    0.50000000000000             2
   -0.28571428571429    0.33333333333333    0.50000000000000             2
   -0.14285714285714    0.33333333333333    0.50000000000000             2
    0.00000000000000    0.50000000000000    0.50000000000000             1
    0.14285714285714    0.50000000000000    0.50000000000000             2
    0.28571428571429    0.50000000000000    0.50000000000000             2
    0.42857142857143    0.50000000000000    0.50000000000000             2
Tetrahedra
       504    0.00099206349206
         2         2         5         6        30
         2         1         2         5        30
         2         1         2        23        30
         2         2         6        30        31
         2         2        24        30        31
         2         2        23        24        30
         2         3         6         7        31
         2         2         3         6        31
         2         2         3        24        31
         2         3         7        31        32
         2         3        25        31        32
         2         3        24        25        31
         2         4         7         8        32
         2         3         4         7        32
         2         3         4        25        32
         2         4         8        32        33
         2         4        26        32        33
         2         4        25        26        32
         2         4         8         9        33
         2         4         4         8        33
         2         4         4        26        33
         2         4         9        33        34
         2         4        27        33        34
         2         4        26        27        33
         2         3         9        10        34
         2         3         4         9        34
         2         3         4        27        34
         2         3        10        34        35
         2         3        28        34        35
         2         3        27        28        34
         2         2        10        11        35
         2         2         3        10        35
         2         2         3        28        35
         2         2        11        35        36
         2         2        29        35        36
         2         2        28        29        35
         2         1         5        11        36
         2         1         2        11        36
         2         1         2        29        36
         2         1         5        30        36
         2         1        23        30        36
         2         1        23        29        36
         2         6        12        13        37
         2         5         6        12        37
         2         5         6        30        37
         2         6        13        37        38
         2         6        31        37        38
         2         6        30        31        37
         2         7        13        14        38
         2         6         7        13        38
         2         6         7        31        38
         2         7        14        38        39
         2         7        32        38        39
         2         7        31        32        38
         2         8        14        15        39
         2         7         8        14        39
         2         7         8        32        39
         2         8        15        39        40
         2         8        33        39        40
         2         8        32        33        39
         2         9        15        16        40
         2         8         9        15        40
         2         8         9        33        40
         2         9        16        40        41
         2         9        34        40        41
         2         9        33        34        40
         2        10        16        17        41
         2         9        10        16        41
         2         9        10        34        41
         2        10        17        41        42
         2        10        35        41        42
         2        10        34        35        41
         2        11        17        18        42
         2        10        11        17        42
         2        10        11        35        42
         2        11        18        42        43
         2        11        36        42        43
         2        11        35        36        42
         2         5        12        18        43
         2         5        11        18        43
         2         5        11        36        43
         2         5        12        37        43
         2         5        30        37        43
         2         5        30        36        43
         2        13        19        20        44
         2        12        13        19        44
         2        12        13        37        44
         2        13        20        44        45
         2        13        38        44        45
         2        13        37        38        44
         2        14        20        21        45
         2        13        14        20        45
         2        13        14        38        45
         2        14        21        45        46
         2        14        39        45        46
         2        14        38        39        45
         2        15        21        22        46
         2        14        15        21        46
         2        14        15        39        46
         2        15        22        46        47
         2        15        40        46        47
         2        15        39        40        46
         2        16        22        22        47
         2        15        16        22        47
         2        15        16        40        47
         2        16        22        47        48
         2        16        41        47        48
         2        16        40        41        47
         2        17        21        22        48
         2        16        17        22        48
         2        16        17        41        48
         2        17        21        48        49
         2        17        42        48        49
         2        17        41        42        48
         2        18        20        21        49
         2        17        18        21        49
         2        17        18        42        49
         2        18        20        49        50
         2        18        43        49        50
         2        18        42        43        49
         2        12        19        20        50
         2        12        18        20        50
         2        12        18        43        50
         2        12        19        44        50
         2        12        37        44        50
         2        12        37        43        50
         2        12        18        20        51
         2        12        19        20        51
         2        19        20        44        51
         2        18        20        51        52
         2        20        45        51        52
         2        20        44        45        51
         2        17        18        21        52
         2        18        20        21        52
         2        20        21        45        52
         2        17        21        52        53
         2        21        46        52        53
         2        21        45        46        52
         2        16        17        22        53
         2        17        21        22        53
         2        21        22        46        53
         2        16        22        53        54
         2        22        47        53        54
         2        22        46        47        53
         2        15        16        22        54
         2        16        22        22        54
         2        22        22        47        54
         2        15        22        54        55
         2        22        48        54        55
         2        22        47        48        54
         2        14        15        21        55
         2        15        21        22        55
         2        21        22        48        55
         2        14        21        55        56
         2        21        49        55        56
         2        21        48        49        55
         2        13        14        20        56
         2        14        20        21        56
         2        20        21        49        56
         2        13        20        56        57
         2        20        50        56        57
         2        20        49        50        56
         2        12        13        19        57
         2        13        19        20        57
         2        19        20        50        57
         2        12        19        51        57
         2        19        44        51        57
         2        19        44        50        57
         2         5        11        18        58
         2         5        12        18        58
         2        12        18        51        58
         2        11        18        58        59
         2        18        52        58        59
         2        18        51        52        58
         2        10        11        17        59
         2        11        17        18        59
         2        17        18        52        59
         2        10        17        59        60
         2        17        53        59        60
         2        17        52        53        59
         2         9        10        16        60
         2        10        16        17        60
         2        16        17        53        60
         2         9        16        60        61
         2        16        54        60        61
         2        16        53        54        60
         2         8         9        15        61
         2         9        15        16        61
         2        15        16        54        61
         2         8        15        61        62
         2        15        55        61        62
         2        15        54        55        61
         2         7         8        14        62
         2         8        14        15        62
         2        14        15        55        62
         2         7        14        62        63
         2        14        56        62        63
         2        14        55        56        62
         2         6         7        13        63
         2         7        13        14        63
         2        13        14        56        63
         2         6        13        63        64
         2        13        57        63        64
         2        13        56        57        63
         2         5         6        12        64
         2         6        12        13        64
         2        12        13        57        64
         2         5        12        58        64
         2        12        51        58        64
         2        12        51        57        64
         2         1         2        11        23
         2         1         5        11        23
         2         5        11        23        58
         2         2        11        23        24
         2        11        23        24        59
         2        11        23        58        59
         2         2         3        10        24
         2         2        10        11        24
         2        10        11        24        59
         2         3        10        24        25
         2        10        24        25        60
         2        10        24        59        60
         2         3         4         9        25
         2         3         9        10        25
         2         9        10        25        60
         2         4         9        25        26
         2         9        25        26        61
         2         9        25        60        61
         2         4         4         8        26
         2         4         8         9        26
         2         8         9        26        61
         2         4         8        26        27
         2         8        26        27        62
         2         8        26        61        62
         2         3         4         7        27
         2         4         7         8        27
         2         7         8        27        62
         2         3         7        27        28
         2         7        27        28        63
         2         7        27        62        63
         2         2         3         6        28
         2         3         6         7        28
         2         6         7        28        63
         2         2         6        28        29
         2         6        28        29        64
         2         6        28        63        64
         2         1         2         5        29
         2         2         5         6        29
         2         5         6        29        64
         2         1         5        23        29
         2         5        23        29        58
         2         5        29        58        64
         2        24        30        31        69
         2        23        24        30        69
         2        23        24        65        69
         2        24        31        69        70
         2        24        66        69        70
         2        24        65        66        69
         2        25        31        32        70
         2        24        25        31        70
         2        24        25        66        70
         2        25        32        70        71
         2        25        67        70        71
         2        25        66        67        70
         2        26        32        33        71
         2        25        26        32        71
         2        25        26        67        71
         2        26        33        71        72
         2        26        68        71        72
         2        26        67        68        71
         2        27        33        34        72
         2        26        27        33        72
         2        26        27        68        72
         2        27        34        72        73
         2        27        68        72        73
         2        27        68        68        72
         2        28        34        35        73
         2        27        28        34        73
         2        27        28        68        73
         2        28        35        73        74
         2        28        67        73        74
         2        28        67        68        73
         2        29        35        36        74
         2        28        29        35        74
         2        28        29        67        74
         2        29        36        74        75
         2        29        66        74        75
         2        29        66        67        74
         2        23        30        36        75
         2        23        29        36        75
         2        23        29        66        75
         2        23        30        69        75
         2        23        65        69        75
         2        23        65        66        75
         2        31        37        38        76
         2        30        31        37        76
         2        30        31        69        76
         2        31        38        76        77
         2        31        70        76        77
         2        31        69        70        76
         2        32        38        39        77
         2        31        32        38        77
         2        31        32        70        77
         2        32        39        77        78
         2        32        71        77        78
         2        32        70        71        77
         2        33        39        40        78
         2        32        33        39        78
         2        32        33        71        78
         2        33        40        78        79
         2        33        72        78        79
         2        33        71        72        78
         2        34        40        41        79
         2        33        34        40        79
         2        33        34        72        79
         2        34        41        79        80
         2        34        73        79        80
         2        34        72        73        79
         2        35        41        42        80
         2        34        35        41        80
         2        34        35        73        80
         2        35        42        80        81
         2        35        74        80        81
         2        35        73        74        80
         2        36        42        43        81
         2        35        36        42        81
         2        35        36        74        81
         2        36        43        81        82
         2        36        75        81        82
         2        36        74        75        81
         2        30        37        43        82
         2        30        36        43        82
         2        30        36        75        82
         2        30        37        76        82
         2        30        69        76        82
         2        30        69        75        82
         2        38        44        45        83
         2        37        38        44        83
         2        37        38        76        83
         2        38        45        83        84
         2        38        77        83        84
         2        38        76        77        83
         2        39        45        46        84
         2        38        39        45        84
         2        38        39        77        84
         2        39        46        84        85
         2        39        78        84        85
         2        39        77        78        84
         2        40        46        47        85
         2        39        40        46        85
         2        39        40        78        85
         2        40        47        85        86
         2        40        79        85        86
         2        40        78        79        85
         2        41        47        48        86
         2        40        41        47        86
         2        40        41        79        86
         2        41        48        86        86
         2        41        80        86        86
         2        41        79        80        86
         2        42        48        49        86
         2        41        42        48        86
         2        41        42        80        86
         2        42        49        85        86
         2        42        81        85        86
         2        42        80        81        86
         2        43        49        50        85
         2        42        43        49        85
         2        42        43        81        85
         2        43        50        84        85
         2        43        82        84        85
         2        43        81        82        85
         2        37        44        50        84
         2        37        43        50        84
         2        37        43        82        84
         2        37        44        83        84
         2        37        76        83        84
         2        37        76        82        84
         2        45        51        52        76
         2        44        45        51        76
         2        44        45        76        83
         2        45        52        76        82
         2        45        76        82        84
         2        45        76        83        84
         2        46        52        53        82
         2        45        46        52        82
         2        45        46        82        84
         2        46        53        81        82
         2        46        81        82        85
         2        46        82        84        85
         2        47        53        54        81
         2        46        47        53        81
         2        46        47        81        85
         2        47        54        80        81
         2        47        80        81        86
         2        47        81        85        86
         2        48        54        55        80
         2        47        48        54        80
         2        47        48        80        86
         2        48        55        79        80
         2        48        79        80        86
         2        48        80        86        86
         2        49        55        56        79
         2        48        49        55        79
         2        48        49        79        86
         2        49        56        78        79
         2        49        78        79        85
         2        49        79        85        86
         2        50        56        57        78
         2        49        50        56        78
         2        49        50        78        85
         2        50        57        77        78
         2        50        77        78        84
         2        50        78        84        85
         2        44        51        57        77
         2        44        50        57        77
         2        44        50        77        84
         2        44        51        76        77
         2        44        76        77        83
         2        44        77        83        84
         2        52        58        59        69
         2        51        52        58        69
         2        51        52        69        76
         2        52        59        69        75
         2        52        69        75        82
         2        52        69        76        82
         2        53        59        60        75
         2        52        53        59        75
         2        52        53        75        82
         2        53        60        74        75
         2        53        74        75        81
         2        53        75        81        82
         2        54        60        61        74
         2        53        54        60        74
         2        53        54        74        81
         2        54        61        73        74
         2        54        73        74        80
         2        54        74        80        81
         2        55        61        62        73
         2        54        55        61        73
         2        54        55        73        80
         2        55        62        72        73
         2        55        72        73        79
         2        55        73        79        80
         2        56        62        63        72
         2        55        56        62        72
         2        55        56        72        79
         2        56        63        71        72
         2        56        71        72        78
         2        56        72        78        79
         2        57        63        64        71
         2        56        57        63        71
         2        56        57        71        78
         2        57        64        70        71
         2        57        70        71        77
         2        57        71        77        78
         2        51        58        64        70
         2        51        57        64        70
         2        51        57        70        77
         2        51        58        69        70
         2        51        69        70        76
         2        51        70        76        77
         2        23        24        59        65
         2        23        58        59        65
         2        58        59        65        69
         2        24        59        65        66
         2        59        65        66        75
         2        59        65        69        75
         2        24        25        60        66
         2        24        59        60        66
         2        59        60        66        75
         2        25        60        66        67
         2        60        66        67        74
         2        60        66        74        75
         2        25        26        61        67
         2        25        60        61        67
         2        60        61        67        74
         2        26        61        67        68
         2        61        67        68        73
         2        61        67        73        74
         2        26        27        62        68
         2        26        61        62        68
         2        61        62        68        73
         2        27        62        68        68
         2        62        68        68        72
         2        62        68        72        73
         2        27        28        63        68
         2        27        62        63        68
         2        62        63        68        72
         2        28        63        67        68
         2        63        67        68        71
         2        63        68        71        72
         2        28        29        64        67
         2        28        63        64        67
         2        63        64        67        71
         2        29        64        66        67
         2        64        66        67        70
         2        64        67        70        71
         2        23        29        58        66
         2        29        58        64        66
         2        58        64        66        70
         2        23        58        65        66
         2        58        65        66        69
         2        58        66        69        70
