Automatically generated mesh
      32
Reciprocal lattice
    0.00000000000000    0.00000000000000    0.00000000000000             1
    0.14285714285714    0.00000000000000    0.00000000000000             2
    0.28571428571429    0.00000000000000    0.00000000000000             2
    0.42857142857143    0.00000000000000    0.00000000000000             2
    0.00000000000000    0.33333333333333    0.00000000000000             2
    0.14285714285714    0.33333333333333    0.00000000000000             2
    0.28571428571429    0.33333333333333    0.00000000000000             2
    0.42857142857143    0.33333333333333    0.00000000000000             2
   -0.42857142857143    0.33333333333333    0.00000000000000             2
   -0.28571428571429    0.33333333333333    0.00000000000000             2
   -0.14285714285714    0.33333333333333    0.00000000000000             2
    0.00000000000000    0.00000000000000    0.33333333333333             2
    0.14285714285714    0.00000000000000    0.33333333333333             2
    0.28571428571429    0.00000000000000    0.33333333333333             2
    0.42857142857143    0.00000000000000    0.33333333333333             2
   -0.42857142857143    0.00000000000000    0.33333333333333             2
   -0.28571428571429    0.00000000000000    0.33333333333333             2
   -0.14285714285714    0.00000000000000    0.33333333333333             2
    0.00000000000000    0.33333333333333    0.33333333333333             2
    0.14285714285714    0.33333333333333    0.33333333333333             2
    0.28571428571429    0.33333333333333    0.33333333333333             2
    0.42857142857143    0.33333333333333    0.33333333333333             2
   -0.42857142857143    0.33333333333333    0.33333333333333             2
   -0.28571428571429    0.33333333333333    0.33333333333333             2
   -0.14285714285714    0.33333333333333    0.33333333333333             2
    0.00000000000000   -0.33333333333333    0.33333333333333             2
    0.14285714285714   -0.33333333333333    0.33333333333333             2
    0.28571428571429   -0.33333333333333    0.33333333333333             2
    0.42857142857143   -0.33333333333333    0.33333333333333             2
   -0.42857142857143   -0.33333333333333    0.33333333333333             2
   -0.28571428571429   -0.33333333333333    0.33333333333333             2
   -0.14285714285714   -0.33333333333333    0.33333333333333             2
Tetrahedra
       186    0.00264550264550
         2         1         2         5        13
         2         2         5         6        13
         2         5         6        13        20
         2         1         5        12        13
         2         5        12        13        19
         2         5        13        19        20
         2         2         3         6        14
         2         3         6         7        14
         2         6         7        14        21
         2         2         6        13        14
         2         6        13        14        20
         2         6        14        20        21
         2         3         4         7        15
         2         4         7         8        15
         2         7         8        15        22
         2         3         7        14        15
         2         7        14        15        21
         2         7        15        21        22
         2         4         4         8        16
         2         4         8         9        16
         2         8         9        16        23
         2         4         8        15        16
         2         8        15        16        22
         2         8        16        22        23
         2         3         4         9        17
         2         3         9        10        17
         2         9        10        17        24
         2         4         9        16        17
         2         9        16        17        23
         2         9        17        23        24
         2         2         3        10        18
         2         2        10        11        18
         2        10        11        18        25
         2         3        10        17        18
         2        10        17        18        24
         2        10        18        24        25
         2         1         2        11        12
         2         1         5        11        12
         2         5        11        12        19
         2         2        11        12        18
         2        11        12        18        25
         2        11        12        19        25
         2         5         5         6        20
         2         5         6        11        20
         2         5        11        20        27
         2         5         5        19        20
         2         5        19        20        26
         2         5        20        26        27
         2         6         7        11        21
         2         7        10        11        21
         2        10        11        21        28
         2         6        11        20        21
         2        11        20        21        27
         2        11        21        27        28
         2         7         8        10        22
         2         8         9        10        22
         2         9        10        22        29
         2         7        10        21        22
         2        10        21        22        28
         2        10        22        28        29
         4         8         9         9        23
         2         8         9        23        30
         2         8         9        22        23
         2         9        22        23        29
         2         9        23        29        30
         2         8         9        10        24
         2         7         8        10        24
         2         7         8        24        31
         2         8         9        23        24
         2         8        23        24        30
         2         8        24        30        31
         2         7        10        11        25
         2         6         7        11        25
         2         6         7        25        32
         2         7        10        24        25
         2         7        24        25        31
         2         7        25        31        32
         2         5         6        11        19
         2         5         5         6        19
         2         5         6        19        26
         2         6        11        19        25
         2         6        19        25        32
         2         6        19        26        32
         2         1         5        11        27
         2         1         2        11        27
         2         1         2        13        27
         2         1         5        26        27
         2         1        12        26        27
         2         1        12        13        27
         2         2        10        11        28
         2         2         3        10        28
         2         2         3        14        28
         2         2        11        27        28
         2         2        13        27        28
         2         2        13        14        28
         2         3         9        10        29
         2         3         4         9        29
         2         3         4        15        29
         2         3        10        28        29
         2         3        14        28        29
         2         3        14        15        29
         2         4         8         9        30
         2         4         4         8        30
         2         4         4        16        30
         2         4         9        29        30
         2         4        15        29        30
         2         4        15        16        30
         2         4         7         8        31
         2         3         4         7        31
         2         3         4        17        31
         2         4         8        30        31
         2         4        16        30        31
         2         4        16        17        31
         2         3         6         7        32
         2         2         3         6        32
         2         2         3        18        32
         2         3         7        31        32
         2         3        17        31        32
         2         3        17        18        32
         2         2         5         6        26
         2         1         2         5        26
         2         1         2        12        26
         2         2         6        26        32
         2         2        18        26        32
         2         2        12        18        26
         2        12        13        18        19
         2        13        18        19        20
         2        18        19        20        32
         2        12        12        18        19
         2        12        18        19        26
         2        18        19        26        32
         2        13        14        17        20
         2        14        17        20        21
         2        17        20        21        31
         2        13        17        18        20
         2        17        18        20        32
         2        17        20        31        32
         2        14        15        16        21
         2        15        16        21        22
         2        16        21        22        30
         2        14        16        17        21
         2        16        17        21        31
         2        16        21        30        31
         4        15        15        16        22
         2        15        16        22        23
         2        15        22        23        29
         2        15        16        22        30
         2        15        22        29        30
         2        14        16        17        23
         2        14        17        23        24
         2        14        23        24        28
         2        14        15        16        23
         2        14        15        23        29
         2        14        23        28        29
         2        13        17        18        24
         2        13        18        24        25
         2        13        24        25        27
         2        13        14        17        24
         2        13        14        24        28
         2        13        24        27        28
         2        12        12        18        25
         2        12        12        19        25
         2        12        19        25        26
         2        12        13        18        25
         2        12        13        25        27
         2        12        25        26        27
         2        19        20        26        32
         2        20        26        27        32
         2        25        26        27        32
         4        19        26        26        32
         2        19        25        26        32
         2        20        21        27        31
         2        21        27        28        31
         2        24        27        28        31
         2        20        27        31        32
         2        25        27        31        32
         2        24        25        27        31
         2        21        22        28        30
         2        22        28        29        30
         2        23        28        29        30
         2        21        28        30        31
         2        24        28        30        31
         2        23        24        28        30
         2        22        23        29        29
         2        23        29        29        30
         2        22        29        29        30
