Automatically generated mesh
      43
Reciprocal lattice
    0.00000000000000    0.00000000000000    0.00000000000000             1
    0.25000000000000    0.00000000000000    0.00000000000000             2
    0.50000000000000    0.00000000000000    0.00000000000000             1
    0.00000000000000    0.14285714285714    0.00000000000000             2
    0.25000000000000    0.14285714285714    0.00000000000000             2
    0.50000000000000    0.14285714285714    0.00000000000000             2
   -0.25000000000000    0.14285714285714    0.00000000000000             2
    0.00000000000000    0.28571428571429    0.00000000000000             2
    0.25000000000000    0.28571428571429    0.00000000000000             2
    0.50000000000000    0.28571428571429    0.00000000000000             2
   -0.25000000000000    0.28571428571429    0.00000000000000             2
    0.00000000000000    0.42857142857143    0.00000000000000             2
    0.25000000000000    0.42857142857143    0.00000000000000             2
    0.50000000000000    0.42857142857143    0.00000000000000             2
   -0.25000000000000    0.42857142857143    0.00000000000000             2
    0.00000000000000    0.00000000000000    0.33333333333333             2
    0.25000000000000    0.00000000000000    0.33333333333333             2
    0.50000000000000    0.00000000000000    0.33333333333333             2
   -0.25000000000000    0.00000000000000    0.33333333333333             2
    0.00000000000000    0.14285714285714    0.33333333333333             2
    0.25000000000000    0.14285714285714    0.33333333333333             2
    0.50000000000000    0.14285714285714    0.33333333333333             2
   -0.25000000000000    0.14285714285714    0.33333333333333             2
    0.00000000000000    0.28571428571429    0.33333333333333             2
    0.25000000000000    0.28571428571429    0.33333333333333             2
    0.50000000000000    0.28571428571429    0.33333333333333             2
   -0.25000000000000    0.28571428571429    0.33333333333333             2
    0.00000000000000    0.42857142857143    0.33333333333333             2
    0.25000000000000    0.42857142857143    0.33333333333333             2
    0.50000000000000    0.42857142857143    0.33333333333333             2
   -0.25000000000000    0.42857142857143    0.33333333333333             2
    0.00000000000000   -0.42857142857143    0.33333333333333             2
    0.25000000000000   -0.42857142857143    0.33333333333333             2
    0.50000000000000   -0.42857142857143    0.33333333333333             2
   -0.25000000000000   -0.42857142857143    0.33333333333333             2
    0.00000000000000   -0.28571428571429    0.33333333333333             2
    0.25000000000000   -0.28571428571429    0.33333333333333             2
    0.50000000000000   -0.28571428571429    0.33333333333333             2
   -0.25000000000000   -0.28571428571429    0.33333333333333             2
    0.00000000000000   -0.14285714285714    0.33333333333333             2
    0.25000000000000   -0.14285714285714    0.33333333333333             2
    0.50000000000000   -0.14285714285714    0.33333333333333             2
   -0.25000000000000   -0.14285714285714    0.33333333333333             2
Tetrahedra
       250    0.00198412698413
         2         1         4         5        21
         2         1         2         5        21
         2         1         2        17        21
         2         1         4        20        21
         2         1        16        20        21
         2         1        16        17        21
         2         2         5         6        22
         2         2         3         6        22
         2         2         3        18        22
         2         2         5        21        22
         2         2        17        21        22
         2         2        17        18        22
         2         3         6         7        23
         2         2         3         7        23
         2         2         3        19        23
         2         3         6        22        23
         2         3        18        22        23
         2         3        18        19        23
         2         2         4         7        20
         2         1         2         4        20
         2         1         2        16        20
         2         2         7        20        23
         2         2        19        20        23
         2         2        16        19        20
         2         4         8         9        25
         2         4         5         9        25
         2         4         5        21        25
         2         4         8        24        25
         2         4        20        24        25
         2         4        20        21        25
         2         5         9        10        26
         2         5         6        10        26
         2         5         6        22        26
         2         5         9        25        26
         2         5        21        25        26
         2         5        21        22        26
         2         6        10        11        27
         2         6         7        11        27
         2         6         7        23        27
         2         6        10        26        27
         2         6        22        26        27
         2         6        22        23        27
         2         7         8        11        24
         2         4         7         8        24
         2         4         7        20        24
         2         7        11        24        27
         2         7        23        24        27
         2         7        20        23        24
         2         8        12        13        29
         2         8         9        13        29
         2         8         9        25        29
         2         8        12        28        29
         2         8        24        28        29
         2         8        24        25        29
         2         9        13        14        30
         2         9        10        14        30
         2         9        10        26        30
         2         9        13        29        30
         2         9        25        29        30
         2         9        25        26        30
         2        10        14        15        31
         2        10        11        15        31
         2        10        11        27        31
         2        10        14        30        31
         2        10        26        30        31
         2        10        26        27        31
         2        11        12        15        28
         2         8        11        12        28
         2         8        11        24        28
         2        11        15        28        31
         2        11        27        28        31
         2        11        24        27        28
         2        12        12        15        33
         2        12        13        15        33
         2        12        13        29        33
         2        12        12        32        33
         2        12        28        32        33
         2        12        28        29        33
         2        13        14        15        34
         2        13        14        14        34
         2        13        14        30        34
         2        13        15        33        34
         2        13        29        33        34
         2        13        29        30        34
         2        13        14        14        35
         2        13        14        15        35
         2        14        15        31        35
         2        14        14        34        35
         2        14        30        34        35
         2        14        30        31        35
         2        12        13        15        32
         2        12        12        15        32
         2        12        15        28        32
         2        13        15        32        35
         2        15        31        32        35
         2        15        28        31        32
         2         8        11        12        37
         2        11        12        15        37
         2        12        15        33        37
         2         8        12        36        37
         2        12        32        36        37
         2        12        32        33        37
         2        10        11        15        38
         2        10        14        15        38
         2        14        15        34        38
         2        11        15        37        38
         2        15        33        37        38
         2        15        33        34        38
         2         9        10        14        39
         2         9        13        14        39
         2        13        14        35        39
         2        10        14        38        39
         2        14        34        38        39
         2        14        34        35        39
         2         8         9        13        36
         2         8        12        13        36
         2        12        13        32        36
         2         9        13        36        39
         2        13        35        36        39
         2        13        32        35        36
         2         4         7         8        41
         2         7         8        11        41
         2         8        11        37        41
         2         4         8        40        41
         2         8        36        40        41
         2         8        36        37        41
         2         6         7        11        42
         2         6        10        11        42
         2        10        11        38        42
         2         7        11        41        42
         2        11        37        41        42
         2        11        37        38        42
         2         5         6        10        43
         2         5         9        10        43
         2         9        10        39        43
         2         6        10        42        43
         2        10        38        42        43
         2        10        38        39        43
         2         4         5         9        40
         2         4         8         9        40
         2         8         9        36        40
         2         5         9        40        43
         2         9        39        40        43
         2         9        36        39        40
         2         1         2         4        17
         2         2         4         7        17
         2         4         7        17        41
         2         1         4        16        17
         2         4        16        17        40
         2         4        17        40        41
         2         2         3         7        18
         2         3         6         7        18
         2         6         7        18        42
         2         2         7        17        18
         2         7        17        18        41
         2         7        18        41        42
         2         2         3         6        19
         2         2         5         6        19
         2         5         6        19        43
         2         3         6        18        19
         2         6        18        19        42
         2         6        19        42        43
         2         1         2         5        16
         2         1         4         5        16
         2         4         5        16        40
         2         2         5        16        19
         2         5        16        19        43
         2         5        16        40        43
         2        16        20        21        43
         2        16        17        21        43
         2        16        17        19        43
         2        16        20        40        43
         2        16        16        40        43
         2        16        16        19        43
         2        17        21        22        42
         2        17        18        22        42
         2        17        18        18        42
         2        17        21        42        43
         2        17        19        42        43
         2        17        18        19        42
         2        18        22        23        41
         2        18        19        23        41
         2        17        18        19        41
         2        18        22        41        42
         2        18        18        41        42
         2        17        18        18        41
         2        19        20        23        40
         2        16        19        20        40
         2        16        16        19        40
         2        19        23        40        41
         2        17        19        40        41
         2        16        17        19        40
         2        20        24        25        39
         2        20        21        25        39
         2        20        21        39        43
         2        20        24        36        39
         2        20        36        39        40
         2        20        39        40        43
         2        21        25        26        38
         2        21        22        26        38
         2        21        22        38        42
         2        21        25        38        39
         2        21        38        39        43
         2        21        38        42        43
         2        22        26        27        37
         2        22        23        27        37
         2        22        23        37        41
         2        22        26        37        38
         2        22        37        38        42
         2        22        37        41        42
         2        23        24        27        36
         2        20        23        24        36
         2        20        23        36        40
         2        23        27        36        37
         2        23        36        37        41
         2        23        36        40        41
         2        24        28        29        35
         2        24        25        29        35
         2        24        25        35        39
         2        24        28        32        35
         2        24        32        35        36
         2        24        35        36        39
         2        25        29        30        34
         2        25        26        30        34
         2        25        26        34        38
         2        25        29        34        35
         2        25        34        35        39
         2        25        34        38        39
         2        26        30        31        33
         2        26        27        31        33
         2        26        27        33        37
         2        26        30        33        34
         2        26        33        34        38
         2        26        33        37        38
         2        27        28        31        32
         2        24        27        28        32
         2        24        27        32        36
         2        27        31        32        33
         2        27        32        33        37
         2        27        32        36        37
         2        28        31        32        33
         2        28        29        31        33
         2        28        29        31        35
         4        28        28        31        32
         2        28        31        32        35
         2        29        30        33        34
         4        29        30        30        34
         2        29        30        31        33
         2        29        30        31        35
         2        29        30        34        35
