Automatically generated mesh
      53
Reciprocal lattice
    0.00000000000000    0.00000000000000    0.00000000000000             1
    0.20000000000000    0.00000000000000    0.00000000000000             2
    0.40000000000000    0.00000000000000    0.00000000000000             2
    0.00000000000000    0.14285714285714    0.00000000000000             2
    0.20000000000000    0.14285714285714    0.00000000000000             2
    0.40000000000000    0.14285714285714    0.00000000000000             2
   -0.40000000000000    0.14285714285714    0.00000000000000             2
   -0.20000000000000    0.14285714285714    0.00000000000000             2
    0.00000000000000    0.28571428571429    0.00000000000000             2
    0.20000000000000    0.28571428571429    0.00000000000000             2
    0.40000000000000    0.28571428571429    0.00000000000000             2
   -0.40000000000000    0.28571428571429    0.00000000000000             2
   -0.20000000000000    0.28571428571429    0.00000000000000             2
    0.00000000000000    0.42857142857143    0.00000000000000             2
    0.20000000000000    0.42857142857143    0.00000000000000             2
    0.40000000000000    0.42857142857143    0.00000000000000             2
   -0.40000000000000    0.42857142857143    0.00000000000000             2
   -0.20000000000000    0.42857142857143    0.00000000000000             2
    0.00000000000000    0.00000000000000    0.33333333333333             2
    0.20000000000000    0.00000000000000    0.33333333333333             2
    0.40000000000000    0.00000000000000    0.33333333333333             2
   -0.40000000000000    0.00000000000000    0.33333333333333             2
   -0.20000000000000    0.00000000000000    0.33333333333333             2
    0.00000000000000    0.14285714285714    0.33333333333333             2
    0.20000000000000    0.14285714285714    0.33333333333333             2
    0.40000000000000    0.14285714285714    0.33333333333333             2
   -0.40000000000000    0.14285714285714    0.33333333333333             2
   -0.20000000000000    0.14285714285714    0.33333333333333             2
    0.00000000000000    0.28571428571429    0.33333333333333             2
    0.20000000000000    0.28571428571429    0.33333333333333             2
    0.40000000000000    0.28571428571429    0.33333333333333             2
   -0.40000000000000    0.28571428571429    0.33333333333333             2
   -0.20000000000000    0.28571428571429    0.33333333333333             2
    0.00000000000000    0.42857142857143    0.33333333333333             2
    0.20000000000000    0.42857142857143    0.33333333333333             2
    0.40000000000000    0.42857142857143    0.33333333333333             2
   -0.40000000000000    0.42857142857143    0.33333333333333             2
   -0.20000000000000    0.42857142857143    0.33333333333333             2
    0.00000000000000   -0.42857142857143    0.33333333333333             2
    0.20000000000000   -0.42857142857143    0.33333333333333             2
    0.40000000000000   -0.42857142857143    0.33333333333333             2
   -0.40000000000000   -0.42857142857143    0.33333333333333             2
   -0.20000000000000   -0.42857142857143    0.33333333333333             2
    0.00000000000000   -0.28571428571429    0.33333333333333             2
    0.20000000000000   -0.28571428571429    0.33333333333333             2
    0.40000000000000   -0.28571428571429    0.33333333333333             2
   -0.40000000000000   -0.28571428571429    0.33333333333333             2
   -0.20000000000000   -0.28571428571429    0.33333333333333             2
    0.00000000000000   -0.14285714285714    0.33333333333333             2
    0.20000000000000   -0.14285714285714    0.33333333333333             2
    0.40000000000000   -0.14285714285714    0.33333333333333             2
   -0.40000000000000   -0.14285714285714    0.33333333333333             2
   -0.20000000000000   -0.14285714285714    0.33333333333333             2
Tetrahedra
       312    0.00158730158730
         2         1         4         5        25
         2         1         2         5        25
         2         1         2        20        25
         2         1         4        24        25
         2         1        19        24        25
         2         1        19        20        25
         2         2         5         6        26
         2         2         3         6        26
         2         2         3        21        26
         2         2         5        25        26
         2         2        20        25        26
         2         2        20        21        26
         2         3         6         7        27
         2         3         3         7        27
         2         3         3        22        27
         2         3         6        26        27
         2         3        21        26        27
         2         3        21        22        27
         2         3         7         8        28
         2         2         3         8        28
         2         2         3        23        28
         2         3         7        27        28
         2         3        22        27        28
         2         3        22        23        28
         2         2         4         8        24
         2         1         2         4        24
         2         1         2        19        24
         2         2         8        24        28
         2         2        23        24        28
         2         2        19        23        24
         2         4         9        10        30
         2         4         5        10        30
         2         4         5        25        30
         2         4         9        29        30
         2         4        24        29        30
         2         4        24        25        30
         2         5        10        11        31
         2         5         6        11        31
         2         5         6        26        31
         2         5        10        30        31
         2         5        25        30        31
         2         5        25        26        31
         2         6        11        12        32
         2         6         7        12        32
         2         6         7        27        32
         2         6        11        31        32
         2         6        26        31        32
         2         6        26        27        32
         2         7        12        13        33
         2         7         8        13        33
         2         7         8        28        33
         2         7        12        32        33
         2         7        27        32        33
         2         7        27        28        33
         2         8         9        13        29
         2         4         8         9        29
         2         4         8        24        29
         2         8        13        29        33
         2         8        28        29        33
         2         8        24        28        29
         2         9        14        15        35
         2         9        10        15        35
         2         9        10        30        35
         2         9        14        34        35
         2         9        29        34        35
         2         9        29        30        35
         2        10        15        16        36
         2        10        11        16        36
         2        10        11        31        36
         2        10        15        35        36
         2        10        30        35        36
         2        10        30        31        36
         2        11        16        17        37
         2        11        12        17        37
         2        11        12        32        37
         2        11        16        36        37
         2        11        31        36        37
         2        11        31        32        37
         2        12        17        18        38
         2        12        13        18        38
         2        12        13        33        38
         2        12        17        37        38
         2        12        32        37        38
         2        12        32        33        38
         2        13        14        18        34
         2         9        13        14        34
         2         9        13        29        34
         2        13        18        34        38
         2        13        33        34        38
         2        13        29        33        34
         2        14        14        18        40
         2        14        15        18        40
         2        14        15        35        40
         2        14        14        39        40
         2        14        34        39        40
         2        14        34        35        40
         2        15        17        18        41
         2        15        16        17        41
         2        15        16        36        41
         2        15        18        40        41
         2        15        35        40        41
         2        15        35        36        41
         4        16        16        17        42
         2        16        17        37        42
         2        16        17        41        42
         2        16        36        41        42
         2        16        36        37        42
         2        15        16        17        43
         2        15        17        18        43
         2        17        18        38        43
         2        16        17        42        43
         2        17        37        42        43
         2        17        37        38        43
         2        14        15        18        39
         2        14        14        18        39
         2        14        18        34        39
         2        15        18        39        43
         2        18        38        39        43
         2        18        34        38        39
         2         9        13        14        45
         2        13        14        18        45
         2        14        18        40        45
         2         9        14        44        45
         2        14        39        44        45
         2        14        39        40        45
         2        12        13        18        46
         2        12        17        18        46
         2        17        18        41        46
         2        13        18        45        46
         2        18        40        45        46
         2        18        40        41        46
         2        11        12        17        47
         2        11        16        17        47
         2        16        17        42        47
         2        12        17        46        47
         2        17        41        46        47
         2        17        41        42        47
         2        10        11        16        48
         2        10        15        16        48
         2        15        16        43        48
         2        11        16        47        48
         2        16        42        47        48
         2        16        42        43        48
         2         9        10        15        44
         2         9        14        15        44
         2        14        15        39        44
         2        10        15        44        48
         2        15        43        44        48
         2        15        39        43        44
         2         4         8         9        50
         2         8         9        13        50
         2         9        13        45        50
         2         4         9        49        50
         2         9        44        49        50
         2         9        44        45        50
         2         7         8        13        51
         2         7        12        13        51
         2        12        13        46        51
         2         8        13        50        51
         2        13        45        50        51
         2        13        45        46        51
         2         6         7        12        52
         2         6        11        12        52
         2        11        12        47        52
         2         7        12        51        52
         2        12        46        51        52
         2        12        46        47        52
         2         5         6        11        53
         2         5        10        11        53
         2        10        11        48        53
         2         6        11        52        53
         2        11        47        52        53
         2        11        47        48        53
         2         4         5        10        49
         2         4         9        10        49
         2         9        10        44        49
         2         5        10        49        53
         2        10        48        49        53
         2        10        44        48        49
         2         1         2         4        20
         2         2         4         8        20
         2         4         8        20        50
         2         1         4        19        20
         2         4        19        20        49
         2         4        20        49        50
         2         2         3         8        21
         2         3         7         8        21
         2         7         8        21        51
         2         2         8        20        21
         2         8        20        21        50
         2         8        21        50        51
         2         3         3         7        22
         2         3         6         7        22
         2         6         7        22        52
         2         3         7        21        22
         2         7        21        22        51
         2         7        22        51        52
         2         2         3         6        23
         2         2         5         6        23
         2         5         6        23        53
         2         3         6        22        23
         2         6        22        23        52
         2         6        23        52        53
         2         1         2         5        19
         2         1         4         5        19
         2         4         5        19        49
         2         2         5        19        23
         2         5        19        23        53
         2         5        19        49        53
         2        19        24        25        53
         2        19        20        25        53
         2        19        20        23        53
         2        19        24        49        53
         2        19        19        49        53
         2        19        19        23        53
         2        20        25        26        52
         2        20        21        26        52
         2        20        21        22        52
         2        20        25        52        53
         2        20        23        52        53
         2        20        22        23        52
         2        21        26        27        51
         2        21        22        27        51
         4        21        21        22        51
         2        21        26        51        52
         2        21        22        51        52
         2        22        27        28        50
         2        22        23        28        50
         2        20        22        23        50
         2        22        27        50        51
         2        21        22        50        51
         2        20        21        22        50
         2        23        24        28        49
         2        19        23        24        49
         2        19        19        23        49
         2        23        28        49        50
         2        20        23        49        50
         2        19        20        23        49
         2        24        29        30        48
         2        24        25        30        48
         2        24        25        48        53
         2        24        29        44        48
         2        24        44        48        49
         2        24        48        49        53
         2        25        30        31        47
         2        25        26        31        47
         2        25        26        47        52
         2        25        30        47        48
         2        25        47        48        53
         2        25        47        52        53
         2        26        31        32        46
         2        26        27        32        46
         2        26        27        46        51
         2        26        31        46        47
         2        26        46        47        52
         2        26        46        51        52
         2        27        32        33        45
         2        27        28        33        45
         2        27        28        45        50
         2        27        32        45        46
         2        27        45        46        51
         2        27        45        50        51
         2        28        29        33        44
         2        24        28        29        44
         2        24        28        44        49
         2        28        33        44        45
         2        28        44        45        50
         2        28        44        49        50
         2        29        34        35        43
         2        29        30        35        43
         2        29        30        43        48
         2        29        34        39        43
         2        29        39        43        44
         2        29        43        44        48
         2        30        35        36        42
         2        30        31        36        42
         2        30        31        42        47
         2        30        35        42        43
         2        30        42        43        48
         2        30        42        47        48
         2        31        36        37        41
         2        31        32        37        41
         2        31        32        41        46
         2        31        36        41        42
         2        31        41        42        47
         2        31        41        46        47
         2        32        37        38        40
         2        32        33        38        40
         2        32        33        40        45
         2        32        37        40        41
         2        32        40        41        46
         2        32        40        45        46
         2        33        34        38        39
         2        29        33        34        39
         2        29        33        39        44
         2        33        38        39        40
         2        33        39        40        45
         2        33        39        44        45
         2        34        38        39        40
         2        34        35        38        40
         2        34        35        38        43
         4        34        34        38        39
         2        34        38        39        43
         2        35        37        40        41
         2        35        36        37        41
         2        35        36        37        42
         2        35        37        38        40
         2        35        37        38        43
         2        35        37        42        43
         2        36        36        41        42
         2        36        36        37        42
         2        36        36        37        41
