Automatically generated mesh
      62
Reciprocal lattice
    0.00000000000000    0.00000000000000    0.00000000000000             1
    0.10000000000000    0.00000000000000    0.00000000000000             2
    0.20000000000000    0.00000000000000    0.00000000000000             2
    0.30000000000000    0.00000000000000    0.00000000000000             2
    0.40000000000000    0.00000000000000    0.00000000000000             2
    0.50000000000000    0.00000000000000    0.00000000000000             1
    0.00000000000000    0.25000000000000    0.00000000000000             2
    0.10000000000000    0.25000000000000    0.00000000000000             2
    0.20000000000000    0.25000000000000    0.00000000000000             2
    0.30000000000000    0.25000000000000    0.00000000000000             2
    0.40000000000000    0.25000000000000    0.00000000000000             2
    0.50000000000000    0.25000000000000    0.00000000000000             2
   -0.40000000000000    0.25000000000000    0.00000000000000             2
   -0.30000000000000    0.25000000000000    0.00000000000000             2
   -0.20000000000000    0.25000000000000    0.00000000000000             2
   -0.10000000000000    0.25000000000000    0.00000000000000             2
    0.00000000000000    0.50000000000000    0.00000000000000             1
    0.10000000000000    0.50000000000000    0.00000000000000             2
    0.20000000000000    0.50000000000000    0.00000000000000             2
    0.30000000000000    0.50000000000000    0.00000000000000             2
    0.40000000000000    0.50000000000000    0.00000000000000             2
    0.50000000000000    0.50000000000000    0.00000000000000             1
    0.00000000000000    0.00000000000000    0.33333333333333             2
    0.10000000000000    0.00000000000000    0.33333333333333             2
    0.20000000000000    0.00000000000000    0.33333333333333             2
    0.30000000000000    0.00000000000000    0.33333333333333             2
    0.40000000000000    0.00000000000000    0.33333333333333             2
    0.50000000000000    0.00000000000000    0.33333333333333             2
   -0.40000000000000    0.00000000000000    0.33333333333333             2
   -0.30000000000000    0.00000000000000    0.33333333333333             2
   -0.20000000000000    0.00000000000000    0.33333333333333             2
   -0.10000000000000    0.00000000000000    0.33333333333333             2
    0.00000000000000    0.25000000000000    0.33333333333333             2
    0.10000000000000    0.25000000000000    0.33333333333333             2
    0.20000000000000    0.25000000000000    0.33333333333333             2
    0.30000000000000    0.25000000000000    0.33333333333333             2
    0.40000000000000    0.25000000000000    0.33333333333333             2
    0.50000000000000    0.25000000000000    0.33333333333333             2
   -0.40000000000000    0.25000000000000    0.33333333333333             2
   -0.30000000000000    0.25000000000000    0.33333333333333             2
   -0.20000000000000    0.25000000000000    0.33333333333333             2
   -0.10000000000000    0.25000000000000    0.33333333333333             2
    0.00000000000000    0.50000000000000    0.33333333333333             2
    0.10000000000000    0.50000000000000    0.33333333333333             2
    0.20000000000000    0.50000000000000    0.33333333333333             2
    0.30000000000000    0.50000000000000    0.33333333333333             2
    0.40000000000000    0.50000000000000    0.33333333333333             2
    0.50000000000000    0.50000000000000    0.33333333333333             2
   -0.40000000000000    0.50000000000000    0.33333333333333             2
   -0.30000000000000    0.50000000000000    0.33333333333333             2
   -0.20000000000000    0.50000000000000    0.33333333333333             2
   -0.10000000000000    0.50000000000000    0.33333333333333             2
    0.00000000000000   -0.25000000000000    0.33333333333333             2
    0.10000000000000   -0.25000000000000    0.33333333333333             2
    0.20000000000000   -0.25000000000000    0.33333333333333             2
    0.30000000000000   -0.25000000000000    0.33333333333333             2
    0.40000000000000   -0.25000000000000    0.33333333333333             2
    0.50000000000000   -0.25000000000000    0.33333333333333             2
   -0.40000000000000   -0.25000000000000    0.33333333333333             2
   -0.30000000000000   -0.25000000000000    0.33333333333333             2
   -0.20000000000000   -0.25000000000000    0.33333333333333             2
   -0.10000000000000   -0.25000000000000    0.33333333333333             2
Tetrahedra
       360    0.00138888888889
         2         1         2         8        23
         2         1         7         8        23
         2         7         8        23        33
         2         2         8        23        24
         2         8        23        24        34
         2         8        23        33        34
         2         2         3         9        24
         2         2         8         9        24
         2         8         9        24        34
         2         3         9        24        25
         2         9        24        25        35
         2         9        24        34        35
         2         3         4        10        25
         2         3         9        10        25
         2         9        10        25        35
         2         4        10        25        26
         2        10        25        26        36
         2        10        25        35        36
         2         4         5        11        26
         2         4        10        11        26
         2        10        11        26        36
         2         5        11        26        27
         2        11        26        27        37
         2        11        26        36        37
         2         5         6        12        27
         2         5        11        12        27
         2        11        12        27        37
         2         6        12        27        28
         2        12        27        28        38
         2        12        27        37        38
         2         5         6        13        28
         2         6        12        13        28
         2        12        13        28        38
         2         5        13        28        29
         2        13        28        29        39
         2        13        28        38        39
         2         4         5        14        29
         2         5        13        14        29
         2        13        14        29        39
         2         4        14        29        30
         2        14        29        30        40
         2        14        29        39        40
         2         3         4        15        30
         2         4        14        15        30
         2        14        15        30        40
         2         3        15        30        31
         2        15        30        31        41
         2        15        30        40        41
         2         2         3        16        31
         2         3        15        16        31
         2        15        16        31        41
         2         2        16        31        32
         2        16        31        32        42
         2        16        31        41        42
         2         1         2         7        32
         2         2         7        16        32
         2         7        16        32        42
         2         1         7        23        32
         2         7        23        32        33
         2         7        32        33        42
         2         7         8        18        33
         2         7        17        18        33
         2        17        18        33        43
         2         8        18        33        34
         2        18        33        34        44
         2        18        33        43        44
         2         8         9        19        34
         2         8        18        19        34
         2        18        19        34        44
         2         9        19        34        35
         2        19        34        35        45
         2        19        34        44        45
         2         9        10        20        35
         2         9        19        20        35
         2        19        20        35        45
         2        10        20        35        36
         2        20        35        36        46
         2        20        35        45        46
         2        10        11        21        36
         2        10        20        21        36
         2        20        21        36        46
         2        11        21        36        37
         2        21        36        37        47
         2        21        36        46        47
         2        11        12        22        37
         2        11        21        22        37
         2        21        22        37        47
         2        12        22        37        38
         2        22        37        38        48
         2        22        37        47        48
         2        12        13        21        38
         2        12        21        22        38
         2        21        22        38        48
         2        13        21        38        39
         2        21        38        39        49
         2        21        38        48        49
         2        13        14        20        39
         2        13        20        21        39
         2        20        21        39        49
         2        14        20        39        40
         2        20        39        40        50
         2        20        39        49        50
         2        14        15        19        40
         2        14        19        20        40
         2        19        20        40        50
         2        15        19        40        41
         2        19        40        41        51
         2        19        40        50        51
         2        15        16        18        41
         2        15        18        19        41
         2        18        19        41        51
         2        16        18        41        42
         2        18        41        42        52
         2        18        41        51        52
         2         7        16        17        42
         2        16        17        18        42
         2        17        18        42        52
         2         7        17        33        42
         2        17        33        42        43
         2        17        42        43        52
         2        16        17        18        43
         2         7        16        17        43
         2         7        16        43        53
         2        16        18        43        44
         2        16        43        44        54
         2        16        43        53        54
         2        15        18        19        44
         2        15        16        18        44
         2        15        16        44        54
         2        15        19        44        45
         2        15        44        45        55
         2        15        44        54        55
         2        14        19        20        45
         2        14        15        19        45
         2        14        15        45        55
         2        14        20        45        46
         2        14        45        46        56
         2        14        45        55        56
         2        13        20        21        46
         2        13        14        20        46
         2        13        14        46        56
         2        13        21        46        47
         2        13        46        47        57
         2        13        46        56        57
         2        12        21        22        47
         2        12        13        21        47
         2        12        13        47        57
         2        12        22        47        48
         2        12        47        48        58
         2        12        47        57        58
         2        11        21        22        48
         2        11        12        22        48
         2        11        12        48        58
         2        11        21        48        49
         2        11        48        49        59
         2        11        48        58        59
         2        10        20        21        49
         2        10        11        21        49
         2        10        11        49        59
         2        10        20        49        50
         2        10        49        50        60
         2        10        49        59        60
         2         9        19        20        50
         2         9        10        20        50
         2         9        10        50        60
         2         9        19        50        51
         2         9        50        51        61
         2         9        50        60        61
         2         8        18        19        51
         2         8         9        19        51
         2         8         9        51        61
         2         8        18        51        52
         2         8        51        52        62
         2         8        51        61        62
         2         7        17        18        52
         2         7         8        18        52
         2         7         8        52        62
         2         7        17        43        52
         2         7        43        52        53
         2         7        52        53        62
         2         2         7        16        53
         2         1         2         7        53
         2         1         2        23        53
         2         2        16        53        54
         2         2        24        53        54
         2         2        23        24        53
         2         3        15        16        54
         2         2         3        16        54
         2         2         3        24        54
         2         3        15        54        55
         2         3        25        54        55
         2         3        24        25        54
         2         4        14        15        55
         2         3         4        15        55
         2         3         4        25        55
         2         4        14        55        56
         2         4        26        55        56
         2         4        25        26        55
         2         5        13        14        56
         2         4         5        14        56
         2         4         5        26        56
         2         5        13        56        57
         2         5        27        56        57
         2         5        26        27        56
         2         6        12        13        57
         2         5         6        13        57
         2         5         6        27        57
         2         6        12        57        58
         2         6        28        57        58
         2         6        27        28        57
         2         5        11        12        58
         2         5         6        12        58
         2         5         6        28        58
         2         5        11        58        59
         2         5        29        58        59
         2         5        28        29        58
         2         4        10        11        59
         2         4         5        11        59
         2         4         5        29        59
         2         4        10        59        60
         2         4        30        59        60
         2         4        29        30        59
         2         3         9        10        60
         2         3         4        10        60
         2         3         4        30        60
         2         3         9        60        61
         2         3        31        60        61
         2         3        30        31        60
         2         2         8         9        61
         2         2         3         9        61
         2         2         3        31        61
         2         2         8        61        62
         2         2        32        61        62
         2         2        31        32        61
         2         1         7         8        62
         2         1         2         8        62
         2         1         2        32        62
         2         1         7        53        62
         2         1        23        53        62
         2         1        23        32        62
         2        23        23        24        34
         2        23        23        33        34
         2        23        33        34        53
         2        23        24        32        34
         2        23        32        34        62
         2        23        34        53        62
         2        24        25        32        35
         2        24        32        34        35
         2        32        34        35        62
         2        25        31        32        35
         2        31        32        35        61
         2        32        35        61        62
         2        25        26        31        36
         2        25        31        35        36
         2        31        35        36        61
         2        26        30        31        36
         2        30        31        36        60
         2        31        36        60        61
         2        26        27        30        37
         2        26        30        36        37
         2        30        36        37        60
         2        27        29        30        37
         2        29        30        37        59
         2        30        37        59        60
         2        27        28        29        38
         2        27        29        37        38
         2        29        37        38        59
         2        28        28        29        38
         2        28        29        38        58
         2        29        38        58        59
         2        28        28        29        39
         2        28        28        38        39
         2        28        38        39        58
         2        27        28        29        39
         2        27        28        39        57
         2        28        39        57        58
         2        27        29        30        40
         2        27        29        39        40
         2        27        39        40        57
         2        26        27        30        40
         2        26        27        40        56
         2        27        40        56        57
         2        26        30        31        41
         2        26        30        40        41
         2        26        40        41        56
         2        25        26        31        41
         2        25        26        41        55
         2        26        41        55        56
         2        25        31        32        42
         2        25        31        41        42
         2        25        41        42        55
         2        24        25        32        42
         2        24        25        42        54
         2        25        42        54        55
         2        23        24        32        33
         2        24        32        33        42
         2        24        33        42        54
         2        23        23        24        33
         2        23        24        33        53
         2        24        33        53        54
         2        33        34        44        53
         2        33        43        44        53
         2        43        43        44        53
         2        34        44        53        62
         2        44        52        53        62
         2        43        44        52        53
         2        34        35        45        62
         2        34        44        45        62
         2        44        45        52        62
         2        35        45        61        62
         2        45        51        61        62
         2        45        51        52        62
         2        35        36        46        61
         2        35        45        46        61
         2        45        46        51        61
         2        36        46        60        61
         2        46        50        60        61
         2        46        50        51        61
         2        36        37        47        60
         2        36        46        47        60
         2        46        47        50        60
         2        37        47        59        60
         2        47        49        59        60
         2        47        49        50        60
         2        37        38        48        59
         2        37        47        48        59
         2        47        48        49        59
         2        38        48        58        59
         2        48        48        58        59
         2        48        48        49        59
         2        38        39        49        58
         2        38        48        49        58
         2        48        48        49        58
         2        39        49        57        58
         2        47        49        57        58
         2        47        48        49        58
         2        39        40        50        57
         2        39        49        50        57
         2        47        49        50        57
         2        40        50        56        57
         2        46        50        56        57
         2        46        47        50        57
         2        40        41        51        56
         2        40        50        51        56
         2        46        50        51        56
         2        41        51        55        56
         2        45        51        55        56
         2        45        46        51        56
         2        41        42        52        55
         2        41        51        52        55
         2        45        51        52        55
         2        42        52        54        55
         2        44        52        54        55
         2        44        45        52        55
         2        33        42        43        54
         2        42        43        52        54
         2        43        44        52        54
         2        33        43        53        54
         2        43        43        53        54
         2        43        43        44        54
