Automatically generated mesh
      42
Reciprocal lattice
    0.00000000000000    0.00000000000000    0.00000000000000             1
    0.20000000000000    0.00000000000000    0.00000000000000             2
    0.40000000000000    0.00000000000000    0.00000000000000             2
    0.00000000000000    0.25000000000000    0.00000000000000             2
    0.20000000000000    0.25000000000000    0.00000000000000             2
    0.40000000000000    0.25000000000000    0.00000000000000             2
   -0.40000000000000    0.25000000000000    0.00000000000000             2
   -0.20000000000000    0.25000000000000    0.00000000000000             2
    0.00000000000000    0.50000000000000    0.00000000000000             1
    0.20000000000000    0.50000000000000    0.00000000000000             2
    0.40000000000000    0.50000000000000    0.00000000000000             2
    0.00000000000000    0.00000000000000    0.25000000000000             2
    0.20000000000000    0.00000000000000    0.25000000000000             2
    0.40000000000000    0.00000000000000    0.25000000000000             2
   -0.40000000000000    0.00000000000000    0.25000000000000             2
   -0.20000000000000    0.00000000000000    0.25000000000000             2
    0.00000000000000    0.25000000000000    0.25000000000000             2
    0.20000000000000    0.25000000000000    0.25000000000000             2
    0.40000000000000    0.25000000000000    0.25000000000000             2
   -0.40000000000000    0.25000000000000    0.25000000000000             2
   -0.20000000000000    0.25000000000000    0.25000000000000             2
    0.00000000000000    0.50000000000000    0.25000000000000             2
    0.20000000000000    0.50000000000000    0.25000000000000             2
    0.40000000000000    0.50000000000000    0.25000000000000             2
   -0.40000000000000    0.50000000000000    0.25000000000000             2
   -0.20000000000000    0.50000000000000    0.25000000000000             2
    0.00000000000000   -0.25000000000000    0.25000000000000             2
    0.20000000000000   -0.25000000000000    0.25000000000000             2
    0.40000000000000   -0.25000000000000    0.25000000000000             2
   -0.40000000000000   -0.25000000000000    0.25000000000000             2
   -0.20000000000000   -0.25000000000000    0.25000000000000             2
    0.00000000000000    0.00000000000000    0.50000000000000             1
    0.20000000000000    0.00000000000000    0.50000000000000             2
    0.40000000000000    0.00000000000000    0.50000000000000             2
    0.00000000000000    0.25000000000000    0.50000000000000             2
    0.20000000000000    0.25000000000000    0.50000000000000             2
    0.40000000000000    0.25000000000000    0.50000000000000             2
   -0.40000000000000    0.25000000000000    0.50000000000000             2
   -0.20000000000000    0.25000000000000    0.50000000000000             2
    0.00000000000000    0.50000000000000    0.50000000000000             1
    0.20000000000000    0.50000000000000    0.50000000000000             2
    0.40000000000000    0.50000000000000    0.50000000000000             2
Tetrahedra
       240    0.00208333333333
         2         1         2         5        12
         2         1         4         5        12
         2         4         5        12        17
         2         2         5        12        13
         2         5        12        13        18
         2         5        12        17        18
         2         2         3         6        13
         2         2         5         6        13
         2         5         6        13        18
         2         3         6        13        14
         2         6        13        14        19
         2         6        13        18        19
         2         3         3         7        14
         2         3         6         7        14
         2         6         7        14        19
         2         3         7        14        15
         2         7        14        15        20
         2         7        14        19        20
         2         2         3         8        15
         2         3         7         8        15
         2         7         8        15        20
         2         2         8        15        16
         2         8        15        16        21
         2         8        15        20        21
         2         1         2         4        16
         2         2         4         8        16
         2         4         8        16        21
         2         1         4        12        16
         2         4        12        16        17
         2         4        16        17        21
         2         4         5        10        17
         2         4         9        10        17
         2         9        10        17        22
         2         5        10        17        18
         2        10        17        18        23
         2        10        17        22        23
         2         5         6        11        18
         2         5        10        11        18
         2        10        11        18        23
         2         6        11        18        19
         2        11        18        19        24
         2        11        18        23        24
         2         6         7        11        19
         2         6        11        11        19
         2        11        11        19        24
         2         7        11        19        20
         2        11        19        20        25
         2        11        19        24        25
         2         7         8        10        20
         2         7        10        11        20
         2        10        11        20        25
         2         8        10        20        21
         2        10        20        21        26
         2        10        20        25        26
         2         4         8         9        21
         2         8         9        10        21
         2         9        10        21        26
         2         4         9        17        21
         2         9        17        21        22
         2         9        21        22        26
         2         8         9        10        22
         2         4         8         9        22
         2         4         8        22        27
         2         8        10        22        23
         2         8        22        23        28
         2         8        22        27        28
         2         7        10        11        23
         2         7         8        10        23
         2         7         8        23        28
         2         7        11        23        24
         2         7        23        24        29
         2         7        23        28        29
         2         6        11        11        24
         2         6         7        11        24
         2         6         7        24        29
         2         6        11        24        25
         2         6        24        25        30
         2         6        24        29        30
         2         5        10        11        25
         2         5         6        11        25
         2         5         6        25        30
         2         5        10        25        26
         2         5        25        26        31
         2         5        25        30        31
         2         4         9        10        26
         2         4         5        10        26
         2         4         5        26        31
         2         4         9        22        26
         2         4        22        26        27
         2         4        26        27        31
         2         2         4         8        27
         2         1         2         4        27
         2         1         2        12        27
         2         2         8        27        28
         2         2        13        27        28
         2         2        12        13        27
         2         3         7         8        28
         2         2         3         8        28
         2         2         3        13        28
         2         3         7        28        29
         2         3        14        28        29
         2         3        13        14        28
         2         3         6         7        29
         2         3         3         7        29
         2         3         3        14        29
         2         3         6        29        30
         2         3        15        29        30
         2         3        14        15        29
         2         2         5         6        30
         2         2         3         6        30
         2         2         3        15        30
         2         2         5        30        31
         2         2        16        30        31
         2         2        15        16        30
         2         1         4         5        31
         2         1         2         5        31
         2         1         2        16        31
         2         1         4        27        31
         2         1        12        27        31
         2         1        12        16        31
         2        12        13        18        32
         2        12        17        18        32
         2        17        18        32        35
         2        13        18        32        33
         2        18        32        33        36
         2        18        32        35        36
         2        13        14        19        33
         2        13        18        19        33
         2        18        19        33        36
         2        14        19        33        34
         2        19        33        34        37
         2        19        33        36        37
         2        14        15        20        34
         2        14        19        20        34
         2        19        20        34        37
         2        15        20        34        34
         2        20        34        34        38
         2        20        34        37        38
         2        15        16        21        34
         2        15        20        21        34
         2        20        21        34        38
         2        16        21        33        34
         2        21        33        34        39
         2        21        34        38        39
         2        12        16        17        33
         2        16        17        21        33
         2        17        21        33        39
         2        12        17        32        33
         2        17        32        33        35
         2        17        33        35        39
         2        17        18        23        35
         2        17        22        23        35
         2        22        23        35        40
         2        18        23        35        36
         2        23        35        36        41
         2        23        35        40        41
         2        18        19        24        36
         2        18        23        24        36
         2        23        24        36        41
         2        19        24        36        37
         2        24        36        37        42
         2        24        36        41        42
         2        19        20        25        37
         2        19        24        25        37
         2        24        25        37        42
         2        20        25        37        38
         2        25        37        38        42
         2        25        37        42        42
         2        20        21        26        38
         2        20        25        26        38
         2        25        26        38        42
         2        21        26        38        39
         2        26        38        39        41
         2        26        38        41        42
         2        17        21        22        39
         2        21        22        26        39
         2        22        26        39        41
         2        17        22        35        39
         2        22        35        39        40
         2        22        39        40        41
         2        22        23        28        40
         2        22        27        28        40
         2        27        28        35        40
         2        23        28        40        41
         2        28        39        40        41
         2        28        35        39        40
         2        23        24        29        41
         2        23        28        29        41
         2        28        29        39        41
         2        24        29        41        42
         2        29        38        41        42
         2        29        38        39        41
         2        24        25        30        42
         2        24        29        30        42
         2        29        30        38        42
         2        25        30        42        42
         2        30        37        42        42
         2        30        37        38        42
         2        25        26        31        42
         2        25        30        31        42
         2        30        31        37        42
         2        26        31        41        42
         2        31        36        41        42
         2        31        36        37        42
         2        22        26        27        41
         2        26        27        31        41
         2        27        31        36        41
         2        22        27        40        41
         2        27        35        40        41
         2        27        35        36        41
         2        13        27        28        35
         2        12        13        27        35
         2        12        13        32        35
         2        13        28        35        39
         2        13        33        35        39
         2        13        32        33        35
         2        14        28        29        39
         2        13        14        28        39
         2        13        14        33        39
         2        14        29        38        39
         2        14        34        38        39
         2        14        33        34        39
         2        15        29        30        38
         2        14        15        29        38
         2        14        15        34        38
         2        15        30        37        38
         2        15        34        37        38
         2        15        34        34        38
         2        16        30        31        37
         2        15        16        30        37
         2        15        16        34        37
         2        16        31        36        37
         2        16        33        36        37
         2        16        33        34        37
         2        12        27        31        36
         2        12        16        31        36
         2        12        16        33        36
         2        12        27        35        36
         2        12        32        35        36
         2        12        32        33        36
