Automatically generated mesh
      64
Reciprocal lattice
    0.06250000000000    0.12500000000000    0.12500000000000             2
    0.18750000000000    0.12500000000000    0.12500000000000             2
    0.31250000000000    0.12500000000000    0.12500000000000             2
    0.43750000000000    0.12500000000000    0.12500000000000             2
   -0.43750000000000    0.12500000000000    0.12500000000000             2
   -0.31250000000000    0.12500000000000    0.12500000000000             2
   -0.18750000000000    0.12500000000000    0.12500000000000             2
   -0.06250000000000    0.12500000000000    0.12500000000000             2
    0.06250000000000    0.37500000000000    0.12500000000000             2
    0.18750000000000    0.37500000000000    0.12500000000000             2
    0.31250000000000    0.37500000000000    0.12500000000000             2
    0.43750000000000    0.37500000000000    0.12500000000000             2
   -0.43750000000000    0.37500000000000    0.12500000000000             2
   -0.31250000000000    0.37500000000000    0.12500000000000             2
   -0.18750000000000    0.37500000000000    0.12500000000000             2
   -0.06250000000000    0.37500000000000    0.12500000000000             2
    0.06250000000000   -0.37500000000000    0.12500000000000             2
    0.18750000000000   -0.37500000000000    0.12500000000000             2
    0.31250000000000   -0.37500000000000    0.12500000000000             2
    0.43750000000000   -0.37500000000000    0.12500000000000             2
   -0.43750000000000   -0.37500000000000    0.12500000000000             2
   -0.31250000000000   -0.37500000000000    0.12500000000000             2
   -0.18750000000000   -0.37500000000000    0.12500000000000             2
   -0.06250000000000   -0.37500000000000    0.12500000000000             2
    0.06250000000000   -0.12500000000000    0.12500000000000             2
    0.18750000000000   -0.12500000000000    0.12500000000000             2
    0.31250000000000   -0.12500000000000    0.12500000000000             2
    0.43750000000000   -0.12500000000000    0.12500000000000             2
   -0.43750000000000   -0.12500000000000    0.12500000000000             2
   -0.31250000000000   -0.12500000000000    0.12500000000000             2
   -0.18750000000000   -0.12500000000000    0.12500000000000             2
   -0.06250000000000   -0.12500000000000    0.12500000000000             2
    0.06250000000000    0.12500000000000    0.37500000000000             2
    0.18750000000000    0.12500000000000    0.37500000000000             2
    0.31250000000000    0.12500000000000    0.37500000000000             2
    0.43750000000000    0.12500000000000    0.37500000000000             2
   -0.43750000000000    0.12500000000000    0.37500000000000             2
   -0.31250000000000    0.12500000000000    0.37500000000000             2
   -0.18750000000000    0.12500000000000    0.37500000000000             2
   -0.06250000000000    0.12500000000000    0.37500000000000             2
    0.06250000000000    0.37500000000000    0.37500000000000             2
    0.18750000000000    0.37500000000000    0.37500000000000             2
    0.31250000000000    0.37500000000000    0.37500000000000             2
    0.43750000000000    0.37500000000000    0.37500000000000             2
   -0.43750000000000    0.37500000000000    0.37500000000000             2
   -0.31250000000000    0.37500000000000    0.37500000000000             2
   -0.18750000000000    0.37500000000000    0.37500000000000             2
   -0.06250000000000    0.37500000000000    0.37500000000000             2
    0.06250000000000   -0.37500000000000    0.37500000000000             2
    0.18750000000000   -0.37500000000000    0.37500000000000             2
    0.31250000000000   -0.37500000000000    0.37500000000000             2
    0.43750000000000   -0.37500000000000    0.37500000000000             2
   -0.43750000000000   -0.37500000000000    0.37500000000000             2
   -0.31250000000000   -0.37500000000000    0.37500000000000             2
   -0.18750000000000   -0.37500000000000    0.37500000000000             2
   -0.06250000000000   -0.37500000000000    0.37500000000000             2
    0.06250000000000   -0.12500000000000    0.37500000000000             2
    0.18750000000000   -0.12500000000000    0.37500000000000             2
    0.31250000000000   -0.12500000000000    0.37500000000000             2
    0.43750000000000   -0.12500000000000    0.37500000000000             2
   -0.43750000000000   -0.12500000000000    0.37500000000000             2
   -0.31250000000000   -0.12500000000000    0.37500000000000             2
   -0.18750000000000   -0.12500000000000    0.37500000000000             2
   -0.06250000000000   -0.12500000000000    0.37500000000000             2
Tetrahedra
       384    0.00130208333333
         2         1         9        10        42
         2         1         2        10        42
         2         1         2        34        42
         2         1         9        41        42
         2         1        33        41        42
         2         1        33        34        42
         2         2        10        11        43
         2         2         3        11        43
         2         2         3        35        43
         2         2        10        42        43
         2         2        34        42        43
         2         2        34        35        43
         2         3        11        12        44
         2         3         4        12        44
         2         3         4        36        44
         2         3        11        43        44
         2         3        35        43        44
         2         3        35        36        44
         2         4        12        13        45
         2         4         5        13        45
         2         4         5        37        45
         2         4        12        44        45
         2         4        36        44        45
         2         4        36        37        45
         2         5        13        14        46
         2         5         6        14        46
         2         5         6        38        46
         2         5        13        45        46
         2         5        37        45        46
         2         5        37        38        46
         2         6        14        15        47
         2         6         7        15        47
         2         6         7        39        47
         2         6        14        46        47
         2         6        38        46        47
         2         6        38        39        47
         2         7        15        16        48
         2         7         8        16        48
         2         7         8        40        48
         2         7        15        47        48
         2         7        39        47        48
         2         7        39        40        48
         2         8         9        16        41
         2         1         8         9        41
         2         1         8        33        41
         2         8        16        41        48
         2         8        40        41        48
         2         8        33        40        41
         2         9        17        18        50
         2         9        10        18        50
         2         9        10        42        50
         2         9        17        49        50
         2         9        41        49        50
         2         9        41        42        50
         2        10        18        19        51
         2        10        11        19        51
         2        10        11        43        51
         2        10        18        50        51
         2        10        42        50        51
         2        10        42        43        51
         2        11        19        20        52
         2        11        12        20        52
         2        11        12        44        52
         2        11        19        51        52
         2        11        43        51        52
         2        11        43        44        52
         2        12        20        21        53
         2        12        13        21        53
         2        12        13        45        53
         2        12        20        52        53
         2        12        44        52        53
         2        12        44        45        53
         2        13        21        22        54
         2        13        14        22        54
         2        13        14        46        54
         2        13        21        53        54
         2        13        45        53        54
         2        13        45        46        54
         2        14        22        23        55
         2        14        15        23        55
         2        14        15        47        55
         2        14        22        54        55
         2        14        46        54        55
         2        14        46        47        55
         2        15        23        24        56
         2        15        16        24        56
         2        15        16        48        56
         2        15        23        55        56
         2        15        47        55        56
         2        15        47        48        56
         2        16        17        24        49
         2         9        16        17        49
         2         9        16        41        49
         2        16        24        49        56
         2        16        48        49        56
         2        16        41        48        49
         2        17        25        26        58
         2        17        18        26        58
         2        17        18        50        58
         2        17        25        57        58
         2        17        49        57        58
         2        17        49        50        58
         2        18        26        27        59
         2        18        19        27        59
         2        18        19        51        59
         2        18        26        58        59
         2        18        50        58        59
         2        18        50        51        59
         2        19        27        28        60
         2        19        20        28        60
         2        19        20        52        60
         2        19        27        59        60
         2        19        51        59        60
         2        19        51        52        60
         2        20        28        29        61
         2        20        21        29        61
         2        20        21        53        61
         2        20        28        60        61
         2        20        52        60        61
         2        20        52        53        61
         2        21        29        30        62
         2        21        22        30        62
         2        21        22        54        62
         2        21        29        61        62
         2        21        53        61        62
         2        21        53        54        62
         2        22        30        31        63
         2        22        23        31        63
         2        22        23        55        63
         2        22        30        62        63
         2        22        54        62        63
         2        22        54        55        63
         2        23        31        32        64
         2        23        24        32        64
         2        23        24        56        64
         2        23        31        63        64
         2        23        55        63        64
         2        23        55        56        64
         2        24        25        32        57
         2        17        24        25        57
         2        17        24        49        57
         2        24        32        57        64
         2        24        56        57        64
         2        24        49        56        57
         2         1         2        25        34
         2         2        25        26        34
         2        25        26        34        58
         2         1        25        33        34
         2        25        33        34        57
         2        25        34        57        58
         2         2         3        26        35
         2         3        26        27        35
         2        26        27        35        59
         2         2        26        34        35
         2        26        34        35        58
         2        26        35        58        59
         2         3         4        27        36
         2         4        27        28        36
         2        27        28        36        60
         2         3        27        35        36
         2        27        35        36        59
         2        27        36        59        60
         2         4         5        28        37
         2         5        28        29        37
         2        28        29        37        61
         2         4        28        36        37
         2        28        36        37        60
         2        28        37        60        61
         2         5         6        29        38
         2         6        29        30        38
         2        29        30        38        62
         2         5        29        37        38
         2        29        37        38        61
         2        29        38        61        62
         2         6         7        30        39
         2         7        30        31        39
         2        30        31        39        63
         2         6        30        38        39
         2        30        38        39        62
         2        30        39        62        63
         2         7         8        31        40
         2         8        31        32        40
         2        31        32        40        64
         2         7        31        39        40
         2        31        39        40        63
         2        31        40        63        64
         2         1         8        32        33
         2         1        25        32        33
         2        25        32        33        57
         2         8        32        33        40
         2        32        33        40        64
         2        32        33        57        64
         2        33        41        42        55
         2        33        34        42        55
         2        33        34        55        63
         2        33        41        55        56
         2        33        55        56        64
         2        33        55        63        64
         2        34        42        43        54
         2        34        35        43        54
         2        34        35        54        62
         2        34        42        54        55
         2        34        54        55        63
         2        34        54        62        63
         2        35        43        44        53
         2        35        36        44        53
         2        35        36        53        61
         2        35        43        53        54
         2        35        53        54        62
         2        35        53        61        62
         2        36        44        45        52
         2        36        37        45        52
         2        36        37        52        60
         2        36        44        52        53
         2        36        52        53        61
         2        36        52        60        61
         2        37        45        46        51
         2        37        38        46        51
         2        37        38        51        59
         2        37        45        51        52
         2        37        51        52        60
         2        37        51        59        60
         2        38        46        47        50
         2        38        39        47        50
         2        38        39        50        58
         2        38        46        50        51
         2        38        50        51        59
         2        38        50        58        59
         2        39        47        48        49
         2        39        40        48        49
         2        39        40        49        57
         2        39        47        49        50
         2        39        49        50        58
         2        39        49        57        58
         2        40        41        48        56
         2        33        40        41        56
         2        33        40        56        64
         2        40        48        49        56
         2        40        49        56        57
         2        40        56        57        64
         2        41        47        49        50
         2        41        42        47        50
         2        41        42        47        55
         2        41        47        48        49
         2        41        47        48        56
         2        41        47        55        56
         2        42        46        50        51
         2        42        43        46        51
         2        42        43        46        54
         2        42        46        47        50
         2        42        46        47        55
         2        42        46        54        55
         2        43        45        51        52
         2        43        44        45        52
         2        43        44        45        53
         2        43        45        46        51
         2        43        45        46        54
         2        43        45        53        54
         2        44        44        52        53
         2        44        44        45        53
         2        44        44        45        52
         2        48        48        49        56
         2        41        48        48        49
         2        41        48        48        56
         2        33        34        57        63
         2        34        57        58        63
         2        39        57        58        63
         2        33        57        63        64
         2        40        57        63        64
         2        39        40        57        63
         2        34        35        58        62
         2        35        58        59        62
         2        38        58        59        62
         2        34        58        62        63
         2        39        58        62        63
         2        38        39        58        62
         2        35        36        59        61
         2        36        59        60        61
         2        37        59        60        61
         2        35        59        61        62
         2        38        59        61        62
         2        37        38        59        61
         2        36        37        60        60
         2        37        60        60        61
         2        36        60        60        61
         2        33        40        64        64
         2        33        57        64        64
         2        40        57        64        64
         2        10        23        24        32
         2        10        23        31        32
         2         2        10        31        32
         2         9        10        24        32
         2         1         9        10        32
         2         1         2        10        32
         2        11        22        23        31
         2        11        22        30        31
         2         3        11        30        31
         2        10        11        23        31
         2         2        10        11        31
         2         2         3        11        31
         2        12        21        22        30
         2        12        21        29        30
         2         4        12        29        30
         2        11        12        22        30
         2         3        11        12        30
         2         3         4        12        30
         2        13        20        21        29
         2        13        20        28        29
         2         5        13        28        29
         2        12        13        21        29
         2         4        12        13        29
         2         4         5        13        29
         2        14        19        20        28
         2        14        19        27        28
         2         6        14        27        28
         2        13        14        20        28
         2         5        13        14        28
         2         5         6        14        28
         2        15        18        19        27
         2        15        18        26        27
         2         7        15        26        27
         2        14        15        19        27
         2         6        14        15        27
         2         6         7        15        27
         2        16        17        18        26
         2        16        17        25        26
         2         8        16        25        26
         2        15        16        18        26
         2         7        15        16        26
         2         7         8        16        26
         2         9        17        24        25
         2         9        24        25        32
         2         1         9        25        32
         2         9        16        17        25
         2         8         9        16        25
         2         1         8         9        25
         2        15        16        18        24
         2        15        18        23        24
         2        10        18        23        24
         2        16        17        18        24
         2         9        17        18        24
         2         9        10        18        24
         2        14        15        19        23
         2        14        19        22        23
         2        11        19        22        23
         2        15        18        19        23
         2        10        18        19        23
         2        10        11        19        23
         2        13        14        20        22
         2        13        20        21        22
         2        12        20        21        22
         2        14        19        20        22
         2        11        19        20        22
         2        11        12        20        22
         2        12        13        21        21
         2        12        20        21        21
         2        13        20        21        21
         2         9        16        17        17
         2        16        17        17        24
         2         9        17        17        24
         2         2         8        31        32
         2         2         7         8        31
         2         2         7         8        26
         2         1         2         8        32
         2         1         2         8        25
         2         2         8        25        26
         2         3         7        30        31
         2         3         6         7        30
         2         3         6         7        27
         2         2         3         7        31
         2         2         3         7        26
         2         3         7        26        27
         2         4         6        29        30
         2         4         5         6        29
         2         4         5         6        28
         2         3         4         6        30
         2         3         4         6        27
         2         4         6        27        28
         2         5         5        28        29
         2         4         5         5        28
         2         4         5         5        29
         2         1         1        25        32
         2         1         1         8        32
         2         1         1         8        25
