Automatically generated mesh
      56
Reciprocal lattice
    0.00000000000000    0.00000000000000    0.00000000000000             1
    0.16666666666667    0.00000000000000    0.00000000000000             2
    0.33333333333333    0.00000000000000    0.00000000000000             2
    0.50000000000000    0.00000000000000    0.00000000000000             1
    0.00000000000000    0.16666666666667    0.00000000000000             2
    0.16666666666667    0.16666666666667    0.00000000000000             2
    0.33333333333333    0.16666666666667    0.00000000000000             2
    0.50000000000000    0.16666666666667    0.00000000000000             2
   -0.33333333333333    0.16666666666667    0.00000000000000             2
   -0.16666666666667    0.16666666666667    0.00000000000000             2
    0.00000000000000    0.33333333333333    0.00000000000000             2
    0.16666666666667    0.33333333333333    0.00000000000000             2
    0.33333333333333    0.33333333333333    0.00000000000000             2
    0.50000000000000    0.33333333333333    0.00000000000000             2
   -0.33333333333333    0.33333333333333    0.00000000000000             2
   -0.16666666666667    0.33333333333333    0.00000000000000             2
    0.00000000000000    0.50000000000000    0.00000000000000             1
    0.16666666666667    0.50000000000000    0.00000000000000             2
    0.33333333333333    0.50000000000000    0.00000000000000             2
    0.50000000000000    0.50000000000000    0.00000000000000             1
    0.00000000000000    0.00000000000000    0.33333333333333             2
    0.16666666666667    0.00000000000000    0.33333333333333             2
    0.33333333333333    0.00000000000000    0.33333333333333             2
    0.50000000000000    0.00000000000000    0.33333333333333             2
   -0.33333333333333    0.00000000000000    0.33333333333333             2
   -0.16666666666667    0.00000000000000    0.33333333333333             2
    0.00000000000000    0.16666666666667    0.33333333333333             2
    0.16666666666667    0.16666666666667    0.33333333333333             2
    0.33333333333333    0.16666666666667    0.33333333333333             2
    0.50000000000000    0.16666666666667    0.33333333333333             2
   -0.33333333333333    0.16666666666667    0.33333333333333             2
   -0.16666666666667    0.16666666666667    0.33333333333333             2
    0.00000000000000    0.33333333333333    0.33333333333333             2
    0.16666666666667    0.33333333333333    0.33333333333333             2
    0.33333333333333    0.33333333333333    0.33333333333333             2
    0.50000000000000    0.33333333333333    0.33333333333333             2
   -0.33333333333333    0.33333333333333    0.33333333333333             2
   -0.16666666666667    0.33333333333333    0.33333333333333             2
    0.00000000000000    0.50000000000000    0.33333333333333             2
    0.16666666666667    0.50000000000000    0.33333333333333             2
    0.33333333333333    0.50000000000000    0.33333333333333             2
    0.50000000000000    0.50000000000000    0.33333333333333             2
   -0.33333333333333    0.50000000000000    0.33333333333333             2
   -0.16666666666667    0.50000000000000    0.33333333333333             2
    0.00000000000000   -0.33333333333333    0.33333333333333             2
    0.16666666666667   -0.33333333333333    0.33333333333333             2
    0.33333333333333   -0.33333333333333    0.33333333333333             2
    0.50000000000000   -0.33333333333333    0.33333333333333             2
   -0.33333333333333   -0.33333333333333    0.33333333333333             2
   -0.16666666666667   -0.33333333333333    0.33333333333333             2
    0.00000000000000   -0.16666666666667    0.33333333333333             2
    0.16666666666667   -0.16666666666667    0.33333333333333             2
    0.33333333333333   -0.16666666666667    0.33333333333333             2
    0.50000000000000   -0.16666666666667    0.33333333333333             2
   -0.33333333333333   -0.16666666666667    0.33333333333333             2
   -0.16666666666667   -0.16666666666667    0.33333333333333             2
Tetrahedra
       324    0.00154320987654
         2         1         2         6        21
         2         1         5         6        21
         2         5         6        21        27
         2         2         6        21        22
         2         6        21        22        28
         2         6        21        27        28
         2         2         3         7        22
         2         2         6         7        22
         2         6         7        22        28
         2         3         7        22        23
         2         7        22        23        29
         2         7        22        28        29
         2         3         4         8        23
         2         3         7         8        23
         2         7         8        23        29
         2         4         8        23        24
         2         8        23        24        30
         2         8        23        29        30
         2         3         4         9        24
         2         4         8         9        24
         2         8         9        24        30
         2         3         9        24        25
         2         9        24        25        31
         2         9        24        30        31
         2         2         3        10        25
         2         3         9        10        25
         2         9        10        25        31
         2         2        10        25        26
         2        10        25        26        32
         2        10        25        31        32
         2         1         2         5        26
         2         2         5        10        26
         2         5        10        26        32
         2         1         5        21        26
         2         5        21        26        27
         2         5        26        27        32
         2         5         6        12        27
         2         5        11        12        27
         2        11        12        27        33
         2         6        12        27        28
         2        12        27        28        34
         2        12        27        33        34
         2         6         7        13        28
         2         6        12        13        28
         2        12        13        28        34
         2         7        13        28        29
         2        13        28        29        35
         2        13        28        34        35
         2         7         8        14        29
         2         7        13        14        29
         2        13        14        29        35
         2         8        14        29        30
         2        14        29        30        36
         2        14        29        35        36
         2         8         9        15        30
         2         8        14        15        30
         2        14        15        30        36
         2         9        15        30        31
         2        15        30        31        37
         2        15        30        36        37
         2         9        10        16        31
         2         9        15        16        31
         2        15        16        31        37
         2        10        16        31        32
         2        16        31        32        38
         2        16        31        37        38
         2         5        10        11        32
         2        10        11        16        32
         2        11        16        32        38
         2         5        11        27        32
         2        11        27        32        33
         2        11        32        33        38
         2        11        12        18        33
         2        11        17        18        33
         2        17        18        33        39
         2        12        18        33        34
         2        18        33        34        40
         2        18        33        39        40
         2        12        13        19        34
         2        12        18        19        34
         2        18        19        34        40
         2        13        19        34        35
         2        19        34        35        41
         2        19        34        40        41
         2        13        14        20        35
         2        13        19        20        35
         2        19        20        35        41
         2        14        20        35        36
         2        20        35        36        42
         2        20        35        41        42
         2        14        15        19        36
         2        14        19        20        36
         2        19        20        36        42
         2        15        19        36        37
         2        19        36        37        43
         2        19        36        42        43
         2        15        16        18        37
         2        15        18        19        37
         2        18        19        37        43
         2        16        18        37        38
         2        18        37        38        44
         2        18        37        43        44
         2        11        16        17        38
         2        16        17        18        38
         2        17        18        38        44
         2        11        17        33        38
         2        17        33        38        39
         2        17        38        39        44
         2        16        17        18        39
         2        11        16        17        39
         2        11        16        39        45
         2        16        18        39        40
         2        16        39        40        46
         2        16        39        45        46
         2        15        18        19        40
         2        15        16        18        40
         2        15        16        40        46
         2        15        19        40        41
         2        15        40        41        47
         2        15        40        46        47
         2        14        19        20        41
         2        14        15        19        41
         2        14        15        41        47
         2        14        20        41        42
         2        14        41        42        48
         2        14        41        47        48
         2        13        19        20        42
         2        13        14        20        42
         2        13        14        42        48
         2        13        19        42        43
         2        13        42        43        49
         2        13        42        48        49
         2        12        18        19        43
         2        12        13        19        43
         2        12        13        43        49
         2        12        18        43        44
         2        12        43        44        50
         2        12        43        49        50
         2        11        17        18        44
         2        11        12        18        44
         2        11        12        44        50
         2        11        17        39        44
         2        11        39        44        45
         2        11        44        45        50
         2        10        11        16        45
         2         5        10        11        45
         2         5        10        45        51
         2        10        16        45        46
         2        10        45        46        52
         2        10        45        51        52
         2         9        15        16        46
         2         9        10        16        46
         2         9        10        46        52
         2         9        15        46        47
         2         9        46        47        53
         2         9        46        52        53
         2         8        14        15        47
         2         8         9        15        47
         2         8         9        47        53
         2         8        14        47        48
         2         8        47        48        54
         2         8        47        53        54
         2         7        13        14        48
         2         7         8        14        48
         2         7         8        48        54
         2         7        13        48        49
         2         7        48        49        55
         2         7        48        54        55
         2         6        12        13        49
         2         6         7        13        49
         2         6         7        49        55
         2         6        12        49        50
         2         6        49        50        56
         2         6        49        55        56
         2         5        11        12        50
         2         5         6        12        50
         2         5         6        50        56
         2         5        11        45        50
         2         5        45        50        51
         2         5        50        51        56
         2         2         5        10        51
         2         1         2         5        51
         2         1         2        21        51
         2         2        10        51        52
         2         2        22        51        52
         2         2        21        22        51
         2         3         9        10        52
         2         2         3        10        52
         2         2         3        22        52
         2         3         9        52        53
         2         3        23        52        53
         2         3        22        23        52
         2         4         8         9        53
         2         3         4         9        53
         2         3         4        23        53
         2         4         8        53        54
         2         4        24        53        54
         2         4        23        24        53
         2         3         7         8        54
         2         3         4         8        54
         2         3         4        24        54
         2         3         7        54        55
         2         3        25        54        55
         2         3        24        25        54
         2         2         6         7        55
         2         2         3         7        55
         2         2         3        25        55
         2         2         6        55        56
         2         2        26        55        56
         2         2        25        26        55
         2         1         5         6        56
         2         1         2         6        56
         2         1         2        26        56
         2         1         5        51        56
         2         1        21        51        56
         2         1        21        26        56
         2        21        21        22        28
         2        21        21        27        28
         2        21        27        28        51
         2        21        22        26        28
         2        21        26        28        56
         2        21        28        51        56
         2        22        23        26        29
         2        22        26        28        29
         2        26        28        29        56
         2        23        25        26        29
         2        25        26        29        55
         2        26        29        55        56
         2        23        24        25        30
         2        23        25        29        30
         2        25        29        30        55
         2        24        24        25        30
         2        24        25        30        54
         2        25        30        54        55
         2        24        24        25        31
         2        24        24        30        31
         2        24        30        31        54
         2        23        24        25        31
         2        23        24        31        53
         2        24        31        53        54
         2        23        25        26        32
         2        23        25        31        32
         2        23        31        32        53
         2        22        23        26        32
         2        22        23        32        52
         2        23        32        52        53
         2        21        22        26        27
         2        22        26        27        32
         2        22        27        32        52
         2        21        21        22        27
         2        21        22        27        51
         2        22        27        51        52
         2        27        28        34        51
         2        27        33        34        51
         2        33        34        45        51
         2        28        34        51        56
         2        34        50        51        56
         2        34        45        50        51
         2        28        29        35        56
         2        28        34        35        56
         2        34        35        50        56
         2        29        35        55        56
         2        35        49        55        56
         2        35        49        50        56
         2        29        30        36        55
         2        29        35        36        55
         2        35        36        49        55
         2        30        36        54        55
         2        36        48        54        55
         2        36        48        49        55
         2        30        31        37        54
         2        30        36        37        54
         2        36        37        48        54
         2        31        37        53        54
         2        37        47        53        54
         2        37        47        48        54
         2        31        32        38        53
         2        31        37        38        53
         2        37        38        47        53
         2        32        38        52        53
         2        38        46        52        53
         2        38        46        47        53
         2        27        32        33        52
         2        32        33        38        52
         2        33        38        46        52
         2        27        33        51        52
         2        33        45        51        52
         2        33        45        46        52
         2        33        34        40        45
         2        33        39        40        45
         2        39        39        40        45
         2        34        40        45        50
         2        40        44        45        50
         2        39        40        44        45
         2        34        35        41        50
         2        34        40        41        50
         2        40        41        44        50
         2        35        41        49        50
         2        41        43        49        50
         2        41        43        44        50
         2        35        36        42        49
         2        35        41        42        49
         2        41        42        43        49
         2        36        42        48        49
         2        42        42        48        49
         2        42        42        43        49
         2        36        37        43        48
         2        36        42        43        48
         2        42        42        43        48
         2        37        43        47        48
         2        41        43        47        48
         2        41        42        43        48
         2        37        38        44        47
         2        37        43        44        47
         2        41        43        44        47
         2        38        44        46        47
         2        40        44        46        47
         2        40        41        44        47
         2        33        38        39        46
         2        38        39        44        46
         2        39        40        44        46
         2        33        39        45        46
         2        39        39        45        46
         2        39        39        40        46
