Automatically generated mesh
      19
Reciprocal lattice
    0.00000000000000    0.00000000000000    0.00000000000000             1
    0.25000000000000    0.00000000000000    0.00000000000000             2
    0.50000000000000    0.00000000000000    0.00000000000000             1
    0.00000000000000    0.33333333333333    0.00000000000000             2
    0.25000000000000    0.33333333333333    0.00000000000000             2
    0.50000000000000    0.33333333333333    0.00000000000000             2
   -0.25000000000000    0.33333333333333    0.00000000000000             2
    0.00000000000000    0.00000000000000    0.33333333333333             2
    0.25000000000000    0.00000000000000    0.33333333333333             2
    0.50000000000000    0.00000000000000    0.33333333333333             2
   -0.25000000000000    0.00000000000000    0.33333333333333             2
    0.00000000000000    0.33333333333333    0.33333333333333             2
    0.25000000000000    0.33333333333333    0.33333333333333             2
    0.50000000000000    0.33333333333333    0.33333333333333             2
   -0.25000000000000    0.33333333333333    0.33333333333333             2
    0.00000000000000   -0.33333333333333    0.33333333333333             2
    0.25000000000000   -0.33333333333333    0.33333333333333             2
    0.50000000000000   -0.33333333333333    0.33333333333333             2
   -0.25000000000000   -0.33333333333333    0.33333333333333             2
Tetrahedra
       106    0.00462962962963
         2         1         2         5         8
         2         1         4         5         8
         2         4         5         8        12
         2         2         5         8         9
         2         5         8         9        13
         2         5         8        12        13
         2         2         3         6         9
         2         2         5         6         9
         2         5         6         9        13
         2         3         6         9        10
         2         6         9        10        14
         2         6         9        13        14
         2         2         3         7        10
         2         3         6         7        10
         2         6         7        10        14
         2         2         7        10        11
         2         7        10        11        15
         2         7        10        14        15
         2         1         2         4        11
         2         2         4         7        11
         2         4         7        11        15
         2         1         4         8        11
         2         4         8        11        12
         2         4        11        12        15
         2         4         5         7        12
         2         4         4         7        12
         2         4         7        12        16
         2         5         7        12        13
         2         7        12        13        17
         2         7        12        16        17
         2         5         6         6        13
         2         5         6         7        13
         2         6         7        13        17
         2         6         6        13        14
         2         6        13        14        18
         2         6        13        17        18
         2         5         6         7        14
         2         5         6         6        14
         2         5         6        14        18
         2         5         7        14        15
         2         5        14        15        19
         2         5        14        18        19
         2         4         4         7        15
         2         4         5         7        15
         2         4         5        15        19
         2         4         4        12        15
         2         4        12        15        16
         2         4        15        16        19
         2         2         4         7        16
         2         1         2         4        16
         2         1         2         8        16
         2         2         7        16        17
         2         2         9        16        17
         2         2         8         9        16
         2         3         6         7        17
         2         2         3         7        17
         2         2         3         9        17
         2         3         6        17        18
         2         3        10        17        18
         2         3         9        10        17
         2         2         5         6        18
         2         2         3         6        18
         2         2         3        10        18
         2         2         5        18        19
         2         2        11        18        19
         2         2        10        11        18
         2         1         4         5        19
         2         1         2         5        19
         2         1         2        11        19
         2         1         4        16        19
         2         1         8        16        19
         2         1         8        11        19
         2         8         8         9        13
         2         8         8        12        13
         2         8        12        13        16
         2         8         9        11        13
         2         8        11        13        19
         2         8        13        16        19
         2         9        10        11        14
         2         9        11        13        14
         2        11        13        14        19
         2        10        10        11        14
         2        10        11        14        18
         2        11        14        18        19
         2        10        10        11        15
         2        10        10        14        15
         2        10        14        15        18
         2         9        10        11        15
         2         9        10        15        17
         2        10        15        17        18
         2         8         9        11        12
         2         9        11        12        15
         2         9        12        15        17
         2         8         8         9        12
         2         8         9        12        16
         2         9        12        16        17
         2        12        13        16        17
         4        12        16        16        17
         2        13        16        17        19
         2        15        16        17        19
         2        12        15        16        17
         2        13        14        18        19
         2        13        17        18        19
         2        15        17        18        19
         4        14        18        18        19
         2        14        15        18        19
