Automatically generated mesh
      50
Reciprocal lattice
    0.00000000000000    0.00000000000000    0.00000000000000             1
    0.12500000000000    0.00000000000000    0.00000000000000             2
    0.25000000000000    0.00000000000000    0.00000000000000             2
    0.37500000000000    0.00000000000000    0.00000000000000             2
    0.50000000000000    0.00000000000000    0.00000000000000             1
    0.00000000000000    0.33333333333333    0.00000000000000             2
    0.12500000000000    0.33333333333333    0.00000000000000             2
    0.25000000000000    0.33333333333333    0.00000000000000             2
    0.37500000000000    0.33333333333333    0.00000000000000             2
    0.50000000000000    0.33333333333333    0.00000000000000             2
   -0.37500000000000    0.33333333333333    0.00000000000000             2
   -0.25000000000000    0.33333333333333    0.00000000000000             2
   -0.12500000000000    0.33333333333333    0.00000000000000             2
    0.00000000000000    0.00000000000000    0.25000000000000             2
    0.12500000000000    0.00000000000000    0.25000000000000             2
    0.25000000000000    0.00000000000000    0.25000000000000             2
    0.37500000000000    0.00000000000000    0.25000000000000             2
    0.50000000000000    0.00000000000000    0.25000000000000             2
   -0.37500000000000    0.00000000000000    0.25000000000000             2
   -0.25000000000000    0.00000000000000    0.25000000000000             2
   -0.12500000000000    0.00000000000000    0.25000000000000             2
    0.00000000000000    0.33333333333333    0.25000000000000             2
    0.12500000000000    0.33333333333333    0.25000000000000             2
    0.25000000000000    0.33333333333333    0.25000000000000             2
    0.37500000000000    0.33333333333333    0.25000000000000             2
    0.50000000000000    0.33333333333333    0.25000000000000             2
   -0.37500000000000    0.33333333333333    0.25000000000000             2
   -0.25000000000000    0.33333333333333    0.25000000000000             2
   -0.12500000000000    0.33333333333333    0.25000000000000             2
    0.00000000000000   -0.33333333333333    0.25000000000000             2
    0.12500000000000   -0.33333333333333    0.25000000000000             2
    0.25000000000000   -0.33333333333333    0.25000000000000             2
    0.37500000000000   -0.33333333333333    0.25000000000000             2
    0.50000000000000   -0.33333333333333    0.25000000000000             2
   -0.37500000000000   -0.33333333333333    0.25000000000000             2
   -0.25000000000000   -0.33333333333333    0.25000000000000             2
   -0.12500000000000   -0.33333333333333    0.25000000000000             2
    0.00000000000000    0.00000000000000    0.50000000000000             1
    0.12500000000000    0.00000000000000    0.50000000000000             2
    0.25000000000000    0.00000000000000    0.50000000000000             2
    0.37500000000000    0.00000000000000    0.50000000000000             2
    0.50000000000000    0.00000000000000    0.50000000000000             1
    0.00000000000000    0.33333333333333    0.50000000000000             2
    0.12500000000000    0.33333333333333    0.50000000000000             2
    0.25000000000000    0.33333333333333    0.50000000000000             2
    0.37500000000000    0.33333333333333    0.50000000000000             2
    0.50000000000000    0.33333333333333    0.50000000000000             2
   -0.37500000000000    0.33333333333333    0.50000000000000             2
   -0.25000000000000    0.33333333333333    0.50000000000000             2
   -0.12500000000000    0.33333333333333    0.50000000000000             2
Tetrahedra
       288    0.00173611111111
         2         1         2         6        15
         2         2         6         7        15
         2         6         7        15        23
         2         1         6        14        15
         2         6        14        15        22
         2         6        15        22        23
         2         2         3         7        16
         2         3         7         8        16
         2         7         8        16        24
         2         2         7        15        16
         2         7        15        16        23
         2         7        16        23        24
         2         3         4         8        17
         2         4         8         9        17
         2         8         9        17        25
         2         3         8        16        17
         2         8        16        17        24
         2         8        17        24        25
         2         4         5         9        18
         2         5         9        10        18
         2         9        10        18        26
         2         4         9        17        18
         2         9        17        18        25
         2         9        18        25        26
         2         4         5        10        19
         2         4        10        11        19
         2        10        11        19        27
         2         5        10        18        19
         2        10        18        19        26
         2        10        19        26        27
         2         3         4        11        20
         2         3        11        12        20
         2        11        12        20        28
         2         4        11        19        20
         2        11        19        20        27
         2        11        20        27        28
         2         2         3        12        21
         2         2        12        13        21
         2        12        13        21        29
         2         3        12        20        21
         2        12        20        21        28
         2        12        21        28        29
         2         1         2        13        14
         2         1         6        13        14
         2         6        13        14        22
         2         2        13        14        21
         2        13        14        21        29
         2        13        14        22        29
         2         6         6         7        23
         2         6         7        13        23
         2         6        13        23        31
         2         6         6        22        23
         2         6        22        23        30
         2         6        23        30        31
         2         7         8        13        24
         2         8        12        13        24
         2        12        13        24        32
         2         7        13        23        24
         2        13        23        24        31
         2        13        24        31        32
         2         8         9        12        25
         2         9        11        12        25
         2        11        12        25        33
         2         8        12        24        25
         2        12        24        25        32
         2        12        25        32        33
         2         9        10        11        26
         2        10        10        11        26
         2        10        11        26        34
         2         9        11        25        26
         2        11        25        26        33
         2        11        26        33        34
         2        10        10        11        27
         2         9        10        11        27
         2         9        10        27        35
         2        10        10        26        27
         2        10        26        27        34
         2        10        27        34        35
         2         9        11        12        28
         2         8         9        12        28
         2         8         9        28        36
         2         9        11        27        28
         2         9        27        28        35
         2         9        28        35        36
         2         8        12        13        29
         2         7         8        13        29
         2         7         8        29        37
         2         8        12        28        29
         2         8        28        29        36
         2         8        29        36        37
         2         6         7        13        22
         2         6         6         7        22
         2         6         7        22        30
         2         7        13        22        29
         2         7        22        29        37
         2         7        22        30        37
         2         1         6        13        31
         2         1         2        13        31
         2         1         2        15        31
         2         1         6        30        31
         2         1        14        30        31
         2         1        14        15        31
         2         2        12        13        32
         2         2         3        12        32
         2         2         3        16        32
         2         2        13        31        32
         2         2        15        31        32
         2         2        15        16        32
         2         3        11        12        33
         2         3         4        11        33
         2         3         4        17        33
         2         3        12        32        33
         2         3        16        32        33
         2         3        16        17        33
         2         4        10        11        34
         2         4         5        10        34
         2         4         5        18        34
         2         4        11        33        34
         2         4        17        33        34
         2         4        17        18        34
         2         5         9        10        35
         2         4         5         9        35
         2         4         5        19        35
         2         5        10        34        35
         2         5        18        34        35
         2         5        18        19        35
         2         4         8         9        36
         2         3         4         8        36
         2         3         4        20        36
         2         4         9        35        36
         2         4        19        35        36
         2         4        19        20        36
         2         3         7         8        37
         2         2         3         7        37
         2         2         3        21        37
         2         3         8        36        37
         2         3        20        36        37
         2         3        20        21        37
         2         2         6         7        30
         2         1         2         6        30
         2         1         2        14        30
         2         2         7        30        37
         2         2        21        30        37
         2         2        14        21        30
         2        14        15        22        39
         2        15        22        23        39
         2        22        23        39        44
         2        14        22        38        39
         2        22        38        39        43
         2        22        39        43        44
         2        15        16        23        40
         2        16        23        24        40
         2        23        24        40        45
         2        15        23        39        40
         2        23        39        40        44
         2        23        40        44        45
         2        16        17        24        41
         2        17        24        25        41
         2        24        25        41        46
         2        16        24        40        41
         2        24        40        41        45
         2        24        41        45        46
         2        17        18        25        42
         2        18        25        26        42
         2        25        26        42        47
         2        17        25        41        42
         2        25        41        42        46
         2        25        42        46        47
         2        18        19        26        41
         2        19        26        27        41
         2        26        27        41        48
         2        18        26        41        42
         2        26        41        42        47
         2        26        41        47        48
         2        19        20        27        40
         2        20        27        28        40
         2        27        28        40        49
         2        19        27        40        41
         2        27        40        41        48
         2        27        40        48        49
         2        20        21        28        39
         2        21        28        29        39
         2        28        29        39        50
         2        20        28        39        40
         2        28        39        40        49
         2        28        39        49        50
         2        14        21        29        38
         2        14        22        29        38
         2        22        29        38        43
         2        21        29        38        39
         2        29        38        39        50
         2        29        38        43        50
         2        22        23        30        44
         2        23        30        31        44
         2        30        31        44        50
         2        22        30        43        44
         2        30        43        43        44
         2        30        43        44        50
         2        23        24        31        45
         2        24        31        32        45
         2        31        32        45        49
         2        23        31        44        45
         2        31        44        45        50
         2        31        45        49        50
         2        24        25        32        46
         2        25        32        33        46
         2        32        33        46        48
         2        24        32        45        46
         2        32        45        46        49
         2        32        46        48        49
         2        25        26        33        47
         2        26        33        34        47
         2        33        34        47        47
         2        25        33        46        47
         2        33        46        47        48
         2        33        47        47        48
         2        26        27        34        48
         2        27        34        35        48
         2        34        35        46        48
         2        26        34        47        48
         2        34        47        47        48
         2        34        46        47        48
         2        27        28        35        49
         2        28        35        36        49
         2        35        36        45        49
         2        27        35        48        49
         2        35        46        48        49
         2        35        45        46        49
         2        28        29        36        50
         2        29        36        37        50
         2        36        37        44        50
         2        28        36        49        50
         2        36        45        49        50
         2        36        44        45        50
         2        22        29        37        43
         2        22        30        37        43
         2        30        37        43        43
         2        29        37        43        50
         2        37        43        44        50
         2        37        43        43        44
         2        14        30        31        50
         2        14        15        31        50
         2        14        15        39        50
         2        14        30        43        50
         2        14        38        43        50
         2        14        38        39        50
         2        15        31        32        49
         2        15        16        32        49
         2        15        16        40        49
         2        15        31        49        50
         2        15        39        49        50
         2        15        39        40        49
         2        16        32        33        48
         2        16        17        33        48
         2        16        17        41        48
         2        16        32        48        49
         2        16        40        48        49
         2        16        40        41        48
         2        17        33        34        47
         2        17        18        34        47
         2        17        18        42        47
         2        17        33        47        48
         2        17        41        47        48
         2        17        41        42        47
         2        18        34        35        46
         2        18        19        35        46
         2        18        19        41        46
         2        18        34        46        47
         2        18        42        46        47
         2        18        41        42        46
         2        19        35        36        45
         2        19        20        36        45
         2        19        20        40        45
         2        19        35        45        46
         2        19        41        45        46
         2        19        40        41        45
         2        20        36        37        44
         2        20        21        37        44
         2        20        21        39        44
         2        20        36        44        45
         2        20        40        44        45
         2        20        39        40        44
         2        21        30        37        43
         2        14        21        30        43
         2        14        21        38        43
         2        21        37        43        44
         2        21        39        43        44
         2        21        38        39        43
