Automatically generated mesh
      50
Reciprocal lattice
    0.00000000000000    0.00000000000000    0.00000000000000             1
    0.09090909090909    0.00000000000000    0.00000000000000             2
    0.18181818181818    0.00000000000000    0.00000000000000             2
    0.27272727272727    0.00000000000000    0.00000000000000             2
    0.36363636363636    0.00000000000000    0.00000000000000             2
    0.45454545454546    0.00000000000000    0.00000000000000             2
    0.00000000000000    0.33333333333333    0.00000000000000             2
    0.09090909090909    0.33333333333333    0.00000000000000             2
    0.18181818181818    0.33333333333333    0.00000000000000             2
    0.27272727272727    0.33333333333333    0.00000000000000             2
    0.36363636363636    0.33333333333333    0.00000000000000             2
    0.45454545454546    0.33333333333333    0.00000000000000             2
   -0.45454545454545    0.33333333333333    0.00000000000000             2
   -0.36363636363636    0.33333333333333    0.00000000000000             2
   -0.27272727272727    0.33333333333333    0.00000000000000             2
   -0.18181818181818    0.33333333333333    0.00000000000000             2
   -0.09090909090909    0.33333333333333    0.00000000000000             2
    0.00000000000000    0.00000000000000    0.33333333333333             2
    0.09090909090909    0.00000000000000    0.33333333333333             2
    0.18181818181818    0.00000000000000    0.33333333333333             2
    0.27272727272727    0.00000000000000    0.33333333333333             2
    0.36363636363636    0.00000000000000    0.33333333333333             2
    0.45454545454546    0.00000000000000    0.33333333333333             2
   -0.45454545454545    0.00000000000000    0.33333333333333             2
   -0.36363636363636    0.00000000000000    0.33333333333333             2
   -0.27272727272727    0.00000000000000    0.33333333333333             2
   -0.18181818181818    0.00000000000000    0.33333333333333             2
   -0.09090909090909    0.00000000000000    0.33333333333333             2
    0.00000000000000    0.33333333333333    0.33333333333333             2
    0.09090909090909    0.33333333333333    0.33333333333333             2
    0.18181818181818    0.33333333333333    0.33333333333333             2
    0.27272727272727    0.33333333333333    0.33333333333333             2
    0.36363636363636    0.33333333333333    0.33333333333333             2
    0.45454545454546    0.33333333333333    0.33333333333333             2
   -0.45454545454545    0.33333333333333    0.33333333333333             2
   -0.36363636363636    0.33333333333333    0.33333333333333             2
   -0.27272727272727    0.33333333333333    0.33333333333333             2
   -0.18181818181818    0.33333333333333    0.33333333333333             2
   -0.09090909090909    0.33333333333333    0.33333333333333             2
    0.00000000000000   -0.33333333333333    0.33333333333333             2
    0.09090909090909   -0.33333333333333    0.33333333333333             2
    0.18181818181818   -0.33333333333333    0.33333333333333             2
    0.27272727272727   -0.33333333333333    0.33333333333333             2
    0.36363636363636   -0.33333333333333    0.33333333333333             2
    0.45454545454546   -0.33333333333333    0.33333333333333             2
   -0.45454545454545   -0.33333333333333    0.33333333333333             2
   -0.36363636363636   -0.33333333333333    0.33333333333333             2
   -0.27272727272727   -0.33333333333333    0.33333333333333             2
   -0.18181818181818   -0.33333333333333    0.33333333333333             2
   -0.09090909090909   -0.33333333333333    0.33333333333333             2
Tetrahedra
       294    0.00168350168350
         2         1         2         8        18
         2         1         7         8        18
         2         7         8        18        29
         2         2         8        18        19
         2         8        18        19        30
         2         8        18        29        30
         2         2         3         9        19
         2         2         8         9        19
         2         8         9        19        30
         2         3         9        19        20
         2         9        19        20        31
         2         9        19        30        31
         2         3         4        10        20
         2         3         9        10        20
         2         9        10        20        31
         2         4        10        20        21
         2        10        20        21        32
         2        10        20        31        32
         2         4         5        11        21
         2         4        10        11        21
         2        10        11        21        32
         2         5        11        21        22
         2        11        21        22        33
         2        11        21        32        33
         2         5         6        12        22
         2         5        11        12        22
         2        11        12        22        33
         2         6        12        22        23
         2        12        22        23        34
         2        12        22        33        34
         2         6         6        13        23
         2         6        12        13        23
         2        12        13        23        34
         2         6        13        23        24
         2        13        23        24        35
         2        13        23        34        35
         2         5         6        14        24
         2         6        13        14        24
         2        13        14        24        35
         2         5        14        24        25
         2        14        24        25        36
         2        14        24        35        36
         2         4         5        15        25
         2         5        14        15        25
         2        14        15        25        36
         2         4        15        25        26
         2        15        25        26        37
         2        15        25        36        37
         2         3         4        16        26
         2         4        15        16        26
         2        15        16        26        37
         2         3        16        26        27
         2        16        26        27        38
         2        16        26        37        38
         2         2         3        17        27
         2         3        16        17        27
         2        16        17        27        38
         2         2        17        27        28
         2        17        27        28        39
         2        17        27        38        39
         2         1         2         7        28
         2         2         7        17        28
         2         7        17        28        39
         2         1         7        18        28
         2         7        18        28        29
         2         7        28        29        39
         2         7         8        17        29
         2         7         7        17        29
         2         7        17        29        40
         2         8        17        29        30
         2        17        29        30        41
         2        17        29        40        41
         2         8         9        16        30
         2         8        16        17        30
         2        16        17        30        41
         2         9        16        30        31
         2        16        30        31        42
         2        16        30        41        42
         2         9        10        15        31
         2         9        15        16        31
         2        15        16        31        42
         2        10        15        31        32
         2        15        31        32        43
         2        15        31        42        43
         2        10        11        14        32
         2        10        14        15        32
         2        14        15        32        43
         2        11        14        32        33
         2        14        32        33        44
         2        14        32        43        44
         2        11        12        13        33
         2        11        13        14        33
         2        13        14        33        44
         2        12        13        33        34
         2        13        33        34        45
         2        13        33        44        45
         4        12        12        13        34
         2        12        13        34        45
         2        12        13        34        35
         2        12        34        35        46
         2        12        34        45        46
         2        11        13        14        35
         2        11        12        13        35
         2        11        12        35        46
         2        11        14        35        36
         2        11        35        36        47
         2        11        35        46        47
         2        10        14        15        36
         2        10        11        14        36
         2        10        11        36        47
         2        10        15        36        37
         2        10        36        37        48
         2        10        36        47        48
         2         9        15        16        37
         2         9        10        15        37
         2         9        10        37        48
         2         9        16        37        38
         2         9        37        38        49
         2         9        37        48        49
         2         8        16        17        38
         2         8         9        16        38
         2         8         9        38        49
         2         8        17        38        39
         2         8        38        39        50
         2         8        38        49        50
         2         7         7        17        39
         2         7         8        17        39
         2         7         8        39        50
         2         7         7        29        39
         2         7        29        39        40
         2         7        39        40        50
         2         2         7        17        40
         2         1         2         7        40
         2         1         2        18        40
         2         2        17        40        41
         2         2        19        40        41
         2         2        18        19        40
         2         3        16        17        41
         2         2         3        17        41
         2         2         3        19        41
         2         3        16        41        42
         2         3        20        41        42
         2         3        19        20        41
         2         4        15        16        42
         2         3         4        16        42
         2         3         4        20        42
         2         4        15        42        43
         2         4        21        42        43
         2         4        20        21        42
         2         5        14        15        43
         2         4         5        15        43
         2         4         5        21        43
         2         5        14        43        44
         2         5        22        43        44
         2         5        21        22        43
         2         6        13        14        44
         2         5         6        14        44
         2         5         6        22        44
         2         6        13        44        45
         2         6        23        44        45
         2         6        22        23        44
         2         6        12        13        45
         2         6         6        13        45
         2         6         6        23        45
         2         6        12        45        46
         2         6        24        45        46
         2         6        23        24        45
         2         5        11        12        46
         2         5         6        12        46
         2         5         6        24        46
         2         5        11        46        47
         2         5        25        46        47
         2         5        24        25        46
         2         4        10        11        47
         2         4         5        11        47
         2         4         5        25        47
         2         4        10        47        48
         2         4        26        47        48
         2         4        25        26        47
         2         3         9        10        48
         2         3         4        10        48
         2         3         4        26        48
         2         3         9        48        49
         2         3        27        48        49
         2         3        26        27        48
         2         2         8         9        49
         2         2         3         9        49
         2         2         3        27        49
         2         2         8        49        50
         2         2        28        49        50
         2         2        27        28        49
         2         1         7         8        50
         2         1         2         8        50
         2         1         2        28        50
         2         1         7        40        50
         2         1        18        40        50
         2         1        18        28        50
         2        18        18        19        30
         2        18        18        29        30
         2        18        29        30        40
         2        18        19        28        30
         2        18        28        30        50
         2        18        30        40        50
         2        19        20        28        31
         2        19        28        30        31
         2        28        30        31        50
         2        20        27        28        31
         2        27        28        31        49
         2        28        31        49        50
         2        20        21        27        32
         2        20        27        31        32
         2        27        31        32        49
         2        21        26        27        32
         2        26        27        32        48
         2        27        32        48        49
         2        21        22        26        33
         2        21        26        32        33
         2        26        32        33        48
         2        22        25        26        33
         2        25        26        33        47
         2        26        33        47        48
         2        22        23        25        34
         2        22        25        33        34
         2        25        33        34        47
         2        23        24        25        34
         2        24        25        34        46
         2        25        34        46        47
         4        23        24        24        35
         2        23        24        34        35
         2        24        34        35        46
         2        23        24        35        45
         2        24        35        45        46
         2        23        24        25        36
         2        23        24        35        36
         2        23        35        36        45
         2        22        23        25        36
         2        22        23        36        44
         2        23        36        44        45
         2        22        25        26        37
         2        22        25        36        37
         2        22        36        37        44
         2        21        22        26        37
         2        21        22        37        43
         2        22        37        43        44
         2        21        26        27        38
         2        21        26        37        38
         2        21        37        38        43
         2        20        21        27        38
         2        20        21        38        42
         2        21        38        42        43
         2        20        27        28        39
         2        20        27        38        39
         2        20        38        39        42
         2        19        20        28        39
         2        19        20        39        41
         2        20        39        41        42
         2        18        19        28        29
         2        19        28        29        39
         2        19        29        39        41
         2        18        18        19        29
         2        18        19        29        40
         2        19        29        40        41
         2        29        30        40        41
         4        29        40        40        41
         2        30        40        41        50
         2        39        40        41        50
         2        29        39        40        41
         2        30        31        42        50
         2        30        41        42        50
         2        39        41        42        50
         2        31        42        49        50
         2        38        42        49        50
         2        38        39        42        50
         2        31        32        43        49
         2        31        42        43        49
         2        38        42        43        49
         2        32        43        48        49
         2        37        43        48        49
         2        37        38        43        49
         2        32        33        44        48
         2        32        43        44        48
         2        37        43        44        48
         2        33        44        47        48
         2        36        44        47        48
         2        36        37        44        48
         2        33        34        45        47
         2        33        44        45        47
         2        36        44        45        47
         2        34        45        46        47
         2        35        45        46        47
         2        35        36        45        47
         2        34        35        46        46
         2        34        45        46        46
         2        35        45        46        46
