Automatically generated mesh
      53
Reciprocal lattice
    0.00000000000000    0.00000000000000    0.00000000000000             1
    0.14285714285714    0.00000000000000    0.00000000000000             2
    0.28571428571429    0.00000000000000    0.00000000000000             2
    0.42857142857143    0.00000000000000    0.00000000000000             2
    0.00000000000000    0.20000000000000    0.00000000000000             2
    0.14285714285714    0.20000000000000    0.00000000000000             2
    0.28571428571429    0.20000000000000    0.00000000000000             2
    0.42857142857143    0.20000000000000    0.00000000000000             2
   -0.42857142857143    0.20000000000000    0.00000000000000             2
   -0.28571428571429    0.20000000000000    0.00000000000000             2
   -0.14285714285714    0.20000000000000    0.00000000000000             2
    0.00000000000000    0.40000000000000    0.00000000000000             2
    0.14285714285714    0.40000000000000    0.00000000000000             2
    0.28571428571429    0.40000000000000    0.00000000000000             2
    0.42857142857143    0.40000000000000    0.00000000000000             2
   -0.42857142857143    0.40000000000000    0.00000000000000             2
   -0.28571428571429    0.40000000000000    0.00000000000000             2
   -0.14285714285714    0.40000000000000    0.00000000000000             2
    0.00000000000000    0.00000000000000    0.33333333333333             2
    0.14285714285714    0.00000000000000    0.33333333333333             2
    0.28571428571429    0.00000000000000    0.33333333333333             2
    0.42857142857143    0.00000000000000    0.33333333333333             2
   -0.42857142857143    0.00000000000000    0.33333333333333             2
   -0.28571428571429    0.00000000000000    0.33333333333333             2
   -0.14285714285714    0.00000000000000    0.33333333333333             2
    0.00000000000000    0.20000000000000    0.33333333333333             2
    0.14285714285714    0.20000000000000    0.33333333333333             2
    0.28571428571429    0.20000000000000    0.33333333333333             2
    0.42857142857143    0.20000000000000    0.33333333333333             2
   -0.42857142857143    0.20000000000000    0.33333333333333             2
   -0.28571428571429    0.20000000000000    0.33333333333333             2
   -0.14285714285714    0.20000000000000    0.33333333333333             2
    0.00000000000000    0.40000000000000    0.33333333333333             2
    0.14285714285714    0.40000000000000    0.33333333333333             2
    0.28571428571429    0.40000000000000    0.33333333333333             2
    0.42857142857143    0.40000000000000    0.33333333333333             2
   -0.42857142857143    0.40000000000000    0.33333333333333             2
   -0.28571428571429    0.40000000000000    0.33333333333333             2
   -0.14285714285714    0.40000000000000    0.33333333333333             2
    0.00000000000000   -0.40000000000000    0.33333333333333             2
    0.14285714285714   -0.40000000000000    0.33333333333333             2
    0.28571428571429   -0.40000000000000    0.33333333333333             2
    0.42857142857143   -0.40000000000000    0.33333333333333             2
   -0.42857142857143   -0.40000000000000    0.33333333333333             2
   -0.28571428571429   -0.40000000000000    0.33333333333333             2
   -0.14285714285714   -0.40000000000000    0.33333333333333             2
    0.00000000000000   -0.20000000000000    0.33333333333333             2
    0.14285714285714   -0.20000000000000    0.33333333333333             2
    0.28571428571429   -0.20000000000000    0.33333333333333             2
    0.42857142857143   -0.20000000000000    0.33333333333333             2
   -0.42857142857143   -0.20000000000000    0.33333333333333             2
   -0.28571428571429   -0.20000000000000    0.33333333333333             2
   -0.14285714285714   -0.20000000000000    0.33333333333333             2
Tetrahedra
       312    0.00158730158730
         2         2         5         6        26
         2         1         2         5        26
         2         1         2        19        26
         2         2         6        26        27
         2         2        20        26        27
         2         2        19        20        26
         2         3         6         7        27
         2         2         3         6        27
         2         2         3        20        27
         2         3         7        27        28
         2         3        21        27        28
         2         3        20        21        27
         2         4         7         8        28
         2         3         4         7        28
         2         3         4        21        28
         2         4         8        28        29
         2         4        22        28        29
         2         4        21        22        28
         2         4         8         9        29
         2         4         4         8        29
         2         4         4        22        29
         2         4         9        29        30
         2         4        23        29        30
         2         4        22        23        29
         2         3         9        10        30
         2         3         4         9        30
         2         3         4        23        30
         2         3        10        30        31
         2         3        24        30        31
         2         3        23        24        30
         2         2        10        11        31
         2         2         3        10        31
         2         2         3        24        31
         2         2        11        31        32
         2         2        25        31        32
         2         2        24        25        31
         2         1         5        11        32
         2         1         2        11        32
         2         1         2        25        32
         2         1         5        26        32
         2         1        19        26        32
         2         1        19        25        32
         2         6        12        13        33
         2         5         6        12        33
         2         5         6        26        33
         2         6        13        33        34
         2         6        27        33        34
         2         6        26        27        33
         2         7        13        14        34
         2         6         7        13        34
         2         6         7        27        34
         2         7        14        34        35
         2         7        28        34        35
         2         7        27        28        34
         2         8        14        15        35
         2         7         8        14        35
         2         7         8        28        35
         2         8        15        35        36
         2         8        29        35        36
         2         8        28        29        35
         2         9        15        16        36
         2         8         9        15        36
         2         8         9        29        36
         2         9        16        36        37
         2         9        30        36        37
         2         9        29        30        36
         2        10        16        17        37
         2         9        10        16        37
         2         9        10        30        37
         2        10        17        37        38
         2        10        31        37        38
         2        10        30        31        37
         2        11        17        18        38
         2        10        11        17        38
         2        10        11        31        38
         2        11        18        38        39
         2        11        32        38        39
         2        11        31        32        38
         2         5        12        18        39
         2         5        11        18        39
         2         5        11        32        39
         2         5        12        33        39
         2         5        26        33        39
         2         5        26        32        39
         2        12        13        18        40
         2        12        12        13        40
         2        12        13        33        40
         2        13        18        40        41
         2        13        34        40        41
         2        13        33        34        40
         2        14        17        18        41
         2        13        14        18        41
         2        13        14        34        41
         2        14        17        41        42
         2        14        35        41        42
         2        14        34        35        41
         2        15        16        17        42
         2        14        15        17        42
         2        14        15        35        42
         2        15        16        42        43
         2        15        36        42        43
         2        15        35        36        42
         4        15        16        16        43
         2        15        16        36        43
         2        15        16        43        44
         2        16        37        43        44
         2        16        36        37        43
         2        14        15        17        44
         2        15        16        17        44
         2        16        17        37        44
         2        14        17        44        45
         2        17        38        44        45
         2        17        37        38        44
         2        13        14        18        45
         2        14        17        18        45
         2        17        18        38        45
         2        13        18        45        46
         2        18        39        45        46
         2        18        38        39        45
         2        12        12        13        46
         2        12        13        18        46
         2        12        18        39        46
         2        12        12        40        46
         2        12        33        40        46
         2        12        33        39        46
         2         5        11        18        47
         2         5        12        18        47
         2        12        18        40        47
         2        11        18        47        48
         2        18        41        47        48
         2        18        40        41        47
         2        10        11        17        48
         2        11        17        18        48
         2        17        18        41        48
         2        10        17        48        49
         2        17        42        48        49
         2        17        41        42        48
         2         9        10        16        49
         2        10        16        17        49
         2        16        17        42        49
         2         9        16        49        50
         2        16        43        49        50
         2        16        42        43        49
         2         8         9        15        50
         2         9        15        16        50
         2        15        16        43        50
         2         8        15        50        51
         2        15        44        50        51
         2        15        43        44        50
         2         7         8        14        51
         2         8        14        15        51
         2        14        15        44        51
         2         7        14        51        52
         2        14        45        51        52
         2        14        44        45        51
         2         6         7        13        52
         2         7        13        14        52
         2        13        14        45        52
         2         6        13        52        53
         2        13        46        52        53
         2        13        45        46        52
         2         5         6        12        53
         2         6        12        13        53
         2        12        13        46        53
         2         5        12        47        53
         2        12        40        47        53
         2        12        40        46        53
         2         1         2        11        19
         2         1         5        11        19
         2         5        11        19        47
         2         2        11        19        20
         2        11        19        20        48
         2        11        19        47        48
         2         2         3        10        20
         2         2        10        11        20
         2        10        11        20        48
         2         3        10        20        21
         2        10        20        21        49
         2        10        20        48        49
         2         3         4         9        21
         2         3         9        10        21
         2         9        10        21        49
         2         4         9        21        22
         2         9        21        22        50
         2         9        21        49        50
         2         4         4         8        22
         2         4         8         9        22
         2         8         9        22        50
         2         4         8        22        23
         2         8        22        23        51
         2         8        22        50        51
         2         3         4         7        23
         2         4         7         8        23
         2         7         8        23        51
         2         3         7        23        24
         2         7        23        24        52
         2         7        23        51        52
         2         2         3         6        24
         2         3         6         7        24
         2         6         7        24        52
         2         2         6        24        25
         2         6        24        25        53
         2         6        24        52        53
         2         1         2         5        25
         2         2         5         6        25
         2         5         6        25        53
         2         1         5        19        25
         2         5        19        25        47
         2         5        25        47        53
         2        20        26        27        47
         2        19        20        26        47
         2        19        19        20        47
         2        20        27        47        53
         2        20        25        47        53
         2        19        20        25        47
         2        21        27        28        53
         2        20        21        27        53
         2        20        21        25        53
         2        21        28        52        53
         2        21        24        52        53
         2        21        24        25        53
         2        22        28        29        52
         2        21        22        28        52
         2        21        22        24        52
         2        22        29        51        52
         2        22        23        51        52
         2        22        23        24        52
         2        23        29        30        51
         2        22        23        29        51
         4        22        23        23        51
         2        23        30        50        51
         2        22        23        50        51
         2        24        30        31        50
         2        23        24        30        50
         2        22        23        24        50
         2        24        31        49        50
         2        21        24        49        50
         2        21        22        24        50
         2        25        31        32        49
         2        24        25        31        49
         2        21        24        25        49
         2        25        32        48        49
         2        20        25        48        49
         2        20        21        25        49
         2        19        26        32        48
         2        19        25        32        48
         2        19        20        25        48
         2        19        26        47        48
         2        19        19        47        48
         2        19        19        20        48
         2        27        33        34        40
         2        26        27        33        40
         2        26        27        40        47
         2        27        34        40        46
         2        27        40        46        53
         2        27        40        47        53
         2        28        34        35        46
         2        27        28        34        46
         2        27        28        46        53
         2        28        35        45        46
         2        28        45        46        52
         2        28        46        52        53
         2        29        35        36        45
         2        28        29        35        45
         2        28        29        45        52
         2        29        36        44        45
         2        29        44        45        51
         2        29        45        51        52
         2        30        36        37        44
         2        29        30        36        44
         2        29        30        44        51
         2        30        37        43        44
         2        30        43        44        50
         2        30        44        50        51
         2        31        37        38        43
         2        30        31        37        43
         2        30        31        43        50
         2        31        38        42        43
         2        31        42        43        49
         2        31        43        49        50
         2        32        38        39        42
         2        31        32        38        42
         2        31        32        42        49
         2        32        39        41        42
         2        32        41        42        48
         2        32        42        48        49
         2        26        33        39        41
         2        26        32        39        41
         2        26        32        41        48
         2        26        33        40        41
         2        26        40        41        47
         2        26        41        47        48
         2        33        34        40        41
         4        33        33        34        40
         2        33        34        39        41
         2        33        34        39        46
         2        33        34        40        46
         2        35        39        41        42
         2        34        35        39        41
         2        34        35        39        46
         2        35        38        39        42
         2        35        38        39        45
         2        35        39        45        46
         2        36        38        42        43
         2        35        36        38        42
         2        35        36        38        45
         2        36        37        38        43
         2        36        37        38        44
         2        36        38        44        45
         2        37        37        43        44
         2        36        37        37        43
         2        36        37        37        44
