Automatically generated mesh
      37
Reciprocal lattice
    0.00000000000000    0.00000000000000    0.00000000000000             1
    0.12500000000000    0.00000000000000    0.00000000000000             2
    0.25000000000000    0.00000000000000    0.00000000000000             2
    0.37500000000000    0.00000000000000    0.00000000000000             2
    0.50000000000000    0.00000000000000    0.00000000000000             1
    0.00000000000000    0.33333333333333    0.00000000000000             2
    0.12500000000000    0.33333333333333    0.00000000000000             2
    0.25000000000000    0.33333333333333    0.00000000000000             2
    0.37500000000000    0.33333333333333    0.00000000000000             2
    0.50000000000000    0.33333333333333    0.00000000000000             2
   -0.37500000000000    0.33333333333333    0.00000000000000             2
   -0.25000000000000    0.33333333333333    0.00000000000000             2
   -0.12500000000000    0.33333333333333    0.00000000000000             2
    0.00000000000000    0.00000000000000    0.33333333333333             2
    0.12500000000000    0.00000000000000    0.33333333333333             2
    0.25000000000000    0.00000000000000    0.33333333333333             2
    0.37500000000000    0.00000000000000    0.33333333333333             2
    0.50000000000000    0.00000000000000    0.33333333333333             2
   -0.37500000000000    0.00000000000000    0.33333333333333             2
   -0.25000000000000    0.00000000000000    0.33333333333333             2
   -0.12500000000000    0.00000000000000    0.33333333333333             2
    0.00000000000000    0.33333333333333    0.33333333333333             2
    0.12500000000000    0.33333333333333    0.33333333333333             2
    0.25000000000000    0.33333333333333    0.33333333333333             2
    0.37500000000000    0.33333333333333    0.33333333333333             2
    0.50000000000000    0.33333333333333    0.33333333333333             2
   -0.37500000000000    0.33333333333333    0.33333333333333             2
   -0.25000000000000    0.33333333333333    0.33333333333333             2
   -0.12500000000000    0.33333333333333    0.33333333333333             2
    0.00000000000000   -0.33333333333333    0.33333333333333             2
    0.12500000000000   -0.33333333333333    0.33333333333333             2
    0.25000000000000   -0.33333333333333    0.33333333333333             2
    0.37500000000000   -0.33333333333333    0.33333333333333             2
    0.50000000000000   -0.33333333333333    0.33333333333333             2
   -0.37500000000000   -0.33333333333333    0.33333333333333             2
   -0.25000000000000   -0.33333333333333    0.33333333333333             2
   -0.12500000000000   -0.33333333333333    0.33333333333333             2
Tetrahedra
       214    0.00231481481481
         2         1         2         6        15
         2         2         6         7        15
         2         6         7        15        23
         2         1         6        14        15
         2         6        14        15        22
         2         6        15        22        23
         2         2         3         7        16
         2         3         7         8        16
         2         7         8        16        24
         2         2         7        15        16
         2         7        15        16        23
         2         7        16        23        24
         2         3         4         8        17
         2         4         8         9        17
         2         8         9        17        25
         2         3         8        16        17
         2         8        16        17        24
         2         8        17        24        25
         2         4         5         9        18
         2         5         9        10        18
         2         9        10        18        26
         2         4         9        17        18
         2         9        17        18        25
         2         9        18        25        26
         2         4         5        10        19
         2         4        10        11        19
         2        10        11        19        27
         2         5        10        18        19
         2        10        18        19        26
         2        10        19        26        27
         2         3         4        11        20
         2         3        11        12        20
         2        11        12        20        28
         2         4        11        19        20
         2        11        19        20        27
         2        11        20        27        28
         2         2         3        12        21
         2         2        12        13        21
         2        12        13        21        29
         2         3        12        20        21
         2        12        20        21        28
         2        12        21        28        29
         2         1         2        13        14
         2         1         6        13        14
         2         6        13        14        22
         2         2        13        14        21
         2        13        14        21        29
         2        13        14        22        29
         2         6         6         7        23
         2         6         7        13        23
         2         6        13        23        31
         2         6         6        22        23
         2         6        22        23        30
         2         6        23        30        31
         2         7         8        13        24
         2         8        12        13        24
         2        12        13        24        32
         2         7        13        23        24
         2        13        23        24        31
         2        13        24        31        32
         2         8         9        12        25
         2         9        11        12        25
         2        11        12        25        33
         2         8        12        24        25
         2        12        24        25        32
         2        12        25        32        33
         2         9        10        11        26
         2        10        10        11        26
         2        10        11        26        34
         2         9        11        25        26
         2        11        25        26        33
         2        11        26        33        34
         2        10        10        11        27
         2         9        10        11        27
         2         9        10        27        35
         2        10        10        26        27
         2        10        26        27        34
         2        10        27        34        35
         2         9        11        12        28
         2         8         9        12        28
         2         8         9        28        36
         2         9        11        27        28
         2         9        27        28        35
         2         9        28        35        36
         2         8        12        13        29
         2         7         8        13        29
         2         7         8        29        37
         2         8        12        28        29
         2         8        28        29        36
         2         8        29        36        37
         2         6         7        13        22
         2         6         6         7        22
         2         6         7        22        30
         2         7        13        22        29
         2         7        22        29        37
         2         7        22        30        37
         2         1         6        13        31
         2         1         2        13        31
         2         1         2        15        31
         2         1         6        30        31
         2         1        14        30        31
         2         1        14        15        31
         2         2        12        13        32
         2         2         3        12        32
         2         2         3        16        32
         2         2        13        31        32
         2         2        15        31        32
         2         2        15        16        32
         2         3        11        12        33
         2         3         4        11        33
         2         3         4        17        33
         2         3        12        32        33
         2         3        16        32        33
         2         3        16        17        33
         2         4        10        11        34
         2         4         5        10        34
         2         4         5        18        34
         2         4        11        33        34
         2         4        17        33        34
         2         4        17        18        34
         2         5         9        10        35
         2         4         5         9        35
         2         4         5        19        35
         2         5        10        34        35
         2         5        18        34        35
         2         5        18        19        35
         2         4         8         9        36
         2         3         4         8        36
         2         3         4        20        36
         2         4         9        35        36
         2         4        19        35        36
         2         4        19        20        36
         2         3         7         8        37
         2         2         3         7        37
         2         2         3        21        37
         2         3         8        36        37
         2         3        20        36        37
         2         3        20        21        37
         2         2         6         7        30
         2         1         2         6        30
         2         1         2        14        30
         2         2         7        30        37
         2         2        21        30        37
         2         2        14        21        30
         2        14        15        21        22
         2        15        21        22        23
         2        21        22        23        37
         2        14        14        21        22
         2        14        21        22        30
         2        21        22        30        37
         2        15        16        20        23
         2        16        20        23        24
         2        20        23        24        36
         2        15        20        21        23
         2        20        21        23        37
         2        20        23        36        37
         2        16        17        19        24
         2        17        19        24        25
         2        19        24        25        35
         2        16        19        20        24
         2        19        20        24        36
         2        19        24        35        36
         2        17        18        18        25
         2        18        18        25        26
         2        18        25        26        34
         2        17        18        19        25
         2        18        19        25        35
         2        18        25        34        35
         2        17        18        19        26
         2        17        19        26        27
         2        17        26        27        33
         2        17        18        18        26
         2        17        18        26        34
         2        17        26        33        34
         2        16        19        20        27
         2        16        20        27        28
         2        16        27        28        32
         2        16        17        19        27
         2        16        17        27        33
         2        16        27        32        33
         2        15        20        21        28
         2        15        21        28        29
         2        15        28        29        31
         2        15        16        20        28
         2        15        16        28        32
         2        15        28        31        32
         2        14        14        21        29
         2        14        14        22        29
         2        14        22        29        30
         2        14        15        21        29
         2        14        15        29        31
         2        14        29        30        31
         2        22        23        30        37
         2        23        30        31        37
         2        29        30        31        37
         4        22        30        30        37
         2        22        29        30        37
         2        23        24        31        36
         2        24        31        32        36
         2        28        31        32        36
         2        23        31        36        37
         2        29        31        36        37
         2        28        29        31        36
         2        24        25        32        35
         2        25        32        33        35
         2        27        32        33        35
         2        24        32        35        36
         2        28        32        35        36
         2        27        28        32        35
         2        25        26        33        34
         4        26        33        34        34
         2        25        33        34        35
         2        27        33        34        35
         2        26        27        33        34
