Automatically generated mesh
      26
Reciprocal lattice
    0.00000000000000    0.00000000000000    0.00000000000000             1
    0.25000000000000    0.00000000000000    0.00000000000000             2
    0.50000000000000    0.00000000000000    0.00000000000000             1
    0.00000000000000    0.33333333333334    0.00000000000000             2
    0.25000000000000    0.33333333333333    0.00000000000000             2
    0.50000000000000    0.33333333333333    0.00000000000000             2
   -0.25000000000000    0.33333333333334    0.00000000000000             2
    0.00000000000000    0.00000000000000    0.25000000000000             2
    0.25000000000000    0.00000000000000    0.25000000000000             2
    0.50000000000000    0.00000000000000    0.25000000000000             2
   -0.25000000000000    0.00000000000000    0.25000000000000             2
    0.00000000000000    0.33333333333334    0.25000000000000             2
    0.25000000000000    0.33333333333333    0.25000000000000             2
    0.50000000000000    0.33333333333333    0.25000000000000             2
   -0.25000000000000    0.33333333333333    0.25000000000000             2
    0.00000000000000   -0.33333333333333    0.25000000000000             2
    0.25000000000000   -0.33333333333333    0.25000000000000             2
    0.50000000000000   -0.33333333333333    0.25000000000000             2
   -0.25000000000000   -0.33333333333333    0.25000000000000             2
    0.00000000000000    0.00000000000000    0.50000000000000             1
    0.25000000000000    0.00000000000000    0.50000000000000             2
    0.50000000000000    0.00000000000000    0.50000000000000             1
    0.00000000000000    0.33333333333333    0.50000000000000             2
    0.25000000000000    0.33333333333333    0.50000000000000             2
    0.50000000000000    0.33333333333333    0.50000000000000             2
   -0.25000000000000    0.33333333333333    0.50000000000000             2
Tetrahedra
       144    0.00347222222222
         2         1         4         5        13
         2         1         2         5        13
         2         1         2         9        13
         2         1         4        12        13
         2         1         8        12        13
         2         1         8         9        13
         2         2         5         6        14
         2         2         3         6        14
         2         2         3        10        14
         2         2         5        13        14
         2         2         9        13        14
         2         2         9        10        14
         2         3         6         7        15
         2         2         3         7        15
         2         2         3        11        15
         2         3         6        14        15
         2         3        10        14        15
         2         3        10        11        15
         2         2         4         7        12
         2         1         2         4        12
         2         1         2         8        12
         2         2         7        12        15
         2         2        11        12        15
         2         2         8        11        12
         2         4         4         7        17
         2         4         5         7        17
         2         4         5        13        17
         2         4         4        16        17
         2         4        12        16        17
         2         4        12        13        17
         2         5         6         7        18
         2         5         6         6        18
         2         5         6        14        18
         2         5         7        17        18
         2         5        13        17        18
         2         5        13        14        18
         2         5         6         6        19
         2         5         6         7        19
         2         6         7        15        19
         2         6         6        18        19
         2         6        14        18        19
         2         6        14        15        19
         2         4         5         7        16
         2         4         4         7        16
         2         4         7        12        16
         2         5         7        16        19
         2         7        15        16        19
         2         7        12        15        16
         2         1         2         4         9
         2         2         4         7         9
         2         4         7         9        17
         2         1         4         8         9
         2         4         8         9        16
         2         4         9        16        17
         2         2         3         7        10
         2         3         6         7        10
         2         6         7        10        18
         2         2         7         9        10
         2         7         9        10        17
         2         7        10        17        18
         2         2         3         6        11
         2         2         5         6        11
         2         5         6        11        19
         2         3         6        10        11
         2         6        10        11        18
         2         6        11        18        19
         2         1         2         5         8
         2         1         4         5         8
         2         4         5         8        16
         2         2         5         8        11
         2         5         8        11        19
         2         5         8        16        19
         2         8        12        13        24
         2         8         9        13        24
         2         8         9        21        24
         2         8        12        23        24
         2         8        20        23        24
         2         8        20        21        24
         2         9        13        14        25
         2         9        10        14        25
         2         9        10        22        25
         2         9        13        24        25
         2         9        21        24        25
         2         9        21        22        25
         2        10        14        15        26
         2        10        11        15        26
         2        10        11        21        26
         2        10        14        25        26
         2        10        22        25        26
         2        10        21        22        26
         2        11        12        15        23
         2         8        11        12        23
         2         8        11        20        23
         2        11        15        23        26
         2        11        21        23        26
         2        11        20        21        23
         2        12        16        17        26
         2        12        13        17        26
         2        12        13        24        26
         2        12        16        23        26
         2        12        23        23        26
         2        12        23        24        26
         2        13        17        18        25
         2        13        14        18        25
         2        13        14        25        25
         2        13        17        25        26
         2        13        24        25        26
         2        13        24        25        25
         2        14        18        19        24
         2        14        15        19        24
         2        14        15        24        26
         2        14        18        24        25
         2        14        24        25        25
         2        14        24        25        26
         2        15        16        19        23
         2        12        15        16        23
         2        12        15        23        23
         2        15        19        23        24
         2        15        23        24        26
         2        15        23        23        26
         2         8         9        16        21
         2         9        16        17        21
         2        16        17        21        26
         2         8        16        20        21
         2        16        20        21        23
         2        16        21        23        26
         2         9        10        17        22
         2        10        17        18        22
         2        17        18        22        25
         2         9        17        21        22
         2        17        21        22        26
         2        17        22        25        26
         2        10        11        18        21
         2        11        18        19        21
         2        18        19        21        24
         2        10        18        21        22
         2        18        21        22        25
         2        18        21        24        25
         2         8        11        19        20
         2         8        16        19        20
         2        16        19        20        23
         2        11        19        20        21
         2        19        20        21        24
         2        19        20        23        24
