Automatically generated mesh
      48
Reciprocal lattice
    0.12500000000000    0.08333333333333    0.12500000000000             2
    0.37500000000000    0.08333333333333    0.12500000000000             2
   -0.37500000000000    0.08333333333333    0.12500000000000             2
   -0.12500000000000    0.08333333333333    0.12500000000000             2
    0.12500000000000    0.25000000000000    0.12500000000000             2
    0.37500000000000    0.25000000000000    0.12500000000000             2
   -0.37500000000000    0.25000000000000    0.12500000000000             2
   -0.12500000000000    0.25000000000000    0.12500000000000             2
    0.12500000000000    0.41666666666667    0.12500000000000             2
    0.37500000000000    0.41666666666667    0.12500000000000             2
   -0.37500000000000    0.41666666666667    0.12500000000000             2
   -0.12500000000000    0.41666666666667    0.12500000000000             2
    0.12500000000000   -0.41666666666667    0.12500000000000             2
    0.37500000000000   -0.41666666666667    0.12500000000000             2
   -0.37500000000000   -0.41666666666667    0.12500000000000             2
   -0.12500000000000   -0.41666666666667    0.12500000000000             2
    0.12500000000000   -0.25000000000000    0.12500000000000             2
    0.37500000000000   -0.25000000000000    0.12500000000000             2
   -0.37500000000000   -0.25000000000000    0.12500000000000             2
   -0.12500000000000   -0.25000000000000    0.12500000000000             2
    0.12500000000000   -0.08333333333333    0.12500000000000             2
    0.37500000000000   -0.08333333333333    0.12500000000000             2
   -0.37500000000000   -0.08333333333333    0.12500000000000             2
   -0.12500000000000   -0.08333333333333    0.12500000000000             2
    0.12500000000000    0.08333333333333    0.37500000000000             2
    0.37500000000000    0.08333333333333    0.37500000000000             2
   -0.37500000000000    0.08333333333333    0.37500000000000             2
   -0.12500000000000    0.08333333333333    0.37500000000000             2
    0.12500000000000    0.25000000000000    0.37500000000000             2
    0.37500000000000    0.25000000000000    0.37500000000000             2
   -0.37500000000000    0.25000000000000    0.37500000000000             2
   -0.12500000000000    0.25000000000000    0.37500000000000             2
    0.12500000000000    0.41666666666667    0.37500000000000             2
    0.37500000000000    0.41666666666667    0.37500000000000             2
   -0.37500000000000    0.41666666666667    0.37500000000000             2
   -0.12500000000000    0.41666666666667    0.37500000000000             2
    0.12500000000000   -0.41666666666667    0.37500000000000             2
    0.37500000000000   -0.41666666666667    0.37500000000000             2
   -0.37500000000000   -0.41666666666667    0.37500000000000             2
   -0.12500000000000   -0.41666666666667    0.37500000000000             2
    0.12500000000000   -0.25000000000000    0.37500000000000             2
    0.37500000000000   -0.25000000000000    0.37500000000000             2
   -0.37500000000000   -0.25000000000000    0.37500000000000             2
   -0.12500000000000   -0.25000000000000    0.37500000000000             2
    0.12500000000000   -0.08333333333333    0.37500000000000             2
    0.37500000000000   -0.08333333333333    0.37500000000000             2
   -0.37500000000000   -0.08333333333333    0.37500000000000             2
   -0.12500000000000   -0.08333333333333    0.37500000000000             2
Tetrahedra
       288    0.00173611111111
         2         1         2         6        25
         2         1         5         6        25
         2         5         6        25        29
         2         2         6        25        26
         2         6        25        26        30
         2         6        25        29        30
         2         2         3         7        26
         2         2         6         7        26
         2         6         7        26        30
         2         3         7        26        27
         2         7        26        27        31
         2         7        26        30        31
         2         3         4         8        27
         2         3         7         8        27
         2         7         8        27        31
         2         4         8        27        28
         2         8        27        28        32
         2         8        27        31        32
         2         1         4         5        28
         2         4         5         8        28
         2         5         8        28        32
         2         1         5        25        28
         2         5        25        28        29
         2         5        28        29        32
         2         5         6        10        29
         2         5         9        10        29
         2         9        10        29        33
         2         6        10        29        30
         2        10        29        30        34
         2        10        29        33        34
         2         6         7        11        30
         2         6        10        11        30
         2        10        11        30        34
         2         7        11        30        31
         2        11        30        31        35
         2        11        30        34        35
         2         7         8        12        31
         2         7        11        12        31
         2        11        12        31        35
         2         8        12        31        32
         2        12        31        32        36
         2        12        31        35        36
         2         5         8         9        32
         2         8         9        12        32
         2         9        12        32        36
         2         5         9        29        32
         2         9        29        32        33
         2         9        32        33        36
         2         9        10        14        33
         2         9        13        14        33
         2        13        14        33        37
         2        10        14        33        34
         2        14        33        34        38
         2        14        33        37        38
         2        10        11        15        34
         2        10        14        15        34
         2        14        15        34        38
         2        11        15        34        35
         2        15        34        35        39
         2        15        34        38        39
         2        11        12        16        35
         2        11        15        16        35
         2        15        16        35        39
         2        12        16        35        36
         2        16        35        36        40
         2        16        35        39        40
         2         9        12        13        36
         2        12        13        16        36
         2        13        16        36        40
         2         9        13        33        36
         2        13        33        36        37
         2        13        36        37        40
         2        13        14        18        37
         2        13        17        18        37
         2        17        18        37        41
         2        14        18        37        38
         2        18        37        38        42
         2        18        37        41        42
         2        14        15        19        38
         2        14        18        19        38
         2        18        19        38        42
         2        15        19        38        39
         2        19        38        39        43
         2        19        38        42        43
         2        15        16        20        39
         2        15        19        20        39
         2        19        20        39        43
         2        16        20        39        40
         2        20        39        40        44
         2        20        39        43        44
         2        13        16        17        40
         2        16        17        20        40
         2        17        20        40        44
         2        13        17        37        40
         2        17        37        40        41
         2        17        40        41        44
         2        17        18        22        41
         2        17        21        22        41
         2        21        22        41        45
         2        18        22        41        42
         2        22        41        42        46
         2        22        41        45        46
         2        18        19        23        42
         2        18        22        23        42
         2        22        23        42        46
         2        19        23        42        43
         2        23        42        43        47
         2        23        42        46        47
         2        19        20        24        43
         2        19        23        24        43
         2        23        24        43        47
         2        20        24        43        44
         2        24        43        44        48
         2        24        43        47        48
         2        17        20        21        44
         2        20        21        24        44
         2        21        24        44        48
         2        17        21        41        44
         2        21        41        44        45
         2        21        44        45        48
         2         2        21        22        45
         2         1         2        21        45
         2         1         2        25        45
         2         2        22        45        46
         2         2        26        45        46
         2         2        25        26        45
         2         3        22        23        46
         2         2         3        22        46
         2         2         3        26        46
         2         3        23        46        47
         2         3        27        46        47
         2         3        26        27        46
         2         4        23        24        47
         2         3         4        23        47
         2         3         4        27        47
         2         4        24        47        48
         2         4        28        47        48
         2         4        27        28        47
         2         1        21        24        48
         2         1         4        24        48
         2         1         4        28        48
         2         1        21        45        48
         2         1        25        45        48
         2         1        25        28        48
         2        25        26        30        48
         2        25        29        30        48
         2        29        30        44        48
         2        26        30        47        48
         2        30        43        47        48
         2        30        43        44        48
         2        26        27        31        47
         2        26        30        31        47
         2        30        31        43        47
         2        27        31        46        47
         2        31        42        46        47
         2        31        42        43        47
         2        27        28        32        46
         2        27        31        32        46
         2        31        32        42        46
         2        28        32        45        46
         2        32        41        45        46
         2        32        41        42        46
         2        25        28        29        45
         2        28        29        32        45
         2        29        32        41        45
         2        25        29        45        48
         2        29        44        45        48
         2        29        41        44        45
         2        29        30        34        44
         2        29        33        34        44
         2        33        34        40        44
         2        30        34        43        44
         2        34        39        43        44
         2        34        39        40        44
         2        30        31        35        43
         2        30        34        35        43
         2        34        35        39        43
         2        31        35        42        43
         2        35        38        42        43
         2        35        38        39        43
         2        31        32        36        42
         2        31        35        36        42
         2        35        36        38        42
         2        32        36        41        42
         2        36        37        41        42
         2        36        37        38        42
         2        29        32        33        41
         2        32        33        36        41
         2        33        36        37        41
         2        29        33        41        44
         2        33        40        41        44
         2        33        37        40        41
         2        33        34        38        40
         2        33        37        38        40
         2        36        37        38        40
         2        34        38        39        40
         2        35        38        39        40
         2        35        36        38        40
         2        34        35        39        39
         2        34        38        39        39
         2        35        38        39        39
         2        33        36        37        37
         2        36        37        37        40
         2        33        37        37        40
         2        26        28        45        46
         2        25        26        28        45
         2        25        26        28        48
         2        26        27        28        46
         2        26        27        28        47
         2        26        28        47        48
         2        27        27        46        47
         2        26        27        27        46
         2        26        27        27        47
         2        25        25        45        48
         2        25        25        28        48
         2        25        25        28        45
         2         1        19        23        24
         2         1        19        20        24
         2         1         5        19        20
         2         1         2        19        23
         2         1         2         6        19
         2         1         5         6        19
         2         2        18        22        23
         2         2        18        19        23
         2         2         6        18        19
         2         2         3        18        22
         2         2         3         7        18
         2         2         6         7        18
         2         3        17        21        22
         2         3        17        18        22
         2         3         7        17        18
         2         3         4        17        21
         2         3         4         8        17
         2         3         7         8        17
         2         4        20        21        24
         2         4        17        20        21
         2         4         8        17        20
         2         1         4        20        24
         2         1         4         5        20
         2         4         5         8        20
         2         5        15        19        20
         2         5        15        16        20
         2         5         9        15        16
         2         5         6        15        19
         2         5         6        10        15
         2         5         9        10        15
         2         6        14        18        19
         2         6        14        15        19
         2         6        10        14        15
         2         6         7        14        18
         2         6         7        11        14
         2         6        10        11        14
         2         7        13        17        18
         2         7        13        14        18
         2         7        11        13        14
         2         7         8        13        17
         2         7         8        12        13
         2         7        11        12        13
         2         8        16        17        20
         2         8        13        16        17
         2         8        12        13        16
         2         5         8        16        20
         2         5         8         9        16
         2         8         9        12        16
         2         9        11        15        16
         2         9        11        12        16
         2         9        11        12        13
         2         9        10        11        15
         2         9        10        11        14
         2         9        11        13        14
         2        10        10        14        15
         2        10        10        11        15
         2        10        10        11        14
         2        12        12        13        16
         2         9        12        12        13
         2         9        12        12        16
         2         3         4        21        23
         2         4        21        23        24
         2         1        21        23        24
         2         3        21        22        23
         2         2        21        22        23
         2         1         2        21        23
         2         2         3        22        22
         2         3        22        22        23
         2         2        22        22        23
         2         1         4        24        24
         2         1        21        24        24
         2         4        21        24        24
