Automatically generated mesh
      74
Reciprocal lattice
    0.00000000000000    0.00000000000000    0.00000000000000             1
    0.14285714285714    0.00000000000000    0.00000000000000             2
    0.28571428571429    0.00000000000000    0.00000000000000             2
    0.42857142857143    0.00000000000000    0.00000000000000             2
    0.00000000000000    0.14285714285714    0.00000000000000             2
    0.14285714285714    0.14285714285714    0.00000000000000             2
    0.28571428571429    0.14285714285714    0.00000000000000             2
    0.42857142857143    0.14285714285714    0.00000000000000             2
   -0.42857142857143    0.14285714285714    0.00000000000000             2
   -0.28571428571429    0.14285714285714    0.00000000000000             2
   -0.14285714285714    0.14285714285714    0.00000000000000             2
    0.00000000000000    0.28571428571429    0.00000000000000             2
    0.14285714285714    0.28571428571429    0.00000000000000             2
    0.28571428571429    0.28571428571429    0.00000000000000             2
    0.42857142857143    0.28571428571429    0.00000000000000             2
   -0.42857142857143    0.28571428571429    0.00000000000000             2
   -0.28571428571429    0.28571428571429    0.00000000000000             2
   -0.14285714285714    0.28571428571429    0.00000000000000             2
    0.00000000000000    0.42857142857143    0.00000000000000             2
    0.14285714285714    0.42857142857143    0.00000000000000             2
    0.28571428571429    0.42857142857143    0.00000000000000             2
    0.42857142857143    0.42857142857143    0.00000000000000             2
   -0.42857142857143    0.42857142857143    0.00000000000000             2
   -0.28571428571429    0.42857142857143    0.00000000000000             2
   -0.14285714285714    0.42857142857143    0.00000000000000             2
    0.00000000000000    0.00000000000000    0.33333333333333             2
    0.14285714285714    0.00000000000000    0.33333333333333             2
    0.28571428571429    0.00000000000000    0.33333333333333             2
    0.42857142857143    0.00000000000000    0.33333333333333             2
   -0.42857142857143    0.00000000000000    0.33333333333333             2
   -0.28571428571429    0.00000000000000    0.33333333333333             2
   -0.14285714285714    0.00000000000000    0.33333333333333             2
    0.00000000000000    0.14285714285714    0.33333333333333             2
    0.14285714285714    0.14285714285714    0.33333333333333             2
    0.28571428571429    0.14285714285714    0.33333333333333             2
    0.42857142857143    0.14285714285714    0.33333333333333             2
   -0.42857142857143    0.14285714285714    0.33333333333333             2
   -0.28571428571429    0.14285714285714    0.33333333333333             2
   -0.14285714285714    0.14285714285714    0.33333333333333             2
    0.00000000000000    0.28571428571429    0.33333333333333             2
    0.14285714285714    0.28571428571429    0.33333333333333             2
    0.28571428571429    0.28571428571429    0.33333333333333             2
    0.42857142857143    0.28571428571429    0.33333333333333             2
   -0.42857142857143    0.28571428571429    0.33333333333333             2
   -0.28571428571429    0.28571428571429    0.33333333333333             2
   -0.14285714285714    0.28571428571429    0.33333333333333             2
    0.00000000000000    0.42857142857143    0.33333333333333             2
    0.14285714285714    0.42857142857143    0.33333333333333             2
    0.28571428571429    0.42857142857143    0.33333333333333             2
    0.42857142857143    0.42857142857143    0.33333333333333             2
   -0.42857142857143    0.42857142857143    0.33333333333333             2
   -0.28571428571429    0.42857142857143    0.33333333333333             2
   -0.14285714285714    0.42857142857143    0.33333333333333             2
    0.00000000000000   -0.42857142857143    0.33333333333333             2
    0.14285714285714   -0.42857142857143    0.33333333333333             2
    0.28571428571429   -0.42857142857143    0.33333333333333             2
    0.42857142857143   -0.42857142857143    0.33333333333333             2
   -0.42857142857143   -0.42857142857143    0.33333333333333             2
   -0.28571428571429   -0.42857142857143    0.33333333333333             2
   -0.14285714285714   -0.42857142857143    0.33333333333333             2
    0.00000000000000   -0.28571428571429    0.33333333333333             2
    0.14285714285714   -0.28571428571429    0.33333333333333             2
    0.28571428571429   -0.28571428571429    0.33333333333333             2
    0.42857142857143   -0.28571428571429    0.33333333333333             2
   -0.42857142857143   -0.28571428571429    0.33333333333333             2
   -0.28571428571429   -0.28571428571429    0.33333333333333             2
   -0.14285714285714   -0.28571428571429    0.33333333333333             2
    0.00000000000000   -0.14285714285714    0.33333333333333             2
    0.14285714285714   -0.14285714285714    0.33333333333333             2
    0.28571428571429   -0.14285714285714    0.33333333333333             2
    0.42857142857143   -0.14285714285714    0.33333333333333             2
   -0.42857142857143   -0.14285714285714    0.33333333333333             2
   -0.28571428571429   -0.14285714285714    0.33333333333333             2
   -0.14285714285714   -0.14285714285714    0.33333333333333             2
Tetrahedra
       438    0.00113378684807
         2         1         2         5        27
         2         2         5         6        27
         2         5         6        27        34
         2         1         5        26        27
         2         5        26        27        33
         2         5        27        33        34
         2         2         3         6        28
         2         3         6         7        28
         2         6         7        28        35
         2         2         6        27        28
         2         6        27        28        34
         2         6        28        34        35
         2         3         4         7        29
         2         4         7         8        29
         2         7         8        29        36
         2         3         7        28        29
         2         7        28        29        35
         2         7        29        35        36
         2         4         4         8        30
         2         4         8         9        30
         2         8         9        30        37
         2         4         8        29        30
         2         8        29        30        36
         2         8        30        36        37
         2         3         4         9        31
         2         3         9        10        31
         2         9        10        31        38
         2         4         9        30        31
         2         9        30        31        37
         2         9        31        37        38
         2         2         3        10        32
         2         2        10        11        32
         2        10        11        32        39
         2         3        10        31        32
         2        10        31        32        38
         2        10        32        38        39
         2         1         2        11        26
         2         1         5        11        26
         2         5        11        26        33
         2         2        11        26        32
         2        11        26        32        39
         2        11        26        33        39
         2         5         6        12        34
         2         6        12        13        34
         2        12        13        34        41
         2         5        12        33        34
         2        12        33        34        40
         2        12        34        40        41
         2         6         7        13        35
         2         7        13        14        35
         2        13        14        35        42
         2         6        13        34        35
         2        13        34        35        41
         2        13        35        41        42
         2         7         8        14        36
         2         8        14        15        36
         2        14        15        36        43
         2         7        14        35        36
         2        14        35        36        42
         2        14        36        42        43
         2         8         9        15        37
         2         9        15        16        37
         2        15        16        37        44
         2         8        15        36        37
         2        15        36        37        43
         2        15        37        43        44
         2         9        10        16        38
         2        10        16        17        38
         2        16        17        38        45
         2         9        16        37        38
         2        16        37        38        44
         2        16        38        44        45
         2        10        11        17        39
         2        11        17        18        39
         2        17        18        39        46
         2        10        17        38        39
         2        17        38        39        45
         2        17        39        45        46
         2         5        11        18        33
         2         5        12        18        33
         2        12        18        33        40
         2        11        18        33        39
         2        18        33        39        46
         2        18        33        40        46
         2        12        13        19        41
         2        13        19        20        41
         2        19        20        41        48
         2        12        19        40        41
         2        19        40        41        47
         2        19        41        47        48
         2        13        14        20        42
         2        14        20        21        42
         2        20        21        42        49
         2        13        20        41        42
         2        20        41        42        48
         2        20        42        48        49
         2        14        15        21        43
         2        15        21        22        43
         2        21        22        43        50
         2        14        21        42        43
         2        21        42        43        49
         2        21        43        49        50
         2        15        16        22        44
         2        16        22        23        44
         2        22        23        44        51
         2        15        22        43        44
         2        22        43        44        50
         2        22        44        50        51
         2        16        17        23        45
         2        17        23        24        45
         2        23        24        45        52
         2        16        23        44        45
         2        23        44        45        51
         2        23        45        51        52
         2        17        18        24        46
         2        18        24        25        46
         2        24        25        46        53
         2        17        24        45        46
         2        24        45        46        52
         2        24        46        52        53
         2        12        18        25        40
         2        12        19        25        40
         2        19        25        40        47
         2        18        25        40        46
         2        25        40        46        53
         2        25        40        47        53
         2        19        19        20        48
         2        19        20        25        48
         2        19        25        48        55
         2        19        19        47        48
         2        19        47        48        54
         2        19        48        54        55
         2        20        21        25        49
         2        21        24        25        49
         2        24        25        49        56
         2        20        25        48        49
         2        25        48        49        55
         2        25        49        55        56
         2        21        22        24        50
         2        22        23        24        50
         2        23        24        50        57
         2        21        24        49        50
         2        24        49        50        56
         2        24        50        56        57
         4        22        23        23        51
         2        22        23        51        58
         2        22        23        50        51
         2        23        50        51        57
         2        23        51        57        58
         2        22        23        24        52
         2        21        22        24        52
         2        21        22        52        59
         2        22        23        51        52
         2        22        51        52        58
         2        22        52        58        59
         2        21        24        25        53
         2        20        21        25        53
         2        20        21        53        60
         2        21        24        52        53
         2        21        52        53        59
         2        21        53        59        60
         2        19        20        25        47
         2        19        19        20        47
         2        19        20        47        54
         2        20        25        47        53
         2        20        47        53        60
         2        20        47        54        60
         2        12        19        25        55
         2        12        18        25        55
         2        12        18        55        62
         2        12        19        54        55
         2        12        54        55        61
         2        12        55        61        62
         2        18        24        25        56
         2        17        18        24        56
         2        17        18        56        63
         2        18        25        55        56
         2        18        55        56        62
         2        18        56        62        63
         2        17        23        24        57
         2        16        17        23        57
         2        16        17        57        64
         2        17        24        56        57
         2        17        56        57        63
         2        17        57        63        64
         2        16        22        23        58
         2        15        16        22        58
         2        15        16        58        65
         2        16        23        57        58
         2        16        57        58        64
         2        16        58        64        65
         2        15        21        22        59
         2        14        15        21        59
         2        14        15        59        66
         2        15        22        58        59
         2        15        58        59        65
         2        15        59        65        66
         2        14        20        21        60
         2        13        14        20        60
         2        13        14        60        67
         2        14        21        59        60
         2        14        59        60        66
         2        14        60        66        67
         2        13        19        20        54
         2        12        13        19        54
         2        12        13        54        61
         2        13        20        54        60
         2        13        54        60        67
         2        13        54        61        67
         2         5        12        18        62
         2         5        11        18        62
         2         5        11        62        69
         2         5        12        61        62
         2         5        61        62        68
         2         5        62        68        69
         2        11        17        18        63
         2        10        11        17        63
         2        10        11        63        70
         2        11        18        62        63
         2        11        62        63        69
         2        11        63        69        70
         2        10        16        17        64
         2         9        10        16        64
         2         9        10        64        71
         2        10        17        63        64
         2        10        63        64        70
         2        10        64        70        71
         2         9        15        16        65
         2         8         9        15        65
         2         8         9        65        72
         2         9        16        64        65
         2         9        64        65        71
         2         9        65        71        72
         2         8        14        15        66
         2         7         8        14        66
         2         7         8        66        73
         2         8        15        65        66
         2         8        65        66        72
         2         8        66        72        73
         2         7        13        14        67
         2         6         7        13        67
         2         6         7        67        74
         2         7        14        66        67
         2         7        66        67        73
         2         7        67        73        74
         2         6        12        13        61
         2         5         6        12        61
         2         5         6        61        68
         2         6        13        61        67
         2         6        61        67        74
         2         6        61        68        74
         2         1         5        11        69
         2         1         2        11        69
         2         1         2        27        69
         2         1         5        68        69
         2         1        26        68        69
         2         1        26        27        69
         2         2        10        11        70
         2         2         3        10        70
         2         2         3        28        70
         2         2        11        69        70
         2         2        27        69        70
         2         2        27        28        70
         2         3         9        10        71
         2         3         4         9        71
         2         3         4        29        71
         2         3        10        70        71
         2         3        28        70        71
         2         3        28        29        71
         2         4         8         9        72
         2         4         4         8        72
         2         4         4        30        72
         2         4         9        71        72
         2         4        29        71        72
         2         4        29        30        72
         2         4         7         8        73
         2         3         4         7        73
         2         3         4        31        73
         2         4         8        72        73
         2         4        30        72        73
         2         4        30        31        73
         2         3         6         7        74
         2         2         3         6        74
         2         2         3        32        74
         2         3         7        73        74
         2         3        31        73        74
         2         3        31        32        74
         2         2         5         6        68
         2         1         2         5        68
         2         1         2        26        68
         2         2         6        68        74
         2         2        32        68        74
         2         2        26        32        68
         2        26        27        32        33
         2        27        32        33        34
         2        32        33        34        74
         2        26        26        32        33
         2        26        32        33        68
         2        32        33        68        74
         2        27        28        31        34
         2        28        31        34        35
         2        31        34        35        73
         2        27        31        32        34
         2        31        32        34        74
         2        31        34        73        74
         2        28        29        30        35
         2        29        30        35        36
         2        30        35        36        72
         2        28        30        31        35
         2        30        31        35        73
         2        30        35        72        73
         4        29        29        30        36
         2        29        30        36        37
         2        29        36        37        71
         2        29        30        36        72
         2        29        36        71        72
         2        28        30        31        37
         2        28        31        37        38
         2        28        37        38        70
         2        28        29        30        37
         2        28        29        37        71
         2        28        37        70        71
         2        27        31        32        38
         2        27        32        38        39
         2        27        38        39        69
         2        27        28        31        38
         2        27        28        38        70
         2        27        38        69        70
         2        26        26        32        39
         2        26        26        33        39
         2        26        33        39        68
         2        26        27        32        39
         2        26        27        39        69
         2        26        39        68        69
         2        33        34        40        74
         2        34        40        41        74
         2        40        41        67        74
         2        33        40        68        74
         2        40        61        68        74
         2        40        61        67        74
         2        34        35        41        73
         2        35        41        42        73
         2        41        42        66        73
         2        34        41        73        74
         2        41        67        73        74
         2        41        66        67        73
         2        35        36        42        72
         2        36        42        43        72
         2        42        43        65        72
         2        35        42        72        73
         2        42        66        72        73
         2        42        65        66        72
         2        36        37        43        71
         2        37        43        44        71
         2        43        44        64        71
         2        36        43        71        72
         2        43        65        71        72
         2        43        64        65        71
         2        37        38        44        70
         2        38        44        45        70
         2        44        45        63        70
         2        37        44        70        71
         2        44        64        70        71
         2        44        63        64        70
         2        38        39        45        69
         2        39        45        46        69
         2        45        46        62        69
         2        38        45        69        70
         2        45        63        69        70
         2        45        62        63        69
         2        33        39        46        68
         2        33        40        46        68
         2        40        46        61        68
         2        39        46        68        69
         2        46        62        68        69
         2        46        61        62        68
         2        40        41        47        67
         2        41        47        48        67
         2        47        48        60        67
         2        40        47        61        67
         2        47        54        61        67
         2        47        54        60        67
         2        41        42        48        66
         2        42        48        49        66
         2        48        49        59        66
         2        41        48        66        67
         2        48        60        66        67
         2        48        59        60        66
         2        42        43        49        65
         2        43        49        50        65
         2        49        50        58        65
         2        42        49        65        66
         2        49        59        65        66
         2        49        58        59        65
         2        43        44        50        64
         2        44        50        51        64
         2        50        51        57        64
         2        43        50        64        65
         2        50        58        64        65
         2        50        57        58        64
         2        44        45        51        63
         2        45        51        52        63
         2        51        52        56        63
         2        44        51        63        64
         2        51        57        63        64
         2        51        56        57        63
         2        45        46        52        62
         2        46        52        53        62
         2        52        53        55        62
         2        45        52        62        63
         2        52        56        62        63
         2        52        55        56        62
         2        40        46        53        61
         2        40        47        53        61
         2        47        53        54        61
         2        46        53        61        62
         2        53        55        61        62
         2        53        54        55        61
         2        47        48        54        60
         2        48        54        55        60
         2        53        54        55        60
         4        47        54        54        60
         2        47        53        54        60
         2        48        49        55        59
         2        49        55        56        59
         2        52        55        56        59
         2        48        55        59        60
         2        53        55        59        60
         2        52        53        55        59
         2        49        50        56        58
         2        50        56        57        58
         2        51        56        57        58
         2        49        56        58        59
         2        52        56        58        59
         2        51        52        56        58
         2        50        51        57        57
         2        51        57        57        58
         2        50        57        57        58
