Automatically generated mesh
      53
Reciprocal lattice
    0.00000000000000    0.00000000000000    0.00000000000000             1
    0.14285714285714    0.00000000000000    0.00000000000000             2
    0.28571428571429    0.00000000000000    0.00000000000000             2
    0.42857142857143    0.00000000000000    0.00000000000000             2
    0.00000000000000    0.20000000000000    0.00000000000000             2
    0.14285714285714    0.20000000000000    0.00000000000000             2
    0.28571428571429    0.20000000000000    0.00000000000000             2
    0.42857142857143    0.20000000000000    0.00000000000000             2
   -0.42857142857143    0.20000000000000    0.00000000000000             2
   -0.28571428571429    0.20000000000000    0.00000000000000             2
   -0.14285714285714    0.20000000000000    0.00000000000000             2
    0.00000000000000    0.40000000000000    0.00000000000000             2
    0.14285714285714    0.40000000000000    0.00000000000000             2
    0.28571428571429    0.40000000000000    0.00000000000000             2
    0.42857142857143    0.40000000000000    0.00000000000000             2
   -0.42857142857143    0.40000000000000    0.00000000000000             2
   -0.28571428571429    0.40000000000000    0.00000000000000             2
   -0.14285714285714    0.40000000000000    0.00000000000000             2
   -0.00000000000000   -0.00000000000000    0.33333333333333             2
    0.14285714285714    0.00000000000000    0.33333333333333             2
    0.28571428571429    0.00000000000000    0.33333333333333             2
    0.42857142857143    0.00000000000000    0.33333333333333             2
   -0.42857142857143    0.00000000000000    0.33333333333333             2
   -0.28571428571429    0.00000000000000    0.33333333333333             2
   -0.14285714285714    0.00000000000000    0.33333333333333             2
    0.00000000000000    0.20000000000000    0.33333333333333             2
    0.14285714285714    0.20000000000000    0.33333333333333             2
    0.28571428571429    0.20000000000000    0.33333333333333             2
    0.42857142857143    0.20000000000000    0.33333333333333             2
   -0.42857142857143    0.20000000000000    0.33333333333333             2
   -0.28571428571429    0.20000000000000    0.33333333333333             2
   -0.14285714285714    0.20000000000000    0.33333333333333             2
    0.00000000000000    0.40000000000000    0.33333333333333             2
    0.14285714285714    0.40000000000000    0.33333333333333             2
    0.28571428571429    0.40000000000000    0.33333333333333             2
    0.42857142857143    0.40000000000000    0.33333333333333             2
   -0.42857142857143    0.40000000000000    0.33333333333333             2
   -0.28571428571429    0.40000000000000    0.33333333333333             2
   -0.14285714285714    0.40000000000000    0.33333333333333             2
    0.00000000000000   -0.40000000000000    0.33333333333333             2
    0.14285714285714   -0.40000000000000    0.33333333333333             2
    0.28571428571429   -0.40000000000000    0.33333333333333             2
    0.42857142857143   -0.40000000000000    0.33333333333333             2
   -0.42857142857143   -0.40000000000000    0.33333333333333             2
   -0.28571428571429   -0.40000000000000    0.33333333333333             2
   -0.14285714285714   -0.40000000000000    0.33333333333333             2
    0.00000000000000   -0.20000000000000    0.33333333333333             2
    0.14285714285714   -0.20000000000000    0.33333333333333             2
    0.28571428571429   -0.20000000000000    0.33333333333333             2
    0.42857142857143   -0.20000000000000    0.33333333333333             2
   -0.42857142857143   -0.20000000000000    0.33333333333333             2
   -0.28571428571429   -0.20000000000000    0.33333333333333             2
   -0.14285714285714   -0.20000000000000    0.33333333333333             2
Tetrahedra
       312    0.00158730158730
         2         1         2         6        19
         2         1         5         6        19
         2         5         6        19        26
         2         2         6        19        20
         2         6        19        20        27
         2         6        19        26        27
         2         2         3         7        20
         2         2         6         7        20
         2         6         7        20        27
         2         3         7        20        21
         2         7        20        21        28
         2         7        20        27        28
         2         3         4         8        21
         2         3         7         8        21
         2         7         8        21        28
         2         4         8        21        22
         2         8        21        22        29
         2         8        21        28        29
         2         4         4         9        22
         2         4         8         9        22
         2         8         9        22        29
         2         4         9        22        23
         2         9        22        23        30
         2         9        22        29        30
         2         3         4        10        23
         2         4         9        10        23
         2         9        10        23        30
         2         3        10        23        24
         2        10        23        24        31
         2        10        23        30        31
         2         2         3        11        24
         2         3        10        11        24
         2        10        11        24        31
         2         2        11        24        25
         2        11        24        25        32
         2        11        24        31        32
         2         1         2         5        25
         2         2         5        11        25
         2         5        11        25        32
         2         1         5        19        25
         2         5        19        25        26
         2         5        25        26        32
         2         5         6        13        26
         2         5        12        13        26
         2        12        13        26        33
         2         6        13        26        27
         2        13        26        27        34
         2        13        26        33        34
         2         6         7        14        27
         2         6        13        14        27
         2        13        14        27        34
         2         7        14        27        28
         2        14        27        28        35
         2        14        27        34        35
         2         7         8        15        28
         2         7        14        15        28
         2        14        15        28        35
         2         8        15        28        29
         2        15        28        29        36
         2        15        28        35        36
         2         8         9        16        29
         2         8        15        16        29
         2        15        16        29        36
         2         9        16        29        30
         2        16        29        30        37
         2        16        29        36        37
         2         9        10        17        30
         2         9        16        17        30
         2        16        17        30        37
         2        10        17        30        31
         2        17        30        31        38
         2        17        30        37        38
         2        10        11        18        31
         2        10        17        18        31
         2        17        18        31        38
         2        11        18        31        32
         2        18        31        32        39
         2        18        31        38        39
         2         5        11        12        32
         2        11        12        18        32
         2        12        18        32        39
         2         5        12        26        32
         2        12        26        32        33
         2        12        32        33        39
         2        12        13        18        33
         2        12        12        18        33
         2        12        18        33        40
         2        13        18        33        34
         2        18        33        34        41
         2        18        33        40        41
         2        13        14        17        34
         2        13        17        18        34
         2        17        18        34        41
         2        14        17        34        35
         2        17        34        35        42
         2        17        34        41        42
         2        14        15        16        35
         2        14        16        17        35
         2        16        17        35        42
         2        15        16        35        36
         2        16        35        36        43
         2        16        35        42        43
         4        15        15        16        36
         2        15        16        36        43
         2        15        16        36        37
         2        15        36        37        44
         2        15        36        43        44
         2        14        16        17        37
         2        14        15        16        37
         2        14        15        37        44
         2        14        17        37        38
         2        14        37        38        45
         2        14        37        44        45
         2        13        17        18        38
         2        13        14        17        38
         2        13        14        38        45
         2        13        18        38        39
         2        13        38        39        46
         2        13        38        45        46
         2        12        12        18        39
         2        12        13        18        39
         2        12        13        39        46
         2        12        12        33        39
         2        12        33        39        40
         2        12        39        40        46
         2        11        12        18        40
         2         5        11        12        40
         2         5        11        40        47
         2        11        18        40        41
         2        11        40        41        48
         2        11        40        47        48
         2        10        17        18        41
         2        10        11        18        41
         2        10        11        41        48
         2        10        17        41        42
         2        10        41        42        49
         2        10        41        48        49
         2         9        16        17        42
         2         9        10        17        42
         2         9        10        42        49
         2         9        16        42        43
         2         9        42        43        50
         2         9        42        49        50
         2         8        15        16        43
         2         8         9        16        43
         2         8         9        43        50
         2         8        15        43        44
         2         8        43        44        51
         2         8        43        50        51
         2         7        14        15        44
         2         7         8        15        44
         2         7         8        44        51
         2         7        14        44        45
         2         7        44        45        52
         2         7        44        51        52
         2         6        13        14        45
         2         6         7        14        45
         2         6         7        45        52
         2         6        13        45        46
         2         6        45        46        53
         2         6        45        52        53
         2         5        12        13        46
         2         5         6        13        46
         2         5         6        46        53
         2         5        12        40        46
         2         5        40        46        47
         2         5        46        47        53
         2         2         5        11        47
         2         1         2         5        47
         2         1         2        19        47
         2         2        11        47        48
         2         2        20        47        48
         2         2        19        20        47
         2         3        10        11        48
         2         2         3        11        48
         2         2         3        20        48
         2         3        10        48        49
         2         3        21        48        49
         2         3        20        21        48
         2         4         9        10        49
         2         3         4        10        49
         2         3         4        21        49
         2         4         9        49        50
         2         4        22        49        50
         2         4        21        22        49
         2         4         8         9        50
         2         4         4         9        50
         2         4         4        22        50
         2         4         8        50        51
         2         4        23        50        51
         2         4        22        23        50
         2         3         7         8        51
         2         3         4         8        51
         2         3         4        23        51
         2         3         7        51        52
         2         3        24        51        52
         2         3        23        24        51
         2         2         6         7        52
         2         2         3         7        52
         2         2         3        24        52
         2         2         6        52        53
         2         2        25        52        53
         2         2        24        25        52
         2         1         5         6        53
         2         1         2         6        53
         2         1         2        25        53
         2         1         5        47        53
         2         1        19        47        53
         2         1        19        25        53
         2        19        19        20        27
         2        19        19        26        27
         2        19        26        27        47
         2        19        20        25        27
         2        19        25        27        53
         2        19        27        47        53
         2        20        21        25        28
         2        20        25        27        28
         2        25        27        28        53
         2        21        24        25        28
         2        24        25        28        52
         2        25        28        52        53
         2        21        22        24        29
         2        21        24        28        29
         2        24        28        29        52
         2        22        23        24        29
         2        23        24        29        51
         2        24        29        51        52
         4        22        23        23        30
         2        22        23        29        30
         2        23        29        30        51
         2        22        23        30        50
         2        23        30        50        51
         2        22        23        24        31
         2        22        23        30        31
         2        22        30        31        50
         2        21        22        24        31
         2        21        22        31        49
         2        22        31        49        50
         2        21        24        25        32
         2        21        24        31        32
         2        21        31        32        49
         2        20        21        25        32
         2        20        21        32        48
         2        21        32        48        49
         2        19        20        25        26
         2        20        25        26        32
         2        20        26        32        48
         2        19        19        20        26
         2        19        20        26        47
         2        20        26        47        48
         2        26        27        34        47
         2        26        33        34        47
         2        33        34        40        47
         2        27        34        47        53
         2        34        46        47        53
         2        34        40        46        47
         2        27        28        35        53
         2        27        34        35        53
         2        34        35        46        53
         2        28        35        52        53
         2        35        45        52        53
         2        35        45        46        53
         2        28        29        36        52
         2        28        35        36        52
         2        35        36        45        52
         2        29        36        51        52
         2        36        44        51        52
         2        36        44        45        52
         2        29        30        37        51
         2        29        36        37        51
         2        36        37        44        51
         2        30        37        50        51
         2        37        43        50        51
         2        37        43        44        51
         2        30        31        38        50
         2        30        37        38        50
         2        37        38        43        50
         2        31        38        49        50
         2        38        42        49        50
         2        38        42        43        50
         2        31        32        39        49
         2        31        38        39        49
         2        38        39        42        49
         2        32        39        48        49
         2        39        41        48        49
         2        39        41        42        49
         2        26        32        33        48
         2        32        33        39        48
         2        33        39        41        48
         2        26        33        47        48
         2        33        40        47        48
         2        33        40        41        48
         2        33        34        40        41
         4        33        40        40        41
         2        34        40        41        46
         2        39        40        41        46
         2        33        39        40        41
         2        34        35        42        46
         2        34        41        42        46
         2        39        41        42        46
         2        35        42        45        46
         2        38        42        45        46
         2        38        39        42        46
         2        35        36        43        45
         2        35        42        43        45
         2        38        42        43        45
         2        36        43        44        45
         2        37        43        44        45
         2        37        38        43        45
         2        36        37        44        44
         2        36        43        44        44
         2        37        43        44        44
