Automatically generated mesh
      62
Reciprocal lattice
    0.00000000000000    0.00000000000000    0.00000000000000             1
    0.25000000000000    0.00000000000000    0.00000000000000             2
    0.50000000000000    0.00000000000000    0.00000000000000             1
    0.00000000000000    0.20000000000000    0.00000000000000             2
    0.25000000000000    0.20000000000000    0.00000000000000             2
    0.50000000000000    0.20000000000000   -0.00000000000000             2
   -0.25000000000000    0.20000000000000    0.00000000000000             2
    0.00000000000000    0.40000000000000    0.00000000000000             2
    0.25000000000000    0.40000000000000    0.00000000000000             2
    0.50000000000000    0.40000000000000    0.00000000000000             2
   -0.25000000000000    0.40000000000000    0.00000000000000             2
    0.00000000000000    0.00000000000000    0.16666666666667             2
    0.25000000000000    0.00000000000000    0.16666666666667             2
    0.50000000000000    0.00000000000000    0.16666666666667             2
   -0.25000000000000    0.00000000000000    0.16666666666667             2
    0.00000000000000    0.20000000000000    0.16666666666667             2
    0.25000000000000    0.20000000000000    0.16666666666667             2
    0.50000000000000    0.20000000000000    0.16666666666667             2
   -0.25000000000000    0.20000000000000    0.16666666666667             2
    0.00000000000000    0.40000000000000    0.16666666666667             2
    0.25000000000000    0.40000000000000    0.16666666666667             2
    0.50000000000000    0.40000000000000    0.16666666666667             2
   -0.25000000000000    0.40000000000000    0.16666666666667             2
    0.00000000000000   -0.40000000000000    0.16666666666667             2
    0.25000000000000   -0.40000000000000    0.16666666666667             2
    0.50000000000000   -0.40000000000000    0.16666666666667             2
   -0.25000000000000   -0.40000000000000    0.16666666666667             2
    0.00000000000000   -0.20000000000000    0.16666666666667             2
    0.25000000000000   -0.20000000000000    0.16666666666667             2
    0.50000000000000   -0.20000000000000    0.16666666666667             2
   -0.25000000000000   -0.20000000000000    0.16666666666667             2
    0.00000000000000    0.00000000000000    0.33333333333333             2
    0.25000000000000    0.00000000000000    0.33333333333333             2
    0.50000000000000    0.00000000000000    0.33333333333333             2
   -0.25000000000000    0.00000000000000    0.33333333333333             2
    0.00000000000000    0.20000000000000    0.33333333333333             2
    0.25000000000000    0.20000000000000    0.33333333333333             2
    0.50000000000000    0.20000000000000    0.33333333333333             2
   -0.25000000000000    0.20000000000000    0.33333333333333             2
    0.00000000000000    0.40000000000000    0.33333333333333             2
    0.25000000000000    0.40000000000000    0.33333333333333             2
    0.50000000000000    0.40000000000000    0.33333333333333             2
   -0.25000000000000    0.40000000000000    0.33333333333333             2
    0.00000000000000   -0.40000000000000    0.33333333333333             2
    0.25000000000000   -0.40000000000000    0.33333333333333             2
    0.50000000000000   -0.40000000000000    0.33333333333333             2
   -0.25000000000000   -0.40000000000000    0.33333333333333             2
    0.00000000000000   -0.20000000000000    0.33333333333333             2
    0.25000000000000   -0.20000000000000    0.33333333333333             2
    0.50000000000000   -0.20000000000000    0.33333333333333             2
   -0.25000000000000   -0.20000000000000    0.33333333333333             2
    0.00000000000000    0.00000000000000    0.50000000000000             1
    0.25000000000000    0.00000000000000    0.50000000000000             2
    0.50000000000000    0.00000000000000    0.50000000000000             1
    0.00000000000000    0.20000000000000    0.50000000000000             2
    0.25000000000000    0.20000000000000    0.50000000000000             2
    0.50000000000000    0.20000000000000    0.50000000000000             2
   -0.25000000000000    0.20000000000000    0.50000000000000             2
    0.00000000000000    0.40000000000000    0.50000000000000             2
    0.25000000000000    0.40000000000000    0.50000000000000             2
    0.50000000000000    0.40000000000000    0.50000000000000             2
   -0.25000000000000    0.40000000000000    0.50000000000000             2
Tetrahedra
       360    0.00138888888889
         2         1         2         5        12
         2         1         4         5        12
         2         4         5        12        16
         2         2         5        12        13
         2         5        12        13        17
         2         5        12        16        17
         2         2         3         6        13
         2         2         5         6        13
         2         5         6        13        17
         2         3         6        13        14
         2         6        13        14        18
         2         6        13        17        18
         2         2         3         7        14
         2         3         6         7        14
         2         6         7        14        18
         2         2         7        14        15
         2         7        14        15        19
         2         7        14        18        19
         2         1         2         4        15
         2         2         4         7        15
         2         4         7        15        19
         2         1         4        12        15
         2         4        12        15        16
         2         4        15        16        19
         2         4         5         9        16
         2         4         8         9        16
         2         8         9        16        20
         2         5         9        16        17
         2         9        16        17        21
         2         9        16        20        21
         2         5         6        10        17
         2         5         9        10        17
         2         9        10        17        21
         2         6        10        17        18
         2        10        17        18        22
         2        10        17        21        22
         2         6         7        11        18
         2         6        10        11        18
         2        10        11        18        22
         2         7        11        18        19
         2        11        18        19        23
         2        11        18        22        23
         2         4         7         8        19
         2         7         8        11        19
         2         8        11        19        23
         2         4         8        16        19
         2         8        16        19        20
         2         8        19        20        23
         2         8         9        11        20
         2         8         8        11        20
         2         8        11        20        24
         2         9        11        20        21
         2        11        20        21        25
         2        11        20        24        25
         2         9        10        10        21
         2         9        10        11        21
         2        10        11        21        25
         2        10        10        21        22
         2        10        21        22        26
         2        10        21        25        26
         2         9        10        11        22
         2         9        10        10        22
         2         9        10        22        26
         2         9        11        22        23
         2         9        22        23        27
         2         9        22        26        27
         2         8         8        11        23
         2         8         9        11        23
         2         8         9        23        27
         2         8         8        20        23
         2         8        20        23        24
         2         8        23        24        27
         2         7         8        11        24
         2         4         7         8        24
         2         4         7        24        28
         2         7        11        24        25
         2         7        24        25        29
         2         7        24        28        29
         2         6        10        11        25
         2         6         7        11        25
         2         6         7        25        29
         2         6        10        25        26
         2         6        25        26        30
         2         6        25        29        30
         2         5         9        10        26
         2         5         6        10        26
         2         5         6        26        30
         2         5         9        26        27
         2         5        26        27        31
         2         5        26        30        31
         2         4         8         9        27
         2         4         5         9        27
         2         4         5        27        31
         2         4         8        24        27
         2         4        24        27        28
         2         4        27        28        31
         2         2         4         7        28
         2         1         2         4        28
         2         1         2        12        28
         2         2         7        28        29
         2         2        13        28        29
         2         2        12        13        28
         2         3         6         7        29
         2         2         3         7        29
         2         2         3        13        29
         2         3         6        29        30
         2         3        14        29        30
         2         3        13        14        29
         2         2         5         6        30
         2         2         3         6        30
         2         2         3        14        30
         2         2         5        30        31
         2         2        15        30        31
         2         2        14        15        30
         2         1         4         5        31
         2         1         2         5        31
         2         1         2        15        31
         2         1         4        28        31
         2         1        12        28        31
         2         1        12        15        31
         2        12        13        17        32
         2        12        16        17        32
         2        16        17        32        36
         2        13        17        32        33
         2        17        32        33        37
         2        17        32        36        37
         2        13        14        18        33
         2        13        17        18        33
         2        17        18        33        37
         2        14        18        33        34
         2        18        33        34        38
         2        18        33        37        38
         2        14        15        19        34
         2        14        18        19        34
         2        18        19        34        38
         2        15        19        34        35
         2        19        34        35        39
         2        19        34        38        39
         2        12        15        16        35
         2        15        16        19        35
         2        16        19        35        39
         2        12        16        32        35
         2        16        32        35        36
         2        16        35        36        39
         2        16        17        21        36
         2        16        20        21        36
         2        20        21        36        40
         2        17        21        36        37
         2        21        36        37        41
         2        21        36        40        41
         2        17        18        22        37
         2        17        21        22        37
         2        21        22        37        41
         2        18        22        37        38
         2        22        37        38        42
         2        22        37        41        42
         2        18        19        23        38
         2        18        22        23        38
         2        22        23        38        42
         2        19        23        38        39
         2        23        38        39        43
         2        23        38        42        43
         2        16        19        20        39
         2        19        20        23        39
         2        20        23        39        43
         2        16        20        36        39
         2        20        36        39        40
         2        20        39        40        43
         2        20        21        25        40
         2        20        24        25        40
         2        24        25        40        44
         2        21        25        40        41
         2        25        40        41        45
         2        25        40        44        45
         2        21        22        26        41
         2        21        25        26        41
         2        25        26        41        45
         2        22        26        41        42
         2        26        41        42        46
         2        26        41        45        46
         2        22        23        27        42
         2        22        26        27        42
         2        26        27        42        46
         2        23        27        42        43
         2        27        42        43        47
         2        27        42        46        47
         2        20        23        24        43
         2        23        24        27        43
         2        24        27        43        47
         2        20        24        40        43
         2        24        40        43        44
         2        24        43        44        47
         2        24        25        29        44
         2        24        28        29        44
         2        28        29        44        48
         2        25        29        44        45
         2        29        44        45        49
         2        29        44        48        49
         2        25        26        30        45
         2        25        29        30        45
         2        29        30        45        49
         2        26        30        45        46
         2        30        45        46        50
         2        30        45        49        50
         2        26        27        31        46
         2        26        30        31        46
         2        30        31        46        50
         2        27        31        46        47
         2        31        46        47        51
         2        31        46        50        51
         2        24        27        28        47
         2        27        28        31        47
         2        28        31        47        51
         2        24        28        44        47
         2        28        44        47        48
         2        28        47        48        51
         2        13        28        29        48
         2        12        13        28        48
         2        12        13        32        48
         2        13        29        48        49
         2        13        33        48        49
         2        13        32        33        48
         2        14        29        30        49
         2        13        14        29        49
         2        13        14        33        49
         2        14        30        49        50
         2        14        34        49        50
         2        14        33        34        49
         2        15        30        31        50
         2        14        15        30        50
         2        14        15        34        50
         2        15        31        50        51
         2        15        35        50        51
         2        15        34        35        50
         2        12        28        31        51
         2        12        15        31        51
         2        12        15        35        51
         2        12        28        48        51
         2        12        32        48        51
         2        12        32        35        51
         2        32        33        37        52
         2        32        36        37        52
         2        36        37        52        55
         2        33        37        52        53
         2        37        52        53        56
         2        37        52        55        56
         2        33        34        38        53
         2        33        37        38        53
         2        37        38        53        56
         2        34        38        53        54
         2        38        53        54        57
         2        38        53        56        57
         2        34        35        39        54
         2        34        38        39        54
         2        38        39        54        57
         2        35        39        53        54
         2        39        53        54        58
         2        39        54        57        58
         2        32        35        36        53
         2        35        36        39        53
         2        36        39        53        58
         2        32        36        52        53
         2        36        52        53        55
         2        36        53        55        58
         2        36        37        41        55
         2        36        40        41        55
         2        40        41        55        59
         2        37        41        55        56
         2        41        55        56        60
         2        41        55        59        60
         2        37        38        42        56
         2        37        41        42        56
         2        41        42        56        60
         2        38        42        56        57
         2        42        56        57        61
         2        42        56        60        61
         2        38        39        43        57
         2        38        42        43        57
         2        42        43        57        61
         2        39        43        57        58
         2        43        57        58        62
         2        43        57        61        62
         2        36        39        40        58
         2        39        40        43        58
         2        40        43        58        62
         2        36        40        55        58
         2        40        55        58        59
         2        40        58        59        62
         2        40        41        45        59
         2        40        44        45        59
         2        44        45        59        59
         2        41        45        59        60
         2        45        59        60        62
         2        45        59        59        62
         2        41        42        46        60
         2        41        45        46        60
         2        45        46        60        62
         2        42        46        60        61
         2        46        60        61        61
         2        46        60        61        62
         2        42        43        47        61
         2        42        46        47        61
         2        46        47        61        61
         2        43        47        61        62
         2        47        60        61        62
         2        47        60        61        61
         2        40        43        44        62
         2        43        44        47        62
         2        44        47        60        62
         2        40        44        59        62
         2        44        59        59        62
         2        44        59        60        62
         2        44        45        49        59
         2        44        48        49        59
         2        48        49        55        59
         2        45        49        59        62
         2        49        58        59        62
         2        49        55        58        59
         2        45        46        50        62
         2        45        49        50        62
         2        49        50        58        62
         2        46        50        61        62
         2        50        57        61        62
         2        50        57        58        62
         2        46        47        51        61
         2        46        50        51        61
         2        50        51        57        61
         2        47        51        60        61
         2        51        56        60        61
         2        51        56        57        61
         2        44        47        48        60
         2        47        48        51        60
         2        48        51        56        60
         2        44        48        59        60
         2        48        55        59        60
         2        48        55        56        60
         2        33        48        49        55
         2        32        33        48        55
         2        32        33        52        55
         2        33        49        55        58
         2        33        53        55        58
         2        33        52        53        55
         2        34        49        50        58
         2        33        34        49        58
         2        33        34        53        58
         2        34        50        57        58
         2        34        54        57        58
         2        34        53        54        58
         2        35        50        51        57
         2        34        35        50        57
         2        34        35        54        57
         2        35        51        56        57
         2        35        53        56        57
         2        35        53        54        57
         2        32        48        51        56
         2        32        35        51        56
         2        32        35        53        56
         2        32        48        55        56
         2        32        52        55        56
         2        32        52        53        56
