Automatically generated mesh
      44
Reciprocal lattice
    0.00000000000000    0.00000000000000    0.00000000000000             1
    0.14285714285714    0.00000000000000    0.00000000000000             2
    0.28571428571429    0.00000000000000    0.00000000000000             2
    0.42857142857143    0.00000000000000    0.00000000000000             2
    0.00000000000000    0.16666666666667    0.00000000000000             2
    0.14285714285714    0.16666666666667    0.00000000000000             2
    0.28571428571429    0.16666666666667    0.00000000000000             2
    0.42857142857143    0.16666666666667    0.00000000000000             2
   -0.42857142857143    0.16666666666667    0.00000000000000             2
   -0.28571428571429    0.16666666666667    0.00000000000000             2
   -0.14285714285714    0.16666666666667    0.00000000000000             2
    0.00000000000000    0.33333333333333    0.00000000000000             2
    0.14285714285714    0.33333333333333    0.00000000000000             2
    0.28571428571429    0.33333333333333    0.00000000000000             2
    0.42857142857143    0.33333333333333    0.00000000000000             2
   -0.42857142857143    0.33333333333333    0.00000000000000             2
   -0.28571428571429    0.33333333333333    0.00000000000000             2
   -0.14285714285714    0.33333333333333    0.00000000000000             2
    0.00000000000000    0.50000000000000    0.00000000000000             1
    0.14285714285714    0.50000000000000    0.00000000000000             2
    0.28571428571429    0.50000000000000    0.00000000000000             2
    0.42857142857143    0.50000000000000    0.00000000000000             2
    0.00000000000000    0.00000000000000    0.50000000000000             1
    0.14285714285714    0.00000000000000    0.50000000000000             2
    0.28571428571429    0.00000000000000    0.50000000000000             2
    0.42857142857143    0.00000000000000    0.50000000000000             2
    0.00000000000000    0.16666666666667    0.50000000000000             2
    0.14285714285714    0.16666666666667    0.50000000000000             2
    0.28571428571429    0.16666666666667    0.50000000000000             2
    0.42857142857143    0.16666666666667    0.50000000000000             2
   -0.42857142857143    0.16666666666667    0.50000000000000             2
   -0.28571428571429    0.16666666666667    0.50000000000000             2
   -0.14285714285714    0.16666666666667    0.50000000000000             2
    0.00000000000000    0.33333333333333    0.50000000000000             2
    0.14285714285714    0.33333333333333    0.50000000000000             2
    0.28571428571429    0.33333333333333    0.50000000000000             2
    0.42857142857143    0.33333333333333    0.50000000000000             2
   -0.42857142857143    0.33333333333333    0.50000000000000             2
   -0.28571428571429    0.33333333333333    0.50000000000000             2
   -0.14285714285714    0.33333333333333    0.50000000000000             2
    0.00000000000000    0.50000000000000    0.50000000000000             1
    0.14285714285714    0.50000000000000    0.50000000000000             2
    0.28571428571429    0.50000000000000    0.50000000000000             2
    0.42857142857143    0.50000000000000    0.50000000000000             2
Tetrahedra
       252    0.00198412698413
         2         1         2         6        23
         2         1         5         6        23
         2         5         6        23        27
         2         2         6        23        24
         2         6        23        24        28
         2         6        23        27        28
         2         2         3         7        24
         2         2         6         7        24
         2         6         7        24        28
         2         3         7        24        25
         2         7        24        25        29
         2         7        24        28        29
         2         3         4         8        25
         2         3         7         8        25
         2         7         8        25        29
         2         4         8        25        26
         2         8        25        26        30
         2         8        25        29        30
         2         4         4         9        26
         2         4         8         9        26
         2         8         9        26        30
         2         4         9        26        26
         2         9        26        26        31
         2         9        26        30        31
         2         3         4        10        26
         2         4         9        10        26
         2         9        10        26        31
         2         3        10        25        26
         2        10        25        26        32
         2        10        26        31        32
         2         2         3        11        25
         2         3        10        11        25
         2        10        11        25        32
         2         2        11        24        25
         2        11        24        25        33
         2        11        25        32        33
         2         1         2         5        24
         2         2         5        11        24
         2         5        11        24        33
         2         1         5        23        24
         2         5        23        24        27
         2         5        24        27        33
         2         5         6        13        27
         2         5        12        13        27
         2        12        13        27        34
         2         6        13        27        28
         2        13        27        28        35
         2        13        27        34        35
         2         6         7        14        28
         2         6        13        14        28
         2        13        14        28        35
         2         7        14        28        29
         2        14        28        29        36
         2        14        28        35        36
         2         7         8        15        29
         2         7        14        15        29
         2        14        15        29        36
         2         8        15        29        30
         2        15        29        30        37
         2        15        29        36        37
         2         8         9        16        30
         2         8        15        16        30
         2        15        16        30        37
         2         9        16        30        31
         2        16        30        31        38
         2        16        30        37        38
         2         9        10        17        31
         2         9        16        17        31
         2        16        17        31        38
         2        10        17        31        32
         2        17        31        32        39
         2        17        31        38        39
         2        10        11        18        32
         2        10        17        18        32
         2        17        18        32        39
         2        11        18        32        33
         2        18        32        33        40
         2        18        32        39        40
         2         5        11        12        33
         2        11        12        18        33
         2        12        18        33        40
         2         5        12        27        33
         2        12        27        33        34
         2        12        33        34        40
         2        12        13        20        34
         2        12        19        20        34
         2        19        20        34        41
         2        13        20        34        35
         2        20        34        35        42
         2        20        34        41        42
         2        13        14        21        35
         2        13        20        21        35
         2        20        21        35        42
         2        14        21        35        36
         2        21        35        36        43
         2        21        35        42        43
         2        14        15        22        36
         2        14        21        22        36
         2        21        22        36        43
         2        15        22        36        37
         2        22        36        37        44
         2        22        36        43        44
         2        15        16        22        37
         2        15        22        22        37
         2        22        22        37        44
         2        16        22        37        38
         2        22        37        38        44
         2        22        37        44        44
         2        16        17        21        38
         2        16        21        22        38
         2        21        22        38        44
         2        17        21        38        39
         2        21        38        39        43
         2        21        38        43        44
         2        17        18        20        39
         2        17        20        21        39
         2        20        21        39        43
         2        18        20        39        40
         2        20        39        40        42
         2        20        39        42        43
         2        12        18        19        40
         2        18        19        20        40
         2        19        20        40        42
         2        12        19        34        40
         2        19        34        40        41
         2        19        40        41        42
         2        18        19        20        41
         2        12        18        19        41
         2        12        18        34        41
         2        18        20        41        42
         2        18        40        41        42
         2        18        34        40        41
         2        17        20        21        42
         2        17        18        20        42
         2        17        18        40        42
         2        17        21        42        43
         2        17        39        42        43
         2        17        39        40        42
         2        16        21        22        43
         2        16        17        21        43
         2        16        17        39        43
         2        16        22        43        44
         2        16        38        43        44
         2        16        38        39        43
         2        15        22        22        44
         2        15        16        22        44
         2        15        16        38        44
         2        15        22        44        44
         2        15        37        44        44
         2        15        37        38        44
         2        14        21        22        44
         2        14        15        22        44
         2        14        15        37        44
         2        14        21        43        44
         2        14        36        43        44
         2        14        36        37        44
         2        13        20        21        43
         2        13        14        21        43
         2        13        14        36        43
         2        13        20        42        43
         2        13        35        42        43
         2        13        35        36        43
         2        12        19        20        42
         2        12        13        20        42
         2        12        13        35        42
         2        12        19        41        42
         2        12        34        41        42
         2        12        34        35        42
         2        11        12        18        34
         2         5        11        12        34
         2         5        11        27        34
         2        11        18        34        40
         2        11        33        34        40
         2        11        27        33        34
         2        10        17        18        40
         2        10        11        18        40
         2        10        11        33        40
         2        10        17        39        40
         2        10        32        39        40
         2        10        32        33        40
         2         9        16        17        39
         2         9        10        17        39
         2         9        10        32        39
         2         9        16        38        39
         2         9        31        38        39
         2         9        31        32        39
         2         8        15        16        38
         2         8         9        16        38
         2         8         9        31        38
         2         8        15        37        38
         2         8        30        37        38
         2         8        30        31        38
         2         7        14        15        37
         2         7         8        15        37
         2         7         8        30        37
         2         7        14        36        37
         2         7        29        36        37
         2         7        29        30        37
         2         6        13        14        36
         2         6         7        14        36
         2         6         7        29        36
         2         6        13        35        36
         2         6        28        35        36
         2         6        28        29        36
         2         5        12        13        35
         2         5         6        13        35
         2         5         6        28        35
         2         5        12        34        35
         2         5        27        34        35
         2         5        27        28        35
         2         2         5        11        27
         2         1         2         5        27
         2         1         2        23        27
         2         2        11        27        33
         2         2        24        27        33
         2         2        23        24        27
         2         3        10        11        33
         2         2         3        11        33
         2         2         3        24        33
         2         3        10        32        33
         2         3        25        32        33
         2         3        24        25        33
         2         4         9        10        32
         2         3         4        10        32
         2         3         4        25        32
         2         4         9        31        32
         2         4        26        31        32
         2         4        25        26        32
         2         4         8         9        31
         2         4         4         9        31
         2         4         4        26        31
         2         4         8        30        31
         2         4        26        30        31
         2         4        26        26        31
         2         3         7         8        30
         2         3         4         8        30
         2         3         4        26        30
         2         3         7        29        30
         2         3        25        29        30
         2         3        25        26        30
         2         2         6         7        29
         2         2         3         7        29
         2         2         3        25        29
         2         2         6        28        29
         2         2        24        28        29
         2         2        24        25        29
         2         1         5         6        28
         2         1         2         6        28
         2         1         2        24        28
         2         1         5        27        28
         2         1        23        27        28
         2         1        23        24        28
