Automatically generated mesh
      62
Reciprocal lattice
    0.00000000000000    0.00000000000000    0.00000000000000             1
    0.16666666666667    0.00000000000000    0.00000000000000             2
    0.33333333333333    0.00000000000000    0.00000000000000             2
    0.50000000000000    0.00000000000000    0.00000000000000             1
    0.00000000000000    0.20000000000000    0.00000000000000             2
    0.16666666666667    0.20000000000000    0.00000000000000             2
    0.33333333333333    0.20000000000000    0.00000000000000             2
    0.50000000000000    0.20000000000000    0.00000000000000             2
   -0.33333333333333    0.20000000000000    0.00000000000000             2
   -0.16666666666667    0.20000000000000    0.00000000000000             2
    0.00000000000000    0.40000000000000    0.00000000000000             2
    0.16666666666667    0.40000000000000    0.00000000000000             2
    0.33333333333333    0.40000000000000    0.00000000000000             2
    0.50000000000000    0.40000000000000    0.00000000000000             2
   -0.33333333333333    0.40000000000000    0.00000000000000             2
   -0.16666666666667    0.40000000000000    0.00000000000000             2
    0.00000000000000    0.00000000000000    0.25000000000000             2
    0.16666666666667    0.00000000000000    0.25000000000000             2
    0.33333333333333    0.00000000000000    0.25000000000000             2
    0.50000000000000    0.00000000000000    0.25000000000000             2
   -0.33333333333333    0.00000000000000    0.25000000000000             2
   -0.16666666666667    0.00000000000000    0.25000000000000             2
    0.00000000000000    0.20000000000000    0.25000000000000             2
    0.16666666666667    0.20000000000000    0.25000000000000             2
    0.33333333333333    0.20000000000000    0.25000000000000             2
    0.50000000000000    0.20000000000000    0.25000000000000             2
   -0.33333333333333    0.20000000000000    0.25000000000000             2
   -0.16666666666667    0.20000000000000    0.25000000000000             2
    0.00000000000000    0.40000000000000    0.25000000000000             2
    0.16666666666667    0.40000000000000    0.25000000000000             2
    0.33333333333333    0.40000000000000    0.25000000000000             2
    0.50000000000000    0.40000000000000    0.25000000000000             2
   -0.33333333333333    0.40000000000000    0.25000000000000             2
   -0.16666666666667    0.40000000000000    0.25000000000000             2
    0.00000000000000   -0.40000000000000    0.25000000000000             2
    0.16666666666667   -0.40000000000000    0.25000000000000             2
    0.33333333333333   -0.40000000000000    0.25000000000000             2
    0.50000000000000   -0.40000000000000    0.25000000000000             2
   -0.33333333333333   -0.40000000000000    0.25000000000000             2
   -0.16666666666667   -0.40000000000000    0.25000000000000             2
    0.00000000000000   -0.20000000000000    0.25000000000000             2
    0.16666666666667   -0.20000000000000    0.25000000000000             2
    0.33333333333333   -0.20000000000000    0.25000000000000             2
    0.50000000000000   -0.20000000000000    0.25000000000000             2
   -0.33333333333333   -0.20000000000000    0.25000000000000             2
   -0.16666666666667   -0.20000000000000    0.25000000000000             2
    0.00000000000000    0.00000000000000    0.50000000000000             1
    0.16666666666667    0.00000000000000    0.50000000000000             2
    0.33333333333333    0.00000000000000    0.50000000000000             2
    0.50000000000000    0.00000000000000    0.50000000000000             1
    0.00000000000000    0.20000000000000    0.50000000000000             2
    0.16666666666667    0.20000000000000    0.50000000000000             2
    0.33333333333333    0.20000000000000    0.50000000000000             2
    0.50000000000000    0.20000000000000    0.50000000000000             2
   -0.33333333333333    0.20000000000000    0.50000000000000             2
   -0.16666666666667    0.20000000000000    0.50000000000000             2
    0.00000000000000    0.40000000000000    0.50000000000000             2
    0.16666666666667    0.40000000000000    0.50000000000000             2
    0.33333333333333    0.40000000000000    0.50000000000000             2
    0.50000000000000    0.40000000000000    0.50000000000000             2
   -0.33333333333333    0.40000000000000    0.50000000000000             2
   -0.16666666666667    0.40000000000000    0.50000000000000             2
Tetrahedra
       360    0.00138888888889
         2         1         5         6        24
         2         1         2         6        24
         2         1         2        18        24
         2         1         5        23        24
         2         1        17        23        24
         2         1        17        18        24
         2         2         6         7        25
         2         2         3         7        25
         2         2         3        19        25
         2         2         6        24        25
         2         2        18        24        25
         2         2        18        19        25
         2         3         7         8        26
         2         3         4         8        26
         2         3         4        20        26
         2         3         7        25        26
         2         3        19        25        26
         2         3        19        20        26
         2         4         8         9        27
         2         3         4         9        27
         2         3         4        21        27
         2         4         8        26        27
         2         4        20        26        27
         2         4        20        21        27
         2         3         9        10        28
         2         2         3        10        28
         2         2         3        22        28
         2         3         9        27        28
         2         3        21        27        28
         2         3        21        22        28
         2         2         5        10        23
         2         1         2         5        23
         2         1         2        17        23
         2         2        10        23        28
         2         2        22        23        28
         2         2        17        22        23
         2         5        11        12        30
         2         5         6        12        30
         2         5         6        24        30
         2         5        11        29        30
         2         5        23        29        30
         2         5        23        24        30
         2         6        12        13        31
         2         6         7        13        31
         2         6         7        25        31
         2         6        12        30        31
         2         6        24        30        31
         2         6        24        25        31
         2         7        13        14        32
         2         7         8        14        32
         2         7         8        26        32
         2         7        13        31        32
         2         7        25        31        32
         2         7        25        26        32
         2         8        14        15        33
         2         8         9        15        33
         2         8         9        27        33
         2         8        14        32        33
         2         8        26        32        33
         2         8        26        27        33
         2         9        15        16        34
         2         9        10        16        34
         2         9        10        28        34
         2         9        15        33        34
         2         9        27        33        34
         2         9        27        28        34
         2        10        11        16        29
         2         5        10        11        29
         2         5        10        23        29
         2        10        16        29        34
         2        10        28        29        34
         2        10        23        28        29
         2        11        11        16        36
         2        11        12        16        36
         2        11        12        30        36
         2        11        11        35        36
         2        11        29        35        36
         2        11        29        30        36
         2        12        15        16        37
         2        12        13        15        37
         2        12        13        31        37
         2        12        16        36        37
         2        12        30        36        37
         2        12        30        31        37
         2        13        14        15        38
         2        13        14        14        38
         2        13        14        32        38
         2        13        15        37        38
         2        13        31        37        38
         2        13        31        32        38
         2        13        14        14        39
         2        13        14        15        39
         2        14        15        33        39
         2        14        14        38        39
         2        14        32        38        39
         2        14        32        33        39
         2        12        13        15        40
         2        12        15        16        40
         2        15        16        34        40
         2        13        15        39        40
         2        15        33        39        40
         2        15        33        34        40
         2        11        12        16        35
         2        11        11        16        35
         2        11        16        29        35
         2        12        16        35        40
         2        16        34        35        40
         2        16        29        34        35
         2         5        10        11        42
         2        10        11        16        42
         2        11        16        36        42
         2         5        11        41        42
         2        11        35        41        42
         2        11        35        36        42
         2         9        10        16        43
         2         9        15        16        43
         2        15        16        37        43
         2        10        16        42        43
         2        16        36        42        43
         2        16        36        37        43
         2         8         9        15        44
         2         8        14        15        44
         2        14        15        38        44
         2         9        15        43        44
         2        15        37        43        44
         2        15        37        38        44
         2         7         8        14        45
         2         7        13        14        45
         2        13        14        39        45
         2         8        14        44        45
         2        14        38        44        45
         2        14        38        39        45
         2         6         7        13        46
         2         6        12        13        46
         2        12        13        40        46
         2         7        13        45        46
         2        13        39        45        46
         2        13        39        40        46
         2         5         6        12        41
         2         5        11        12        41
         2        11        12        35        41
         2         6        12        41        46
         2        12        40        41        46
         2        12        35        40        41
         2         1         2         5        18
         2         2         5        10        18
         2         5        10        18        42
         2         1         5        17        18
         2         5        17        18        41
         2         5        18        41        42
         2         2         3        10        19
         2         3         9        10        19
         2         9        10        19        43
         2         2        10        18        19
         2        10        18        19        42
         2        10        19        42        43
         2         3         4         9        20
         2         4         8         9        20
         2         8         9        20        44
         2         3         9        19        20
         2         9        19        20        43
         2         9        20        43        44
         2         3         4         8        21
         2         3         7         8        21
         2         7         8        21        45
         2         4         8        20        21
         2         8        20        21        44
         2         8        21        44        45
         2         2         3         7        22
         2         2         6         7        22
         2         6         7        22        46
         2         3         7        21        22
         2         7        21        22        45
         2         7        22        45        46
         2         1         2         6        17
         2         1         5         6        17
         2         5         6        17        41
         2         2         6        17        22
         2         6        17        22        46
         2         6        17        41        46
         2        17        23        24        52
         2        17        18        24        52
         2        17        18        48        52
         2        17        23        51        52
         2        17        47        51        52
         2        17        47        48        52
         2        18        24        25        53
         2        18        19        25        53
         2        18        19        49        53
         2        18        24        52        53
         2        18        48        52        53
         2        18        48        49        53
         2        19        25        26        54
         2        19        20        26        54
         2        19        20        50        54
         2        19        25        53        54
         2        19        49        53        54
         2        19        49        50        54
         2        20        26        27        55
         2        20        21        27        55
         2        20        21        49        55
         2        20        26        54        55
         2        20        50        54        55
         2        20        49        50        55
         2        21        27        28        56
         2        21        22        28        56
         2        21        22        48        56
         2        21        27        55        56
         2        21        49        55        56
         2        21        48        49        56
         2        22        23        28        51
         2        17        22        23        51
         2        17        22        47        51
         2        22        28        51        56
         2        22        48        51        56
         2        22        47        48        51
         2        23        29        30        58
         2        23        24        30        58
         2        23        24        52        58
         2        23        29        57        58
         2        23        51        57        58
         2        23        51        52        58
         2        24        30        31        59
         2        24        25        31        59
         2        24        25        53        59
         2        24        30        58        59
         2        24        52        58        59
         2        24        52        53        59
         2        25        31        32        60
         2        25        26        32        60
         2        25        26        54        60
         2        25        31        59        60
         2        25        53        59        60
         2        25        53        54        60
         2        26        32        33        61
         2        26        27        33        61
         2        26        27        55        61
         2        26        32        60        61
         2        26        54        60        61
         2        26        54        55        61
         2        27        33        34        62
         2        27        28        34        62
         2        27        28        56        62
         2        27        33        61        62
         2        27        55        61        62
         2        27        55        56        62
         2        28        29        34        57
         2        23        28        29        57
         2        23        28        51        57
         2        28        34        57        62
         2        28        56        57        62
         2        28        51        56        57
         2        29        35        36        62
         2        29        30        36        62
         2        29        30        58        62
         2        29        35        57        62
         2        29        57        57        62
         2        29        57        58        62
         2        30        36        37        61
         2        30        31        37        61
         2        30        31        59        61
         2        30        36        61        62
         2        30        58        61        62
         2        30        58        59        61
         2        31        37        38        60
         2        31        32        38        60
         2        31        32        60        60
         2        31        37        60        61
         2        31        59        60        61
         2        31        59        60        60
         2        32        38        39        59
         2        32        33        39        59
         2        32        33        59        61
         2        32        38        59        60
         2        32        59        60        60
         2        32        59        60        61
         2        33        39        40        58
         2        33        34        40        58
         2        33        34        58        62
         2        33        39        58        59
         2        33        58        59        61
         2        33        58        61        62
         2        34        35        40        57
         2        29        34        35        57
         2        29        34        57        57
         2        34        40        57        58
         2        34        57        58        62
         2        34        57        57        62
         2        35        41        42        56
         2        35        36        42        56
         2        35        36        56        62
         2        35        41        51        56
         2        35        51        56        57
         2        35        56        57        62
         2        36        42        43        55
         2        36        37        43        55
         2        36        37        55        61
         2        36        42        55        56
         2        36        55        56        62
         2        36        55        61        62
         2        37        43        44        54
         2        37        38        44        54
         2        37        38        54        60
         2        37        43        54        55
         2        37        54        55        61
         2        37        54        60        61
         2        38        44        45        53
         2        38        39        45        53
         2        38        39        53        59
         2        38        44        53        54
         2        38        53        54        60
         2        38        53        59        60
         2        39        45        46        52
         2        39        40        46        52
         2        39        40        52        58
         2        39        45        52        53
         2        39        52        53        59
         2        39        52        58        59
         2        40        41        46        51
         2        35        40        41        51
         2        35        40        51        57
         2        40        46        51        52
         2        40        51        52        58
         2        40        51        57        58
         2        17        18        41        48
         2        18        41        42        48
         2        41        42        48        56
         2        17        41        47        48
         2        41        47        48        51
         2        41        48        51        56
         2        18        19        42        49
         2        19        42        43        49
         2        42        43        49        55
         2        18        42        48        49
         2        42        48        49        56
         2        42        49        55        56
         2        19        20        43        50
         2        20        43        44        50
         2        43        44        50        54
         2        19        43        49        50
         2        43        49        50        55
         2        43        50        54        55
         2        20        21        44        49
         2        21        44        45        49
         2        44        45        49        53
         2        20        44        49        50
         2        44        49        50        54
         2        44        49        53        54
         2        21        22        45        48
         2        22        45        46        48
         2        45        46        48        52
         2        21        45        48        49
         2        45        48        49        53
         2        45        48        52        53
         2        17        22        46        47
         2        17        41        46        47
         2        41        46        47        51
         2        22        46        47        48
         2        46        47        48        52
         2        46        47        51        52
