Automatically generated mesh
      48
Reciprocal lattice
    0.08333333333333    0.12500000000000    0.12500000000000             2
    0.25000000000000    0.12500000000000    0.12500000000000             2
    0.41666666666667    0.12500000000000    0.12500000000000             2
   -0.41666666666667    0.12500000000000    0.12500000000000             2
   -0.25000000000000    0.12500000000000    0.12500000000000             2
   -0.08333333333333    0.12500000000000    0.12500000000000             2
    0.08333333333333    0.37500000000000    0.12500000000000             2
    0.25000000000000    0.37500000000000    0.12500000000000             2
    0.41666666666667    0.37500000000000    0.12500000000000             2
   -0.41666666666667    0.37500000000000    0.12500000000000             2
   -0.25000000000000    0.37500000000000    0.12500000000000             2
   -0.08333333333333    0.37500000000000    0.12500000000000             2
    0.08333333333333   -0.37500000000000    0.12500000000000             2
    0.25000000000000   -0.37500000000000    0.12500000000000             2
    0.41666666666667   -0.37500000000000    0.12500000000000             2
   -0.41666666666667   -0.37500000000000    0.12500000000000             2
   -0.25000000000000   -0.37500000000000    0.12500000000000             2
   -0.08333333333333   -0.37500000000000    0.12500000000000             2
    0.08333333333333   -0.12500000000000    0.12500000000000             2
    0.25000000000000   -0.12500000000000    0.12500000000000             2
    0.41666666666667   -0.12500000000000    0.12500000000000             2
   -0.41666666666667   -0.12500000000000    0.12500000000000             2
   -0.25000000000000   -0.12500000000000    0.12500000000000             2
   -0.08333333333333   -0.12500000000000    0.12500000000000             2
    0.08333333333333    0.12500000000000    0.37500000000000             2
    0.25000000000000    0.12500000000000    0.37500000000000             2
    0.41666666666667    0.12500000000000    0.37500000000000             2
   -0.41666666666667    0.12500000000000    0.37500000000000             2
   -0.25000000000000    0.12500000000000    0.37500000000000             2
   -0.08333333333333    0.12500000000000    0.37500000000000             2
    0.08333333333333    0.37500000000000    0.37500000000000             2
    0.25000000000000    0.37500000000000    0.37500000000000             2
    0.41666666666667    0.37500000000000    0.37500000000000             2
   -0.41666666666667    0.37500000000000    0.37500000000000             2
   -0.25000000000000    0.37500000000000    0.37500000000000             2
   -0.08333333333333    0.37500000000000    0.37500000000000             2
    0.08333333333333   -0.37500000000000    0.37500000000000             2
    0.25000000000000   -0.37500000000000    0.37500000000000             2
    0.41666666666667   -0.37500000000000    0.37500000000000             2
   -0.41666666666667   -0.37500000000000    0.37500000000000             2
   -0.25000000000000   -0.37500000000000    0.37500000000000             2
   -0.08333333333333   -0.37500000000000    0.37500000000000             2
    0.08333333333333   -0.12500000000000    0.37500000000000             2
    0.25000000000000   -0.12500000000000    0.37500000000000             2
    0.41666666666667   -0.12500000000000    0.37500000000000             2
   -0.41666666666667   -0.12500000000000    0.37500000000000             2
   -0.25000000000000   -0.12500000000000    0.37500000000000             2
   -0.08333333333333   -0.12500000000000    0.37500000000000             2
Tetrahedra
       288    0.00173611111111
         2         1         2         7        26
         2         2         7         8        26
         2         7         8        26        32
         2         1         7        25        26
         2         7        25        26        31
         2         7        26        31        32
         2         2         3         8        27
         2         3         8         9        27
         2         8         9        27        33
         2         2         8        26        27
         2         8        26        27        32
         2         8        27        32        33
         2         3         4         9        28
         2         4         9        10        28
         2         9        10        28        34
         2         3         9        27        28
         2         9        27        28        33
         2         9        28        33        34
         2         4         5        10        29
         2         5        10        11        29
         2        10        11        29        35
         2         4        10        28        29
         2        10        28        29        34
         2        10        29        34        35
         2         5         6        11        30
         2         6        11        12        30
         2        11        12        30        36
         2         5        11        29        30
         2        11        29        30        35
         2        11        30        35        36
         2         1         6        12        25
         2         1         7        12        25
         2         7        12        25        31
         2         6        12        25        30
         2        12        25        30        36
         2        12        25        31        36
         2         7         8        13        32
         2         8        13        14        32
         2        13        14        32        38
         2         7        13        31        32
         2        13        31        32        37
         2        13        32        37        38
         2         8         9        14        33
         2         9        14        15        33
         2        14        15        33        39
         2         8        14        32        33
         2        14        32        33        38
         2        14        33        38        39
         2         9        10        15        34
         2        10        15        16        34
         2        15        16        34        40
         2         9        15        33        34
         2        15        33        34        39
         2        15        34        39        40
         2        10        11        16        35
         2        11        16        17        35
         2        16        17        35        41
         2        10        16        34        35
         2        16        34        35        40
         2        16        35        40        41
         2        11        12        17        36
         2        12        17        18        36
         2        17        18        36        42
         2        11        17        35        36
         2        17        35        36        41
         2        17        36        41        42
         2         7        12        18        31
         2         7        13        18        31
         2        13        18        31        37
         2        12        18        31        36
         2        18        31        36        42
         2        18        31        37        42
         2        13        14        19        38
         2        14        19        20        38
         2        19        20        38        44
         2        13        19        37        38
         2        19        37        38        43
         2        19        38        43        44
         2        14        15        20        39
         2        15        20        21        39
         2        20        21        39        45
         2        14        20        38        39
         2        20        38        39        44
         2        20        39        44        45
         2        15        16        21        40
         2        16        21        22        40
         2        21        22        40        46
         2        15        21        39        40
         2        21        39        40        45
         2        21        40        45        46
         2        16        17        22        41
         2        17        22        23        41
         2        22        23        41        47
         2        16        22        40        41
         2        22        40        41        46
         2        22        41        46        47
         2        17        18        23        42
         2        18        23        24        42
         2        23        24        42        48
         2        17        23        41        42
         2        23        41        42        47
         2        23        42        47        48
         2        13        18        24        37
         2        13        19        24        37
         2        19        24        37        43
         2        18        24        37        42
         2        24        37        42        48
         2        24        37        43        48
         2         1        19        20        44
         2         1         2        20        44
         2         1         2        26        44
         2         1        19        43        44
         2         1        25        43        44
         2         1        25        26        44
         2         2        20        21        45
         2         2         3        21        45
         2         2         3        27        45
         2         2        20        44        45
         2         2        26        44        45
         2         2        26        27        45
         2         3        21        22        46
         2         3         4        22        46
         2         3         4        28        46
         2         3        21        45        46
         2         3        27        45        46
         2         3        27        28        46
         2         4        22        23        47
         2         4         5        23        47
         2         4         5        29        47
         2         4        22        46        47
         2         4        28        46        47
         2         4        28        29        47
         2         5        23        24        48
         2         5         6        24        48
         2         5         6        30        48
         2         5        23        47        48
         2         5        29        47        48
         2         5        29        30        48
         2         6        19        24        43
         2         1         6        19        43
         2         1         6        25        43
         2         6        24        43        48
         2         6        30        43        48
         2         6        25        30        43
         2        25        26        31        47
         2        26        31        32        47
         2        31        32        41        47
         2        25        31        47        48
         2        31        42        47        48
         2        31        41        42        47
         2        26        27        32        46
         2        27        32        33        46
         2        32        33        40        46
         2        26        32        46        47
         2        32        41        46        47
         2        32        40        41        46
         2        27        28        33        45
         2        28        33        34        45
         2        33        34        39        45
         2        27        33        45        46
         2        33        40        45        46
         2        33        39        40        45
         2        28        29        34        44
         2        29        34        35        44
         2        34        35        38        44
         2        28        34        44        45
         2        34        39        44        45
         2        34        38        39        44
         2        29        30        35        43
         2        30        35        36        43
         2        35        36        37        43
         2        29        35        43        44
         2        35        38        43        44
         2        35        37        38        43
         2        25        30        36        48
         2        25        31        36        48
         2        31        36        42        48
         2        30        36        43        48
         2        36        37        43        48
         2        36        37        42        48
         2        31        32        37        41
         2        32        37        38        41
         2        35        37        38        41
         2        31        37        41        42
         2        36        37        41        42
         2        35        36        37        41
         2        32        33        38        40
         2        33        38        39        40
         2        34        38        39        40
         2        32        38        40        41
         2        35        38        40        41
         2        34        35        38        40
         2        33        34        39        39
         2        34        39        39        40
         2        33        39        39        40
         2        31        36        42        42
         2        31        37        42        42
         2        36        37        42        42
         2        25        29        43        44
         2        25        26        29        44
         2        25        26        29        47
         2        25        29        30        43
         2        25        29        30        48
         2        25        29        47        48
         2        26        28        44        45
         2        26        27        28        45
         2        26        27        28        46
         2        26        28        29        44
         2        26        28        29        47
         2        26        28        46        47
         2        27        27        45        46
         2        27        27        28        46
         2        27        27        28        45
         2        30        30        43        48
         2        25        30        30        43
         2        25        30        30        48
         2         2        18        23        24
         2         2        17        18        23
         2         2         8        17        18
         2         1         2        18        24
         2         1         2         7        18
         2         2         7         8        18
         2         3        17        22        23
         2         3        16        17        22
         2         3         9        16        17
         2         2         3        17        23
         2         2         3         8        17
         2         3         8         9        17
         2         4        16        21        22
         2         4        15        16        21
         2         4        10        15        16
         2         3         4        16        22
         2         3         4         9        16
         2         4         9        10        16
         2         5        15        20        21
         2         5        14        15        20
         2         5        11        14        15
         2         4         5        15        21
         2         4         5        10        15
         2         5        10        11        15
         2         6        14        19        20
         2         6        13        14        19
         2         6        12        13        14
         2         5         6        14        20
         2         5         6        11        14
         2         6        11        12        14
         2         1        13        19        24
         2         1        13        18        24
         2         1         7        13        18
         2         1         6        13        19
         2         1         6        12        13
         2         1         7        12        13
         2         8        12        17        18
         2         8        11        12        17
         2         8        11        12        14
         2         7         8        12        18
         2         7         8        12        13
         2         8        12        13        14
         2         9        11        16        17
         2         9        10        11        16
         2         9        10        11        15
         2         8         9        11        17
         2         8         9        11        14
         2         9        11        14        15
         2        10        10        15        16
         2         9        10        10        15
         2         9        10        10        16
         2         7         7        13        18
         2         7         7        12        18
         2         7         7        12        13
         2         5         6        20        24
         2         5        20        23        24
         2         2        20        23        24
         2         6        19        20        24
         2         1        19        20        24
         2         1         2        20        24
         2         4         5        21        23
         2         4        21        22        23
         2         3        21        22        23
         2         5        20        21        23
         2         2        20        21        23
         2         2         3        21        23
         2         3         4        22        22
         2         3        21        22        22
         2         4        21        22        22
         2         1         6        19        19
         2         6        19        19        24
         2         1        19        19        24
