Automatically generated mesh
      86
Reciprocal lattice
    0.00000000000000    0.00000000000000    0.00000000000000             1
    0.14285714285714    0.00000000000000    0.00000000000000             2
    0.28571428571429    0.00000000000000    0.00000000000000             2
    0.42857142857143    0.00000000000000    0.00000000000000             2
    0.00000000000000    0.16666666666667    0.00000000000000             2
    0.14285714285714    0.16666666666667    0.00000000000000             2
    0.28571428571429    0.16666666666667    0.00000000000000             2
    0.42857142857143    0.16666666666667    0.00000000000000             2
   -0.42857142857143    0.16666666666667    0.00000000000000             2
   -0.28571428571429    0.16666666666667    0.00000000000000             2
   -0.14285714285714    0.16666666666667    0.00000000000000             2
    0.00000000000000    0.33333333333333    0.00000000000000             2
    0.14285714285714    0.33333333333333    0.00000000000000             2
    0.28571428571429    0.33333333333333    0.00000000000000             2
    0.42857142857143    0.33333333333333    0.00000000000000             2
   -0.42857142857143    0.33333333333333    0.00000000000000             2
   -0.28571428571429    0.33333333333333    0.00000000000000             2
   -0.14285714285714    0.33333333333333    0.00000000000000             2
    0.00000000000000    0.50000000000000    0.00000000000000             1
    0.14285714285714    0.50000000000000    0.00000000000000             2
    0.28571428571429    0.50000000000000    0.00000000000000             2
    0.42857142857143    0.50000000000000    0.00000000000000             2
    0.00000000000000    0.00000000000000    0.25000000000000             2
    0.14285714285714    0.00000000000000    0.25000000000000             2
    0.28571428571429    0.00000000000000    0.25000000000000             2
    0.42857142857143    0.00000000000000    0.25000000000000             2
   -0.42857142857143    0.00000000000000    0.25000000000000             2
   -0.28571428571429    0.00000000000000    0.25000000000000             2
   -0.14285714285714    0.00000000000000    0.25000000000000             2
    0.00000000000000    0.16666666666667    0.25000000000000             2
    0.14285714285714    0.16666666666667    0.25000000000000             2
    0.28571428571429    0.16666666666667    0.25000000000000             2
    0.42857142857143    0.16666666666667    0.25000000000000             2
   -0.42857142857143    0.16666666666667    0.25000000000000             2
   -0.28571428571429    0.16666666666667    0.25000000000000             2
   -0.14285714285714    0.16666666666667    0.25000000000000             2
    0.00000000000000    0.33333333333333    0.25000000000000             2
    0.14285714285714    0.33333333333333    0.25000000000000             2
    0.28571428571429    0.33333333333333    0.25000000000000             2
    0.42857142857143    0.33333333333333    0.25000000000000             2
   -0.42857142857143    0.33333333333333    0.25000000000000             2
   -0.28571428571429    0.33333333333333    0.25000000000000             2
   -0.14285714285714    0.33333333333333    0.25000000000000             2
    0.00000000000000    0.50000000000000    0.25000000000000             2
    0.14285714285714    0.50000000000000    0.25000000000000             2
    0.28571428571429    0.50000000000000    0.25000000000000             2
    0.42857142857143    0.50000000000000    0.25000000000000             2
   -0.42857142857143    0.50000000000000    0.25000000000000             2
   -0.28571428571429    0.50000000000000    0.25000000000000             2
   -0.14285714285714    0.50000000000000    0.25000000000000             2
    0.00000000000000   -0.33333333333333    0.25000000000000             2
    0.14285714285714   -0.33333333333333    0.25000000000000             2
    0.28571428571429   -0.33333333333333    0.25000000000000             2
    0.42857142857143   -0.33333333333333    0.25000000000000             2
   -0.42857142857143   -0.33333333333333    0.25000000000000             2
   -0.28571428571429   -0.33333333333333    0.25000000000000             2
   -0.14285714285714   -0.33333333333333    0.25000000000000             2
    0.00000000000000   -0.16666666666667    0.25000000000000             2
    0.14285714285714   -0.16666666666667    0.25000000000000             2
    0.28571428571429   -0.16666666666667    0.25000000000000             2
    0.42857142857143   -0.16666666666667    0.25000000000000             2
   -0.42857142857143   -0.16666666666667    0.25000000000000             2
   -0.28571428571429   -0.16666666666667    0.25000000000000             2
   -0.14285714285714   -0.16666666666667    0.25000000000000             2
    0.00000000000000    0.00000000000000    0.50000000000000             1
    0.14285714285714    0.00000000000000    0.50000000000000             2
    0.28571428571429    0.00000000000000    0.50000000000000             2
    0.42857142857143    0.00000000000000    0.50000000000000             2
    0.00000000000000    0.16666666666667    0.50000000000000             2
    0.14285714285714    0.16666666666667    0.50000000000000             2
    0.28571428571429    0.16666666666667    0.50000000000000             2
    0.42857142857143    0.16666666666667    0.50000000000000             2
   -0.42857142857143    0.16666666666667    0.50000000000000             2
   -0.28571428571429    0.16666666666667    0.50000000000000             2
   -0.14285714285714    0.16666666666667    0.50000000000000             2
    0.00000000000000    0.33333333333333    0.50000000000000             2
    0.14285714285714    0.33333333333333    0.50000000000000             2
    0.28571428571429    0.33333333333333    0.50000000000000             2
    0.42857142857143    0.33333333333333    0.50000000000000             2
   -0.42857142857143    0.33333333333333    0.50000000000000             2
   -0.28571428571429    0.33333333333333    0.50000000000000             2
   -0.14285714285714    0.33333333333333    0.50000000000000             2
    0.00000000000000    0.50000000000000    0.50000000000000             1
    0.14285714285714    0.50000000000000    0.50000000000000             2
    0.28571428571429    0.50000000000000    0.50000000000000             2
    0.42857142857143    0.50000000000000    0.50000000000000             2
Tetrahedra
       504    0.00099206349206
         2         1         2         5        24
         2         2         5         6        24
         2         5         6        24        31
         2         1         5        23        24
         2         5        23        24        30
         2         5        24        30        31
         2         2         3         6        25
         2         3         6         7        25
         2         6         7        25        32
         2         2         6        24        25
         2         6        24        25        31
         2         6        25        31        32
         2         3         4         7        26
         2         4         7         8        26
         2         7         8        26        33
         2         3         7        25        26
         2         7        25        26        32
         2         7        26        32        33
         2         4         4         8        27
         2         4         8         9        27
         2         8         9        27        34
         2         4         8        26        27
         2         8        26        27        33
         2         8        27        33        34
         2         3         4         9        28
         2         3         9        10        28
         2         9        10        28        35
         2         4         9        27        28
         2         9        27        28        34
         2         9        28        34        35
         2         2         3        10        29
         2         2        10        11        29
         2        10        11        29        36
         2         3        10        28        29
         2        10        28        29        35
         2        10        29        35        36
         2         1         2        11        23
         2         1         5        11        23
         2         5        11        23        30
         2         2        11        23        29
         2        11        23        29        36
         2        11        23        30        36
         2         5         6        12        31
         2         6        12        13        31
         2        12        13        31        38
         2         5        12        30        31
         2        12        30        31        37
         2        12        31        37        38
         2         6         7        13        32
         2         7        13        14        32
         2        13        14        32        39
         2         6        13        31        32
         2        13        31        32        38
         2        13        32        38        39
         2         7         8        14        33
         2         8        14        15        33
         2        14        15        33        40
         2         7        14        32        33
         2        14        32        33        39
         2        14        33        39        40
         2         8         9        15        34
         2         9        15        16        34
         2        15        16        34        41
         2         8        15        33        34
         2        15        33        34        40
         2        15        34        40        41
         2         9        10        16        35
         2        10        16        17        35
         2        16        17        35        42
         2         9        16        34        35
         2        16        34        35        41
         2        16        35        41        42
         2        10        11        17        36
         2        11        17        18        36
         2        17        18        36        43
         2        10        17        35        36
         2        17        35        36        42
         2        17        36        42        43
         2         5        11        18        30
         2         5        12        18        30
         2        12        18        30        37
         2        11        18        30        36
         2        18        30        36        43
         2        18        30        37        43
         2        12        13        19        38
         2        13        19        20        38
         2        19        20        38        45
         2        12        19        37        38
         2        19        37        38        44
         2        19        38        44        45
         2        13        14        20        39
         2        14        20        21        39
         2        20        21        39        46
         2        13        20        38        39
         2        20        38        39        45
         2        20        39        45        46
         2        14        15        21        40
         2        15        21        22        40
         2        21        22        40        47
         2        14        21        39        40
         2        21        39        40        46
         2        21        40        46        47
         2        15        16        22        41
         2        16        22        22        41
         2        22        22        41        48
         2        15        22        40        41
         2        22        40        41        47
         2        22        41        47        48
         2        16        17        22        42
         2        17        21        22        42
         2        21        22        42        49
         2        16        22        41        42
         2        22        41        42        48
         2        22        42        48        49
         2        17        18        21        43
         2        18        20        21        43
         2        20        21        43        50
         2        17        21        42        43
         2        21        42        43        49
         2        21        43        49        50
         2        12        18        20        37
         2        12        19        20        37
         2        19        20        37        44
         2        18        20        37        43
         2        20        37        43        50
         2        20        37        44        50
         2        12        19        20        45
         2        12        18        20        45
         2        12        18        45        52
         2        12        19        44        45
         2        12        44        45        51
         2        12        45        51        52
         2        18        20        21        46
         2        17        18        21        46
         2        17        18        46        53
         2        18        20        45        46
         2        18        45        46        52
         2        18        46        52        53
         2        17        21        22        47
         2        16        17        22        47
         2        16        17        47        54
         2        17        21        46        47
         2        17        46        47        53
         2        17        47        53        54
         2        16        22        22        48
         2        15        16        22        48
         2        15        16        48        55
         2        16        22        47        48
         2        16        47        48        54
         2        16        48        54        55
         2        15        21        22        49
         2        14        15        21        49
         2        14        15        49        56
         2        15        22        48        49
         2        15        48        49        55
         2        15        49        55        56
         2        14        20        21        50
         2        13        14        20        50
         2        13        14        50        57
         2        14        21        49        50
         2        14        49        50        56
         2        14        50        56        57
         2        13        19        20        44
         2        12        13        19        44
         2        12        13        44        51
         2        13        20        44        50
         2        13        44        50        57
         2        13        44        51        57
         2         5        12        18        52
         2         5        11        18        52
         2         5        11        52        59
         2         5        12        51        52
         2         5        51        52        58
         2         5        52        58        59
         2        11        17        18        53
         2        10        11        17        53
         2        10        11        53        60
         2        11        18        52        53
         2        11        52        53        59
         2        11        53        59        60
         2        10        16        17        54
         2         9        10        16        54
         2         9        10        54        61
         2        10        17        53        54
         2        10        53        54        60
         2        10        54        60        61
         2         9        15        16        55
         2         8         9        15        55
         2         8         9        55        62
         2         9        16        54        55
         2         9        54        55        61
         2         9        55        61        62
         2         8        14        15        56
         2         7         8        14        56
         2         7         8        56        63
         2         8        15        55        56
         2         8        55        56        62
         2         8        56        62        63
         2         7        13        14        57
         2         6         7        13        57
         2         6         7        57        64
         2         7        14        56        57
         2         7        56        57        63
         2         7        57        63        64
         2         6        12        13        51
         2         5         6        12        51
         2         5         6        51        58
         2         6        13        51        57
         2         6        51        57        64
         2         6        51        58        64
         2         1         5        11        59
         2         1         2        11        59
         2         1         2        24        59
         2         1         5        58        59
         2         1        23        58        59
         2         1        23        24        59
         2         2        10        11        60
         2         2         3        10        60
         2         2         3        25        60
         2         2        11        59        60
         2         2        24        59        60
         2         2        24        25        60
         2         3         9        10        61
         2         3         4         9        61
         2         3         4        26        61
         2         3        10        60        61
         2         3        25        60        61
         2         3        25        26        61
         2         4         8         9        62
         2         4         4         8        62
         2         4         4        27        62
         2         4         9        61        62
         2         4        26        61        62
         2         4        26        27        62
         2         4         7         8        63
         2         3         4         7        63
         2         3         4        28        63
         2         4         8        62        63
         2         4        27        62        63
         2         4        27        28        63
         2         3         6         7        64
         2         2         3         6        64
         2         2         3        29        64
         2         3         7        63        64
         2         3        28        63        64
         2         3        28        29        64
         2         2         5         6        58
         2         1         2         5        58
         2         1         2        23        58
         2         2         6        58        64
         2         2        29        58        64
         2         2        23        29        58
         2        23        24        30        66
         2        24        30        31        66
         2        30        31        66        70
         2        23        30        65        66
         2        30        65        66        69
         2        30        66        69        70
         2        24        25        31        67
         2        25        31        32        67
         2        31        32        67        71
         2        24        31        66        67
         2        31        66        67        70
         2        31        67        70        71
         2        25        26        32        68
         2        26        32        33        68
         2        32        33        68        72
         2        25        32        67        68
         2        32        67        68        71
         2        32        68        71        72
         2        26        27        33        68
         2        27        33        34        68
         2        33        34        68        73
         2        26        33        68        68
         2        33        68        68        72
         2        33        68        72        73
         2        27        28        34        67
         2        28        34        35        67
         2        34        35        67        74
         2        27        34        67        68
         2        34        67        68        73
         2        34        67        73        74
         2        28        29        35        66
         2        29        35        36        66
         2        35        36        66        75
         2        28        35        66        67
         2        35        66        67        74
         2        35        66        74        75
         2        23        29        36        65
         2        23        30        36        65
         2        30        36        65        69
         2        29        36        65        66
         2        36        65        66        75
         2        36        65        69        75
         2        30        31        37        70
         2        31        37        38        70
         2        37        38        70        77
         2        30        37        69        70
         2        37        69        70        76
         2        37        70        76        77
         2        31        32        38        71
         2        32        38        39        71
         2        38        39        71        78
         2        31        38        70        71
         2        38        70        71        77
         2        38        71        77        78
         2        32        33        39        72
         2        33        39        40        72
         2        39        40        72        79
         2        32        39        71        72
         2        39        71        72        78
         2        39        72        78        79
         2        33        34        40        73
         2        34        40        41        73
         2        40        41        73        80
         2        33        40        72        73
         2        40        72        73        79
         2        40        73        79        80
         2        34        35        41        74
         2        35        41        42        74
         2        41        42        74        81
         2        34        41        73        74
         2        41        73        74        80
         2        41        74        80        81
         2        35        36        42        75
         2        36        42        43        75
         2        42        43        75        82
         2        35        42        74        75
         2        42        74        75        81
         2        42        75        81        82
         2        30        36        43        69
         2        30        37        43        69
         2        37        43        69        76
         2        36        43        69        75
         2        43        69        75        82
         2        43        69        76        82
         2        37        38        44        77
         2        38        44        45        77
         2        44        45        77        84
         2        37        44        76        77
         2        44        76        77        83
         2        44        77        83        84
         2        38        39        45        78
         2        39        45        46        78
         2        45        46        78        85
         2        38        45        77        78
         2        45        77        78        84
         2        45        78        84        85
         2        39        40        46        79
         2        40        46        47        79
         2        46        47        79        86
         2        39        46        78        79
         2        46        78        79        85
         2        46        79        85        86
         2        40        41        47        80
         2        41        47        48        80
         2        47        48        80        86
         2        40        47        79        80
         2        47        79        80        86
         2        47        80        86        86
         2        41        42        48        81
         2        42        48        49        81
         2        48        49        81        85
         2        41        48        80        81
         2        48        80        81        86
         2        48        81        85        86
         2        42        43        49        82
         2        43        49        50        82
         2        49        50        82        84
         2        42        49        81        82
         2        49        81        82        85
         2        49        82        84        85
         2        37        43        50        76
         2        37        44        50        76
         2        44        50        76        83
         2        43        50        76        82
         2        50        76        82        84
         2        50        76        83        84
         2        44        45        51        84
         2        45        51        52        84
         2        51        52        82        84
         2        44        51        83        84
         2        51        76        83        84
         2        51        76        82        84
         2        45        46        52        85
         2        46        52        53        85
         2        52        53        81        85
         2        45        52        84        85
         2        52        82        84        85
         2        52        81        82        85
         2        46        47        53        86
         2        47        53        54        86
         2        53        54        80        86
         2        46        53        85        86
         2        53        81        85        86
         2        53        80        81        86
         2        47        48        54        86
         2        48        54        55        86
         2        54        55        79        86
         2        47        54        86        86
         2        54        80        86        86
         2        54        79        80        86
         2        48        49        55        85
         2        49        55        56        85
         2        55        56        78        85
         2        48        55        85        86
         2        55        79        85        86
         2        55        78        79        85
         2        49        50        56        84
         2        50        56        57        84
         2        56        57        77        84
         2        49        56        84        85
         2        56        78        84        85
         2        56        77        78        84
         2        44        50        57        83
         2        44        51        57        83
         2        51        57        76        83
         2        50        57        83        84
         2        57        77        83        84
         2        57        76        77        83
         2        51        52        58        82
         2        52        58        59        82
         2        58        59        75        82
         2        51        58        76        82
         2        58        69        76        82
         2        58        69        75        82
         2        52        53        59        81
         2        53        59        60        81
         2        59        60        74        81
         2        52        59        81        82
         2        59        75        81        82
         2        59        74        75        81
         2        53        54        60        80
         2        54        60        61        80
         2        60        61        73        80
         2        53        60        80        81
         2        60        74        80        81
         2        60        73        74        80
         2        54        55        61        79
         2        55        61        62        79
         2        61        62        72        79
         2        54        61        79        80
         2        61        73        79        80
         2        61        72        73        79
         2        55        56        62        78
         2        56        62        63        78
         2        62        63        71        78
         2        55        62        78        79
         2        62        72        78        79
         2        62        71        72        78
         2        56        57        63        77
         2        57        63        64        77
         2        63        64        70        77
         2        56        63        77        78
         2        63        71        77        78
         2        63        70        71        77
         2        51        57        64        76
         2        51        58        64        76
         2        58        64        69        76
         2        57        64        76        77
         2        64        70        76        77
         2        64        69        70        76
         2        23        58        59        75
         2        23        24        59        75
         2        23        24        66        75
         2        23        58        69        75
         2        23        65        69        75
         2        23        65        66        75
         2        24        59        60        74
         2        24        25        60        74
         2        24        25        67        74
         2        24        59        74        75
         2        24        66        74        75
         2        24        66        67        74
         2        25        60        61        73
         2        25        26        61        73
         2        25        26        68        73
         2        25        60        73        74
         2        25        67        73        74
         2        25        67        68        73
         2        26        61        62        72
         2        26        27        62        72
         2        26        27        68        72
         2        26        61        72        73
         2        26        68        72        73
         2        26        68        68        72
         2        27        62        63        71
         2        27        28        63        71
         2        27        28        67        71
         2        27        62        71        72
         2        27        68        71        72
         2        27        67        68        71
         2        28        63        64        70
         2        28        29        64        70
         2        28        29        66        70
         2        28        63        70        71
         2        28        67        70        71
         2        28        66        67        70
         2        29        58        64        69
         2        23        29        58        69
         2        23        29        65        69
         2        29        64        69        70
         2        29        66        69        70
         2        29        65        66        69
