Automatically generated mesh
     253
Reciprocal lattice
    0.00000000000000    0.00000000000000    0.00000000000000             1
    0.11111111111111    0.00000000000000    0.00000000000000             2
    0.22222222222222    0.00000000000000    0.00000000000000             2
    0.33333333333333    0.00000000000000    0.00000000000000             2
    0.44444444444445    0.00000000000000    0.00000000000000             2
    0.00000000000000    0.12500000000000    0.00000000000000             2
    0.11111111111111    0.12500000000000    0.00000000000000             2
    0.22222222222222    0.12500000000000    0.00000000000000             2
    0.33333333333333    0.12500000000000    0.00000000000000             2
    0.44444444444445    0.12500000000000    0.00000000000000             2
   -0.44444444444444    0.12500000000000    0.00000000000000             2
   -0.33333333333333    0.12500000000000    0.00000000000000             2
   -0.22222222222222    0.12500000000000    0.00000000000000             2
   -0.11111111111111    0.12500000000000    0.00000000000000             2
    0.00000000000000    0.25000000000000    0.00000000000000             2
    0.11111111111111    0.25000000000000    0.00000000000000             2
    0.22222222222222    0.25000000000000    0.00000000000000             2
    0.33333333333333    0.25000000000000    0.00000000000000             2
    0.44444444444445    0.25000000000000    0.00000000000000             2
   -0.44444444444444    0.25000000000000    0.00000000000000             2
   -0.33333333333333    0.25000000000000    0.00000000000000             2
   -0.22222222222222    0.25000000000000    0.00000000000000             2
   -0.11111111111111    0.25000000000000    0.00000000000000             2
    0.00000000000000    0.37500000000000    0.00000000000000             2
    0.11111111111111    0.37500000000000    0.00000000000000             2
    0.22222222222222    0.37500000000000    0.00000000000000             2
    0.33333333333333    0.37500000000000    0.00000000000000             2
    0.44444444444444    0.37500000000000    0.00000000000000             2
   -0.44444444444444    0.37500000000000    0.00000000000000             2
   -0.33333333333333    0.37500000000000    0.00000000000000             2
   -0.22222222222222    0.37500000000000    0.00000000000000             2
   -0.11111111111111    0.37500000000000    0.00000000000000             2
    0.00000000000000    0.50000000000000    0.00000000000000             1
    0.11111111111111    0.50000000000000    0.00000000000000             2
    0.22222222222222    0.50000000000000    0.00000000000000             2
    0.33333333333333    0.50000000000000    0.00000000000000             2
    0.44444444444444    0.50000000000000    0.00000000000000             2
    0.00000000000000    0.00000000000000    0.14285714285714             2
    0.11111111111111    0.00000000000000    0.14285714285714             2
    0.22222222222222    0.00000000000000    0.14285714285714             2
    0.33333333333333    0.00000000000000    0.14285714285714             2
    0.44444444444445    0.00000000000000    0.14285714285714             2
   -0.44444444444444    0.00000000000000    0.14285714285714             2
   -0.33333333333333    0.00000000000000    0.14285714285714             2
   -0.22222222222222    0.00000000000000    0.14285714285714             2
   -0.11111111111111    0.00000000000000    0.14285714285714             2
    0.00000000000000    0.12500000000000    0.14285714285714             2
    0.11111111111111    0.12500000000000    0.14285714285714             2
    0.22222222222222    0.12500000000000    0.14285714285714             2
    0.33333333333333    0.12500000000000    0.14285714285714             2
    0.44444444444445    0.12500000000000    0.14285714285714             2
   -0.44444444444444    0.12500000000000    0.14285714285714             2
   -0.33333333333333    0.12500000000000    0.14285714285714             2
   -0.22222222222222    0.12500000000000    0.14285714285714             2
   -0.11111111111111    0.12500000000000    0.14285714285714             2
    0.00000000000000    0.25000000000000    0.14285714285714             2
    0.11111111111111    0.25000000000000    0.14285714285714             2
    0.22222222222222    0.25000000000000    0.14285714285714             2
    0.33333333333333    0.25000000000000    0.14285714285714             2
    0.44444444444445    0.25000000000000    0.14285714285714             2
   -0.44444444444444    0.25000000000000    0.14285714285714             2
   -0.33333333333333    0.25000000000000    0.14285714285714             2
   -0.22222222222222    0.25000000000000    0.14285714285714             2
   -0.11111111111111    0.25000000000000    0.14285714285714             2
    0.00000000000000    0.37500000000000    0.14285714285714             2
    0.11111111111111    0.37500000000000    0.14285714285714             2
    0.22222222222222    0.37500000000000    0.14285714285714             2
    0.33333333333333    0.37500000000000    0.14285714285714             2
    0.44444444444445    0.37500000000000    0.14285714285714             2
   -0.44444444444444    0.37500000000000    0.14285714285714             2
   -0.33333333333333    0.37500000000000    0.14285714285714             2
   -0.22222222222222    0.37500000000000    0.14285714285714             2
   -0.11111111111111    0.37500000000000    0.14285714285714             2
    0.00000000000000    0.50000000000000    0.14285714285714             2
    0.11111111111111    0.50000000000000    0.14285714285714             2
    0.22222222222222    0.50000000000000    0.14285714285714             2
    0.33333333333333    0.50000000000000    0.14285714285714             2
    0.44444444444445    0.50000000000000    0.14285714285714             2
   -0.44444444444444    0.50000000000000    0.14285714285714             2
   -0.33333333333333    0.50000000000000    0.14285714285714             2
   -0.22222222222222    0.50000000000000    0.14285714285714             2
   -0.11111111111111    0.50000000000000    0.14285714285714             2
    0.00000000000000   -0.37500000000000    0.14285714285714             2
    0.11111111111111   -0.37500000000000    0.14285714285714             2
    0.22222222222222   -0.37500000000000    0.14285714285714             2
    0.33333333333333   -0.37500000000000    0.14285714285714             2
    0.44444444444444   -0.37500000000000    0.14285714285714             2
   -0.44444444444444   -0.37500000000000    0.14285714285714             2
   -0.33333333333333   -0.37500000000000    0.14285714285714             2
   -0.22222222222222   -0.37500000000000    0.14285714285714             2
   -0.11111111111111   -0.37500000000000    0.14285714285714             2
    0.00000000000000   -0.25000000000000    0.14285714285714             2
    0.11111111111111   -0.25000000000000    0.14285714285714             2
    0.22222222222222   -0.25000000000000    0.14285714285714             2
    0.33333333333333   -0.25000000000000    0.14285714285714             2
    0.44444444444444   -0.25000000000000    0.14285714285714             2
   -0.44444444444444   -0.25000000000000    0.14285714285714             2
   -0.33333333333333   -0.25000000000000    0.14285714285714             2
   -0.22222222222222   -0.25000000000000    0.14285714285714             2
   -0.11111111111111   -0.25000000000000    0.14285714285714             2
    0.00000000000000   -0.12500000000000    0.14285714285714             2
    0.11111111111111   -0.12500000000000    0.14285714285714             2
    0.22222222222222   -0.12500000000000    0.14285714285714             2
    0.33333333333333   -0.12500000000000    0.14285714285714             2
    0.44444444444444   -0.12500000000000    0.14285714285714             2
   -0.44444444444444   -0.12500000000000    0.14285714285714             2
   -0.33333333333333   -0.12500000000000    0.14285714285714             2
   -0.22222222222222   -0.12500000000000    0.14285714285714             2
   -0.11111111111111   -0.12500000000000    0.14285714285714             2
    0.00000000000000    0.00000000000000    0.28571428571429             2
    0.11111111111111    0.00000000000000    0.28571428571429             2
    0.22222222222222    0.00000000000000    0.28571428571429             2
    0.33333333333333    0.00000000000000    0.28571428571429             2
    0.44444444444445    0.00000000000000    0.28571428571429             2
   -0.44444444444444    0.00000000000000    0.28571428571429             2
   -0.33333333333333    0.00000000000000    0.28571428571429             2
   -0.22222222222222    0.00000000000000    0.28571428571429             2
   -0.11111111111111    0.00000000000000    0.28571428571429             2
    0.00000000000000    0.12500000000000    0.28571428571429             2
    0.11111111111111    0.12500000000000    0.28571428571429             2
    0.22222222222222    0.12500000000000    0.28571428571429             2
    0.33333333333333    0.12500000000000    0.28571428571429             2
    0.44444444444445    0.12500000000000    0.28571428571429             2
   -0.44444444444444    0.12500000000000    0.28571428571429             2
   -0.33333333333333    0.12500000000000    0.28571428571429             2
   -0.22222222222222    0.12500000000000    0.28571428571429             2
   -0.11111111111111    0.12500000000000    0.28571428571429             2
    0.00000000000000    0.25000000000000    0.28571428571429             2
    0.11111111111111    0.25000000000000    0.28571428571429             2
    0.22222222222222    0.25000000000000    0.28571428571429             2
    0.33333333333333    0.25000000000000    0.28571428571429             2
    0.44444444444445    0.25000000000000    0.28571428571429             2
   -0.44444444444444    0.25000000000000    0.28571428571429             2
   -0.33333333333333    0.25000000000000    0.28571428571429             2
   -0.22222222222222    0.25000000000000    0.28571428571429             2
   -0.11111111111111    0.25000000000000    0.28571428571429             2
    0.00000000000000    0.37500000000000    0.28571428571429             2
    0.11111111111111    0.37500000000000    0.28571428571429             2
    0.22222222222222    0.37500000000000    0.28571428571429             2
    0.33333333333333    0.37500000000000    0.28571428571429             2
    0.44444444444444    0.37500000000000    0.28571428571429             2
   -0.44444444444444    0.37500000000000    0.28571428571429             2
   -0.33333333333333    0.37500000000000    0.28571428571429             2
   -0.22222222222222    0.37500000000000    0.28571428571429             2
   -0.11111111111111    0.37500000000000    0.28571428571429             2
    0.00000000000000    0.50000000000000    0.28571428571429             2
    0.11111111111111    0.50000000000000    0.28571428571429             2
    0.22222222222222    0.50000000000000    0.28571428571429             2
    0.33333333333333    0.50000000000000    0.28571428571429             2
    0.44444444444444    0.50000000000000    0.28571428571429             2
   -0.44444444444444    0.50000000000000    0.28571428571429             2
   -0.33333333333333    0.50000000000000    0.28571428571429             2
   -0.22222222222222    0.50000000000000    0.28571428571429             2
   -0.11111111111111    0.50000000000000    0.28571428571429             2
    0.00000000000000   -0.37500000000000    0.28571428571429             2
    0.11111111111111   -0.37500000000000    0.28571428571429             2
    0.22222222222222   -0.37500000000000    0.28571428571429             2
    0.33333333333333   -0.37500000000000    0.28571428571429             2
    0.44444444444445   -0.37500000000000    0.28571428571429             2
   -0.44444444444444   -0.37500000000000    0.28571428571429             2
   -0.33333333333333   -0.37500000000000    0.28571428571429             2
   -0.22222222222222   -0.37500000000000    0.28571428571429             2
   -0.11111111111111   -0.37500000000000    0.28571428571429             2
    0.00000000000000   -0.25000000000000    0.28571428571429             2
    0.11111111111111   -0.25000000000000    0.28571428571429             2
    0.22222222222222   -0.25000000000000    0.28571428571429             2
    0.33333333333333   -0.25000000000000    0.28571428571429             2
    0.44444444444444   -0.25000000000000    0.28571428571429             2
   -0.44444444444444   -0.25000000000000    0.28571428571429             2
   -0.33333333333333   -0.25000000000000    0.28571428571429             2
   -0.22222222222222   -0.25000000000000    0.28571428571429             2
   -0.11111111111111   -0.25000000000000    0.28571428571429             2
    0.00000000000000   -0.12500000000000    0.28571428571429             2
    0.11111111111111   -0.12500000000000    0.28571428571429             2
    0.22222222222222   -0.12500000000000    0.28571428571429             2
    0.33333333333333   -0.12500000000000    0.28571428571429             2
    0.44444444444444   -0.12500000000000    0.28571428571429             2
   -0.44444444444444   -0.12500000000000    0.28571428571429             2
   -0.33333333333333   -0.12500000000000    0.28571428571429             2
   -0.22222222222222   -0.12500000000000    0.28571428571429             2
   -0.11111111111111   -0.12500000000000    0.28571428571429             2
    0.00000000000000    0.00000000000000    0.42857142857143             2
    0.11111111111111    0.00000000000000    0.42857142857143             2
    0.22222222222222    0.00000000000000    0.42857142857143             2
    0.33333333333333    0.00000000000000    0.42857142857143             2
    0.44444444444444    0.00000000000000    0.42857142857143             2
   -0.44444444444444    0.00000000000000    0.42857142857143             2
   -0.33333333333333    0.00000000000000    0.42857142857143             2
   -0.22222222222222    0.00000000000000    0.42857142857143             2
   -0.11111111111111    0.00000000000000    0.42857142857143             2
    0.00000000000000    0.12500000000000    0.42857142857143             2
    0.11111111111111    0.12500000000000    0.42857142857143             2
    0.22222222222222    0.12500000000000    0.42857142857143             2
    0.33333333333333    0.12500000000000    0.42857142857143             2
    0.44444444444444    0.12500000000000    0.42857142857143             2
   -0.44444444444444    0.12500000000000    0.42857142857143             2
   -0.33333333333333    0.12500000000000    0.42857142857143             2
   -0.22222222222222    0.12500000000000    0.42857142857143             2
   -0.11111111111111    0.12500000000000    0.42857142857143             2
    0.00000000000000    0.25000000000000    0.42857142857143             2
    0.11111111111111    0.25000000000000    0.42857142857143             2
    0.22222222222222    0.25000000000000    0.42857142857143             2
    0.33333333333333    0.25000000000000    0.42857142857143             2
    0.44444444444444    0.25000000000000    0.42857142857143             2
   -0.44444444444444    0.25000000000000    0.42857142857143             2
   -0.33333333333333    0.25000000000000    0.42857142857143             2
   -0.22222222222222    0.25000000000000    0.42857142857143             2
   -0.11111111111111    0.25000000000000    0.42857142857143             2
    0.00000000000000    0.37500000000000    0.42857142857143             2
    0.11111111111111    0.37500000000000    0.42857142857143             2
    0.22222222222222    0.37500000000000    0.42857142857143             2
    0.33333333333333    0.37500000000000    0.42857142857143             2
    0.44444444444444    0.37500000000000    0.42857142857143             2
   -0.44444444444444    0.37500000000000    0.42857142857143             2
   -0.33333333333333    0.37500000000000    0.42857142857143             2
   -0.22222222222222    0.37500000000000    0.42857142857143             2
   -0.11111111111111    0.37500000000000    0.42857142857143             2
    0.00000000000000    0.50000000000000    0.42857142857143             2
    0.11111111111111    0.50000000000000    0.42857142857143             2
    0.22222222222222    0.50000000000000    0.42857142857143             2
    0.33333333333333    0.50000000000000    0.42857142857143             2
    0.44444444444444    0.50000000000000    0.42857142857143             2
   -0.44444444444444    0.50000000000000    0.42857142857143             2
   -0.33333333333333    0.50000000000000    0.42857142857143             2
   -0.22222222222222    0.50000000000000    0.42857142857143             2
   -0.11111111111111    0.50000000000000    0.42857142857143             2
    0.00000000000000   -0.37500000000000    0.42857142857143             2
    0.11111111111111   -0.37500000000000    0.42857142857143             2
    0.22222222222222   -0.37500000000000    0.42857142857143             2
    0.33333333333333   -0.37500000000000    0.42857142857143             2
    0.44444444444444   -0.37500000000000    0.42857142857143             2
   -0.44444444444444   -0.37500000000000    0.42857142857143             2
   -0.33333333333333   -0.37500000000000    0.42857142857143             2
   -0.22222222222222   -0.37500000000000    0.42857142857143             2
   -0.11111111111111   -0.37500000000000    0.42857142857143             2
    0.00000000000000   -0.25000000000000    0.42857142857143             2
    0.11111111111111   -0.25000000000000    0.42857142857143             2
    0.22222222222222   -0.25000000000000    0.42857142857143             2
    0.33333333333333   -0.25000000000000    0.42857142857143             2
    0.44444444444444   -0.25000000000000    0.42857142857143             2
   -0.44444444444444   -0.25000000000000    0.42857142857143             2
   -0.33333333333333   -0.25000000000000    0.42857142857143             2
   -0.22222222222222   -0.25000000000000    0.42857142857143             2
   -0.11111111111111   -0.25000000000000    0.42857142857143             2
    0.00000000000000   -0.12500000000000    0.42857142857143             2
    0.11111111111111   -0.12500000000000    0.42857142857143             2
    0.22222222222222   -0.12500000000000    0.42857142857143             2
    0.33333333333333   -0.12500000000000    0.42857142857143             2
    0.44444444444444   -0.12500000000000    0.42857142857143             2
   -0.44444444444444   -0.12500000000000    0.42857142857143             2
   -0.33333333333333   -0.12500000000000    0.42857142857143             2
   -0.22222222222222   -0.12500000000000    0.42857142857143             2
   -0.11111111111111   -0.12500000000000    0.42857142857143             2
