Automatically generated mesh
      30
Reciprocal lattice
    0.00000000000000    0.00000000000000    0.00000000000000             1
    0.14285714285714    0.00000000000000    0.00000000000000             2
    0.28571428571429    0.00000000000000    0.00000000000000             2
    0.42857142857143    0.00000000000000    0.00000000000000             2
    0.00000000000000    0.25000000000000    0.00000000000000             2
    0.14285714285714    0.25000000000000    0.00000000000000             2
    0.28571428571429    0.25000000000000    0.00000000000000             2
    0.42857142857143    0.25000000000000    0.00000000000000             2
   -0.42857142857143    0.25000000000000    0.00000000000000             2
   -0.28571428571429    0.25000000000000    0.00000000000000             2
   -0.14285714285714    0.25000000000000    0.00000000000000             2
    0.00000000000000    0.50000000000000    0.00000000000000             1
    0.14285714285714    0.50000000000000    0.00000000000000             2
    0.28571428571429    0.50000000000000    0.00000000000000             2
    0.42857142857143    0.50000000000000    0.00000000000000             2
    0.00000000000000    0.00000000000000    0.50000000000000             1
    0.14285714285714    0.00000000000000    0.50000000000000             2
    0.28571428571429    0.00000000000000    0.50000000000000             2
    0.42857142857143    0.00000000000000    0.50000000000000             2
    0.00000000000000    0.25000000000000    0.50000000000000             2
    0.14285714285714    0.25000000000000    0.50000000000000             2
    0.28571428571429    0.25000000000000    0.50000000000000             2
    0.42857142857143    0.25000000000000    0.50000000000000             2
   -0.42857142857143    0.25000000000000    0.50000000000000             2
   -0.28571428571429    0.25000000000000    0.50000000000000             2
   -0.14285714285714    0.25000000000000    0.50000000000000             2
    0.00000000000000    0.50000000000000    0.50000000000000             1
    0.14285714285714    0.50000000000000    0.50000000000000             2
    0.28571428571429    0.50000000000000    0.50000000000000             2
    0.42857142857143    0.50000000000000    0.50000000000000             2
Tetrahedra
       168    0.00297619047619
         2         1         2         5        17
         2         2         5         6        17
         2         5         6        17        21
         2         1         5        16        17
         2         5        16        17        20
         2         5        17        20        21
         2         2         3         6        18
         2         3         6         7        18
         2         6         7        18        22
         2         2         6        17        18
         2         6        17        18        21
         2         6        18        21        22
         2         3         4         7        19
         2         4         7         8        19
         2         7         8        19        23
         2         3         7        18        19
         2         7        18        19        22
         2         7        19        22        23
         2         4         4         8        19
         2         4         8         9        19
         2         8         9        19        24
         2         4         8        19        19
         2         8        19        19        23
         2         8        19        23        24
         2         3         4         9        18
         2         3         9        10        18
         2         9        10        18        25
         2         4         9        18        19
         2         9        18        19        24
         2         9        18        24        25
         2         2         3        10        17
         2         2        10        11        17
         2        10        11        17        26
         2         3        10        17        18
         2        10        17        18        25
         2        10        17        25        26
         2         1         2        11        16
         2         1         5        11        16
         2         5        11        16        20
         2         2        11        16        17
         2        11        16        17        26
         2        11        16        20        26
         2         5         6        12        21
         2         6        12        13        21
         2        12        13        21        28
         2         5        12        20        21
         2        12        20        21        27
         2        12        21        27        28
         2         6         7        13        22
         2         7        13        14        22
         2        13        14        22        29
         2         6        13        21        22
         2        13        21        22        28
         2        13        22        28        29
         2         7         8        14        23
         2         8        14        15        23
         2        14        15        23        30
         2         7        14        22        23
         2        14        22        23        29
         2        14        23        29        30
         2         8         9        15        24
         2         9        15        15        24
         2        15        15        24        30
         2         8        15        23        24
         2        15        23        24        30
         2        15        24        30        30
         2         9        10        15        25
         2        10        14        15        25
         2        14        15        25        29
         2         9        15        24        25
         2        15        24        25        30
         2        15        25        29        30
         2        10        11        14        26
         2        11        13        14        26
         2        13        14        26        28
         2        10        14        25        26
         2        14        25        26        29
         2        14        26        28        29
         2         5        11        13        20
         2         5        12        13        20
         2        12        13        20        27
         2        11        13        20        26
         2        13        20        26        28
         2        13        20        27        28
         2         5        12        13        28
         2         5        11        13        28
         2         5        11        26        28
         2         5        12        27        28
         2         5        20        27        28
         2         5        20        26        28
         2        11        13        14        29
         2        10        11        14        29
         2        10        11        25        29
         2        11        13        28        29
         2        11        26        28        29
         2        11        25        26        29
         2        10        14        15        30
         2         9        10        15        30
         2         9        10        24        30
         2        10        14        29        30
         2        10        25        29        30
         2        10        24        25        30
         2         9        15        15        30
         2         8         9        15        30
         2         8         9        23        30
         2         9        15        30        30
         2         9        24        30        30
         2         9        23        24        30
         2         8        14        15        29
         2         7         8        14        29
         2         7         8        22        29
         2         8        15        29        30
         2         8        23        29        30
         2         8        22        23        29
         2         7        13        14        28
         2         6         7        13        28
         2         6         7        21        28
         2         7        14        28        29
         2         7        22        28        29
         2         7        21        22        28
         2         6        12        13        27
         2         5         6        12        27
         2         5         6        20        27
         2         6        13        27        28
         2         6        21        27        28
         2         6        20        21        27
         2         1         5        11        26
         2         1         2        11        26
         2         1         2        17        26
         2         1         5        20        26
         2         1        16        20        26
         2         1        16        17        26
         2         2        10        11        25
         2         2         3        10        25
         2         2         3        18        25
         2         2        11        25        26
         2         2        17        25        26
         2         2        17        18        25
         2         3         9        10        24
         2         3         4         9        24
         2         3         4        19        24
         2         3        10        24        25
         2         3        18        24        25
         2         3        18        19        24
         2         4         8         9        23
         2         4         4         8        23
         2         4         4        19        23
         2         4         9        23        24
         2         4        19        23        24
         2         4        19        19        23
         2         4         7         8        22
         2         3         4         7        22
         2         3         4        18        22
         2         4         8        22        23
         2         4        19        22        23
         2         4        18        19        22
         2         3         6         7        21
         2         2         3         6        21
         2         2         3        17        21
         2         3         7        21        22
         2         3        18        21        22
         2         3        17        18        21
         2         2         5         6        20
         2         1         2         5        20
         2         1         2        16        20
         2         2         6        20        21
         2         2        17        20        21
         2         2        16        17        20
