Automatically generated mesh
     352
Reciprocal lattice
    0.00000000000000    0.00000000000000    0.00000000000000             1
    0.07692307692308    0.00000000000000    0.00000000000000             2
    0.15384615384615    0.00000000000000    0.00000000000000             2
    0.23076923076923    0.00000000000000    0.00000000000000             2
    0.30769230769231    0.00000000000000    0.00000000000000             2
    0.38461538461539    0.00000000000000    0.00000000000000             2
    0.46153846153846    0.00000000000000    0.00000000000000             2
    0.00000000000000    0.11111111111111    0.00000000000000             2
    0.07692307692308    0.11111111111111    0.00000000000000             2
    0.15384615384615    0.11111111111111    0.00000000000000             2
    0.23076923076923    0.11111111111111    0.00000000000000             2
    0.30769230769231    0.11111111111111    0.00000000000000             2
    0.38461538461539    0.11111111111111    0.00000000000000             2
    0.46153846153846    0.11111111111111    0.00000000000000             2
   -0.46153846153846    0.11111111111111    0.00000000000000             2
   -0.38461538461538    0.11111111111111    0.00000000000000             2
   -0.30769230769231    0.11111111111111    0.00000000000000             2
   -0.23076923076923    0.11111111111111    0.00000000000000             2
   -0.15384615384615    0.11111111111111    0.00000000000000             2
   -0.07692307692308    0.11111111111111    0.00000000000000             2
    0.00000000000000    0.22222222222222    0.00000000000000             2
    0.07692307692308    0.22222222222222    0.00000000000000             2
    0.15384615384615    0.22222222222222    0.00000000000000             2
    0.23076923076923    0.22222222222222    0.00000000000000             2
    0.30769230769231    0.22222222222222    0.00000000000000             2
    0.38461538461539    0.22222222222222    0.00000000000000             2
    0.46153846153846    0.22222222222222    0.00000000000000             2
   -0.46153846153846    0.22222222222222    0.00000000000000             2
   -0.38461538461538    0.22222222222222    0.00000000000000             2
   -0.30769230769231    0.22222222222222    0.00000000000000             2
   -0.23076923076923    0.22222222222222    0.00000000000000             2
   -0.15384615384615    0.22222222222222    0.00000000000000             2
   -0.07692307692308    0.22222222222222    0.00000000000000             2
    0.00000000000000    0.33333333333333    0.00000000000000             2
    0.07692307692308    0.33333333333333    0.00000000000000             2
    0.15384615384615    0.33333333333333    0.00000000000000             2
    0.23076923076923    0.33333333333333    0.00000000000000             2
    0.30769230769231    0.33333333333333    0.00000000000000             2
    0.38461538461539    0.33333333333333    0.00000000000000             2
    0.46153846153846    0.33333333333333    0.00000000000000             2
   -0.46153846153846    0.33333333333333    0.00000000000000             2
   -0.38461538461538    0.33333333333333    0.00000000000000             2
   -0.30769230769231    0.33333333333333    0.00000000000000             2
   -0.23076923076923    0.33333333333333    0.00000000000000             2
   -0.15384615384615    0.33333333333333    0.00000000000000             2
   -0.07692307692308    0.33333333333333    0.00000000000000             2
    0.00000000000000    0.44444444444444    0.00000000000000             2
    0.07692307692308    0.44444444444445    0.00000000000000             2
    0.15384615384615    0.44444444444445    0.00000000000000             2
    0.23076923076923    0.44444444444445    0.00000000000000             2
    0.30769230769231    0.44444444444444    0.00000000000000             2
    0.38461538461539    0.44444444444444    0.00000000000000             2
    0.46153846153846    0.44444444444444    0.00000000000000             2
   -0.46153846153846    0.44444444444444    0.00000000000000             2
   -0.38461538461538    0.44444444444445    0.00000000000000             2
   -0.30769230769231    0.44444444444445    0.00000000000000             2
   -0.23076923076923    0.44444444444444    0.00000000000000             2
   -0.15384615384615    0.44444444444445    0.00000000000000             2
   -0.07692307692308    0.44444444444445    0.00000000000000             2
    0.00000000000000    0.00000000000000    0.16666666666667             2
    0.07692307692308    0.00000000000000    0.16666666666667             2
    0.15384615384615    0.00000000000000    0.16666666666667             2
    0.23076923076923    0.00000000000000    0.16666666666667             2
    0.30769230769231    0.00000000000000    0.16666666666667             2
    0.38461538461539    0.00000000000000    0.16666666666667             2
    0.46153846153846    0.00000000000000    0.16666666666667             2
   -0.46153846153846    0.00000000000000    0.16666666666667             2
   -0.38461538461538    0.00000000000000    0.16666666666667             2
   -0.30769230769231    0.00000000000000    0.16666666666667             2
   -0.23076923076923    0.00000000000000    0.16666666666667             2
   -0.15384615384615    0.00000000000000    0.16666666666667             2
   -0.07692307692308    0.00000000000000    0.16666666666667             2
    0.00000000000000    0.11111111111111    0.16666666666667             2
    0.07692307692308    0.11111111111111    0.16666666666667             2
    0.15384615384615    0.11111111111111    0.16666666666667             2
    0.23076923076923    0.11111111111111    0.16666666666667             2
    0.30769230769231    0.11111111111111    0.16666666666667             2
    0.38461538461539    0.11111111111111    0.16666666666667             2
    0.46153846153846    0.11111111111111    0.16666666666667             2
   -0.46153846153846    0.11111111111111    0.16666666666667             2
   -0.38461538461538    0.11111111111111    0.16666666666667             2
   -0.30769230769231    0.11111111111111    0.16666666666667             2
   -0.23076923076923    0.11111111111111    0.16666666666667             2
   -0.15384615384615    0.11111111111111    0.16666666666667             2
   -0.07692307692308    0.11111111111111    0.16666666666667             2
    0.00000000000000    0.22222222222222    0.16666666666667             2
    0.07692307692308    0.22222222222222    0.16666666666667             2
    0.15384615384615    0.22222222222222    0.16666666666667             2
    0.23076923076923    0.22222222222222    0.16666666666667             2
    0.30769230769231    0.22222222222222    0.16666666666667             2
    0.38461538461539    0.22222222222222    0.16666666666667             2
    0.46153846153846    0.22222222222222    0.16666666666667             2
   -0.46153846153846    0.22222222222222    0.16666666666667             2
   -0.38461538461538    0.22222222222222    0.16666666666667             2
   -0.30769230769231    0.22222222222222    0.16666666666667             2
   -0.23076923076923    0.22222222222222    0.16666666666667             2
   -0.15384615384615    0.22222222222222    0.16666666666667             2
   -0.07692307692308    0.22222222222222    0.16666666666667             2
    0.00000000000000    0.33333333333333    0.16666666666667             2
    0.07692307692308    0.33333333333333    0.16666666666667             2
    0.15384615384615    0.33333333333333    0.16666666666667             2
    0.23076923076923    0.33333333333333    0.16666666666667             2
    0.30769230769231    0.33333333333333    0.16666666666667             2
    0.38461538461539    0.33333333333333    0.16666666666667             2
    0.46153846153846    0.33333333333333    0.16666666666667             2
   -0.46153846153846    0.33333333333333    0.16666666666667             2
   -0.38461538461538    0.33333333333333    0.16666666666667             2
   -0.30769230769231    0.33333333333333    0.16666666666667             2
   -0.23076923076923    0.33333333333333    0.16666666666667             2
   -0.15384615384615    0.33333333333333    0.16666666666667             2
   -0.07692307692308    0.33333333333333    0.16666666666667             2
    0.00000000000000    0.44444444444445    0.16666666666667             2
    0.07692307692308    0.44444444444445    0.16666666666667             2
    0.15384615384615    0.44444444444445    0.16666666666667             2
    0.23076923076923    0.44444444444445    0.16666666666667             2
    0.30769230769231    0.44444444444445    0.16666666666667             2
    0.38461538461539    0.44444444444445    0.16666666666667             2
    0.46153846153846    0.44444444444444    0.16666666666667             2
   -0.46153846153846    0.44444444444445    0.16666666666667             2
   -0.38461538461538    0.44444444444445    0.16666666666667             2
   -0.30769230769231    0.44444444444444    0.16666666666667             2
   -0.23076923076923    0.44444444444445    0.16666666666667             2
   -0.15384615384615    0.44444444444445    0.16666666666667             2
   -0.07692307692308    0.44444444444444    0.16666666666667             2
    0.00000000000000   -0.44444444444444    0.16666666666667             2
    0.07692307692308   -0.44444444444444    0.16666666666667             2
    0.15384615384615   -0.44444444444444    0.16666666666667             2
    0.23076923076923   -0.44444444444444    0.16666666666667             2
    0.30769230769231   -0.44444444444444    0.16666666666667             2
    0.38461538461539   -0.44444444444444    0.16666666666667             2
    0.46153846153846   -0.44444444444444    0.16666666666667             2
   -0.46153846153846   -0.44444444444444    0.16666666666667             2
   -0.38461538461538   -0.44444444444444    0.16666666666667             2
   -0.30769230769231   -0.44444444444444    0.16666666666667             2
   -0.23076923076923   -0.44444444444444    0.16666666666667             2
   -0.15384615384615   -0.44444444444444    0.16666666666667             2
   -0.07692307692308   -0.44444444444444    0.16666666666667             2
    0.00000000000000   -0.33333333333333    0.16666666666667             2
    0.07692307692308   -0.33333333333333    0.16666666666667             2
    0.15384615384615   -0.33333333333333    0.16666666666667             2
    0.23076923076923   -0.33333333333333    0.16666666666667             2
    0.30769230769231   -0.33333333333333    0.16666666666667             2
    0.38461538461539   -0.33333333333333    0.16666666666667             2
    0.46153846153846   -0.33333333333333    0.16666666666667             2
   -0.46153846153846   -0.33333333333333    0.16666666666667             2
   -0.38461538461538   -0.33333333333333    0.16666666666667             2
   -0.30769230769231   -0.33333333333333    0.16666666666667             2
   -0.23076923076923   -0.33333333333333    0.16666666666667             2
   -0.15384615384615   -0.33333333333333    0.16666666666667             2
   -0.07692307692308   -0.33333333333333    0.16666666666667             2
    0.00000000000000   -0.22222222222222    0.16666666666667             2
    0.07692307692308   -0.22222222222222    0.16666666666667             2
    0.15384615384615   -0.22222222222222    0.16666666666667             2
    0.23076923076923   -0.22222222222222    0.16666666666667             2
    0.30769230769231   -0.22222222222222    0.16666666666667             2
    0.38461538461539   -0.22222222222222    0.16666666666667             2
    0.46153846153846   -0.22222222222222    0.16666666666667             2
   -0.46153846153846   -0.22222222222222    0.16666666666667             2
   -0.38461538461538   -0.22222222222222    0.16666666666667             2
   -0.30769230769231   -0.22222222222222    0.16666666666667             2
   -0.23076923076923   -0.22222222222222    0.16666666666667             2
   -0.15384615384615   -0.22222222222222    0.16666666666667             2
   -0.07692307692308   -0.22222222222222    0.16666666666667             2
    0.00000000000000   -0.11111111111111    0.16666666666667             2
    0.07692307692308   -0.11111111111111    0.16666666666667             2
    0.15384615384615   -0.11111111111111    0.16666666666667             2
    0.23076923076923   -0.11111111111111    0.16666666666667             2
    0.30769230769231   -0.11111111111111    0.16666666666667             2
    0.38461538461539   -0.11111111111111    0.16666666666667             2
    0.46153846153846   -0.11111111111111    0.16666666666667             2
   -0.46153846153846   -0.11111111111111    0.16666666666667             2
   -0.38461538461538   -0.11111111111111    0.16666666666667             2
   -0.30769230769231   -0.11111111111111    0.16666666666667             2
   -0.23076923076923   -0.11111111111111    0.16666666666667             2
   -0.15384615384615   -0.11111111111111    0.16666666666667             2
   -0.07692307692308   -0.11111111111111    0.16666666666667             2
    0.00000000000000    0.00000000000000    0.33333333333333             2
    0.07692307692308    0.00000000000000    0.33333333333333             2
    0.15384615384615    0.00000000000000    0.33333333333333             2
    0.23076923076923    0.00000000000000    0.33333333333333             2
    0.30769230769231    0.00000000000000    0.33333333333333             2
    0.38461538461539    0.00000000000000    0.33333333333333             2
    0.46153846153846    0.00000000000000    0.33333333333333             2
   -0.46153846153846    0.00000000000000    0.33333333333333             2
   -0.38461538461538    0.00000000000000    0.33333333333333             2
   -0.30769230769231    0.00000000000000    0.33333333333333             2
   -0.23076923076923    0.00000000000000    0.33333333333333             2
   -0.15384615384615    0.00000000000000    0.33333333333333             2
   -0.07692307692308    0.00000000000000    0.33333333333333             2
    0.00000000000000    0.11111111111111    0.33333333333333             2
    0.07692307692308    0.11111111111111    0.33333333333333             2
    0.15384615384615    0.11111111111111    0.33333333333333             2
    0.23076923076923    0.11111111111111    0.33333333333333             2
    0.30769230769231    0.11111111111111    0.33333333333333             2
    0.38461538461539    0.11111111111111    0.33333333333333             2
    0.46153846153846    0.11111111111111    0.33333333333333             2
   -0.46153846153846    0.11111111111111    0.33333333333333             2
   -0.38461538461538    0.11111111111111    0.33333333333333             2
   -0.30769230769231    0.11111111111111    0.33333333333333             2
   -0.23076923076923    0.11111111111111    0.33333333333333             2
   -0.15384615384615    0.11111111111111    0.33333333333333             2
   -0.07692307692308    0.11111111111111    0.33333333333333             2
    0.00000000000000    0.22222222222222    0.33333333333333             2
    0.07692307692308    0.22222222222222    0.33333333333333             2
    0.15384615384615    0.22222222222222    0.33333333333333             2
    0.23076923076923    0.22222222222222    0.33333333333333             2
    0.30769230769231    0.22222222222222    0.33333333333333             2
    0.38461538461539    0.22222222222222    0.33333333333333             2
    0.46153846153846    0.22222222222222    0.33333333333333             2
   -0.46153846153846    0.22222222222222    0.33333333333333             2
   -0.38461538461538    0.22222222222222    0.33333333333333             2
   -0.30769230769231    0.22222222222222    0.33333333333333             2
   -0.23076923076923    0.22222222222222    0.33333333333333             2
   -0.15384615384615    0.22222222222222    0.33333333333333             2
   -0.07692307692308    0.22222222222222    0.33333333333333             2
    0.00000000000000    0.33333333333333    0.33333333333333             2
    0.07692307692308    0.33333333333333    0.33333333333333             2
    0.15384615384615    0.33333333333333    0.33333333333333             2
    0.23076923076923    0.33333333333333    0.33333333333333             2
    0.30769230769231    0.33333333333333    0.33333333333333             2
    0.38461538461539    0.33333333333333    0.33333333333333             2
    0.46153846153846    0.33333333333333    0.33333333333333             2
   -0.46153846153846    0.33333333333333    0.33333333333333             2
   -0.38461538461538    0.33333333333333    0.33333333333333             2
   -0.30769230769231    0.33333333333333    0.33333333333333             2
   -0.23076923076923    0.33333333333333    0.33333333333333             2
   -0.15384615384615    0.33333333333333    0.33333333333333             2
   -0.07692307692308    0.33333333333333    0.33333333333333             2
    0.00000000000000    0.44444444444444    0.33333333333333             2
    0.07692307692308    0.44444444444444    0.33333333333333             2
    0.15384615384615    0.44444444444445    0.33333333333333             2
    0.23076923076923    0.44444444444444    0.33333333333333             2
    0.30769230769231    0.44444444444444    0.33333333333333             2
    0.38461538461539    0.44444444444445    0.33333333333333             2
    0.46153846153846    0.44444444444444    0.33333333333333             2
   -0.46153846153846    0.44444444444444    0.33333333333333             2
   -0.38461538461538    0.44444444444444    0.33333333333333             2
   -0.30769230769231    0.44444444444444    0.33333333333333             2
   -0.23076923076923    0.44444444444444    0.33333333333333             2
   -0.15384615384615    0.44444444444444    0.33333333333333             2
   -0.07692307692308    0.44444444444445    0.33333333333333             2
    0.00000000000000   -0.44444444444444    0.33333333333333             2
    0.07692307692308   -0.44444444444444    0.33333333333333             2
    0.15384615384615   -0.44444444444444    0.33333333333333             2
    0.23076923076923   -0.44444444444444    0.33333333333333             2
    0.30769230769231   -0.44444444444444    0.33333333333333             2
    0.38461538461539   -0.44444444444444    0.33333333333333             2
    0.46153846153846   -0.44444444444444    0.33333333333333             2
   -0.46153846153846   -0.44444444444444    0.33333333333333             2
   -0.38461538461538   -0.44444444444444    0.33333333333333             2
   -0.30769230769231   -0.44444444444444    0.33333333333333             2
   -0.23076923076923   -0.44444444444444    0.33333333333333             2
   -0.15384615384615   -0.44444444444444    0.33333333333333             2
   -0.07692307692308   -0.44444444444444    0.33333333333333             2
    0.00000000000000   -0.33333333333333    0.33333333333333             2
    0.07692307692308   -0.33333333333333    0.33333333333333             2
    0.15384615384615   -0.33333333333333    0.33333333333333             2
    0.23076923076923   -0.33333333333333    0.33333333333333             2
    0.30769230769231   -0.33333333333333    0.33333333333333             2
    0.38461538461539   -0.33333333333333    0.33333333333333             2
    0.46153846153846   -0.33333333333333    0.33333333333333             2
   -0.46153846153846   -0.33333333333333    0.33333333333333             2
   -0.38461538461538   -0.33333333333333    0.33333333333333             2
   -0.30769230769231   -0.33333333333333    0.33333333333333             2
   -0.23076923076923   -0.33333333333333    0.33333333333333             2
   -0.15384615384615   -0.33333333333333    0.33333333333333             2
   -0.07692307692308   -0.33333333333333    0.33333333333333             2
    0.00000000000000   -0.22222222222222    0.33333333333333             2
    0.07692307692308   -0.22222222222222    0.33333333333333             2
    0.15384615384615   -0.22222222222222    0.33333333333333             2
    0.23076923076923   -0.22222222222222    0.33333333333333             2
    0.30769230769231   -0.22222222222222    0.33333333333333             2
    0.38461538461539   -0.22222222222222    0.33333333333333             2
    0.46153846153846   -0.22222222222222    0.33333333333333             2
   -0.46153846153846   -0.22222222222222    0.33333333333333             2
   -0.38461538461538   -0.22222222222222    0.33333333333333             2
   -0.30769230769231   -0.22222222222222    0.33333333333333             2
   -0.23076923076923   -0.22222222222222    0.33333333333333             2
   -0.15384615384615   -0.22222222222222    0.33333333333333             2
   -0.07692307692308   -0.22222222222222    0.33333333333333             2
    0.00000000000000   -0.11111111111111    0.33333333333333             2
    0.07692307692308   -0.11111111111111    0.33333333333333             2
    0.15384615384615   -0.11111111111111    0.33333333333333             2
    0.23076923076923   -0.11111111111111    0.33333333333333             2
    0.30769230769231   -0.11111111111111    0.33333333333333             2
    0.38461538461539   -0.11111111111111    0.33333333333333             2
    0.46153846153846   -0.11111111111111    0.33333333333333             2
   -0.46153846153846   -0.11111111111111    0.33333333333333             2
   -0.38461538461538   -0.11111111111111    0.33333333333333             2
   -0.30769230769231   -0.11111111111111    0.33333333333333             2
   -0.23076923076923   -0.11111111111111    0.33333333333333             2
   -0.15384615384615   -0.11111111111111    0.33333333333333             2
   -0.07692307692308   -0.11111111111111    0.33333333333333             2
    0.00000000000000    0.00000000000000    0.50000000000000             1
    0.07692307692308    0.00000000000000    0.50000000000000             2
    0.15384615384615    0.00000000000000    0.50000000000000             2
    0.23076923076923    0.00000000000000    0.50000000000000             2
    0.30769230769231    0.00000000000000    0.50000000000000             2
    0.38461538461539    0.00000000000000    0.50000000000000             2
    0.46153846153846    0.00000000000000    0.50000000000000             2
    0.00000000000000    0.11111111111111    0.50000000000000             2
    0.07692307692308    0.11111111111111    0.50000000000000             2
    0.15384615384615    0.11111111111111    0.50000000000000             2
    0.23076923076923    0.11111111111111    0.50000000000000             2
    0.30769230769231    0.11111111111111    0.50000000000000             2
    0.38461538461539    0.11111111111111    0.50000000000000             2
    0.46153846153846    0.11111111111111    0.50000000000000             2
   -0.46153846153846    0.11111111111111    0.50000000000000             2
   -0.38461538461538    0.11111111111111    0.50000000000000             2
   -0.30769230769231    0.11111111111111    0.50000000000000             2
   -0.23076923076923    0.11111111111111    0.50000000000000             2
   -0.15384615384615    0.11111111111111    0.50000000000000             2
   -0.07692307692308    0.11111111111111    0.50000000000000             2
    0.00000000000000    0.22222222222222    0.50000000000000             2
    0.07692307692308    0.22222222222222    0.50000000000000             2
    0.15384615384615    0.22222222222222    0.50000000000000             2
    0.23076923076923    0.22222222222222    0.50000000000000             2
    0.30769230769231    0.22222222222222    0.50000000000000             2
    0.38461538461539    0.22222222222222    0.50000000000000             2
    0.46153846153846    0.22222222222222    0.50000000000000             2
   -0.46153846153846    0.22222222222222    0.50000000000000             2
   -0.38461538461538    0.22222222222222    0.50000000000000             2
   -0.30769230769231    0.22222222222222    0.50000000000000             2
   -0.23076923076923    0.22222222222222    0.50000000000000             2
   -0.15384615384615    0.22222222222222    0.50000000000000             2
   -0.07692307692308    0.22222222222222    0.50000000000000             2
    0.00000000000000    0.33333333333333    0.50000000000000             2
    0.07692307692308    0.33333333333333    0.50000000000000             2
    0.15384615384615    0.33333333333333    0.50000000000000             2
    0.23076923076923    0.33333333333333    0.50000000000000             2
    0.30769230769231    0.33333333333333    0.50000000000000             2
    0.38461538461539    0.33333333333333    0.50000000000000             2
    0.46153846153846    0.33333333333333    0.50000000000000             2
   -0.46153846153846    0.33333333333333    0.50000000000000             2
   -0.38461538461538    0.33333333333333    0.50000000000000             2
   -0.30769230769231    0.33333333333333    0.50000000000000             2
   -0.23076923076923    0.33333333333333    0.50000000000000             2
   -0.15384615384615    0.33333333333333    0.50000000000000             2
   -0.07692307692308    0.33333333333333    0.50000000000000             2
    0.00000000000000    0.44444444444445    0.50000000000000             2
    0.07692307692308    0.44444444444445    0.50000000000000             2
    0.15384615384615    0.44444444444444    0.50000000000000             2
    0.23076923076923    0.44444444444445    0.50000000000000             2
    0.30769230769231    0.44444444444445    0.50000000000000             2
    0.38461538461539    0.44444444444445    0.50000000000000             2
    0.46153846153846    0.44444444444445    0.50000000000000             2
   -0.46153846153846    0.44444444444445    0.50000000000000             2
   -0.38461538461538    0.44444444444445    0.50000000000000             2
   -0.30769230769231    0.44444444444445    0.50000000000000             2
   -0.23076923076923    0.44444444444445    0.50000000000000             2
   -0.15384615384615    0.44444444444445    0.50000000000000             2
   -0.07692307692308    0.44444444444445    0.50000000000000             2
