Automatically generated mesh
     331
Reciprocal lattice
    0.00000000000000    0.00000000000000    0.00000000000000             1
    0.09090909090909    0.00000000000000    0.00000000000000             2
    0.18181818181818    0.00000000000000    0.00000000000000             2
    0.27272727272727    0.00000000000000    0.00000000000000             2
    0.36363636363636    0.00000000000000    0.00000000000000             2
    0.45454545454546    0.00000000000000    0.00000000000000             2
    0.00000000000000    0.08333333333333    0.00000000000000             2
    0.09090909090909    0.08333333333333    0.00000000000000             2
    0.18181818181818    0.08333333333333    0.00000000000000             2
    0.27272727272727    0.08333333333333    0.00000000000000             2
    0.36363636363636    0.08333333333333    0.00000000000000             2
    0.45454545454546    0.08333333333333    0.00000000000000             2
   -0.45454545454545    0.08333333333333    0.00000000000000             2
   -0.36363636363636    0.08333333333333    0.00000000000000             2
   -0.27272727272727    0.08333333333333    0.00000000000000             2
   -0.18181818181818    0.08333333333333    0.00000000000000             2
   -0.09090909090909    0.08333333333333    0.00000000000000             2
    0.00000000000000    0.16666666666667    0.00000000000000             2
    0.09090909090909    0.16666666666667    0.00000000000000             2
    0.18181818181818    0.16666666666667    0.00000000000000             2
    0.27272727272727    0.16666666666667    0.00000000000000             2
    0.36363636363636    0.16666666666667    0.00000000000000             2
    0.45454545454546    0.16666666666667    0.00000000000000             2
   -0.45454545454545    0.16666666666667    0.00000000000000             2
   -0.36363636363636    0.16666666666667    0.00000000000000             2
   -0.27272727272727    0.16666666666667    0.00000000000000             2
   -0.18181818181818    0.16666666666667    0.00000000000000             2
   -0.09090909090909    0.16666666666667    0.00000000000000             2
    0.00000000000000    0.25000000000000    0.00000000000000             2
    0.09090909090909    0.25000000000000    0.00000000000000             2
    0.18181818181818    0.25000000000000    0.00000000000000             2
    0.27272727272727    0.25000000000000    0.00000000000000             2
    0.36363636363636    0.25000000000000    0.00000000000000             2
    0.45454545454546    0.25000000000000    0.00000000000000             2
   -0.45454545454545    0.25000000000000    0.00000000000000             2
   -0.36363636363636    0.25000000000000    0.00000000000000             2
   -0.27272727272727    0.25000000000000    0.00000000000000             2
   -0.18181818181818    0.25000000000000    0.00000000000000             2
   -0.09090909090909    0.25000000000000    0.00000000000000             2
    0.00000000000000    0.33333333333333    0.00000000000000             2
    0.09090909090909    0.33333333333333    0.00000000000000             2
    0.18181818181818    0.33333333333333    0.00000000000000             2
    0.27272727272727    0.33333333333333    0.00000000000000             2
    0.36363636363636    0.33333333333333    0.00000000000000             2
    0.45454545454546    0.33333333333333    0.00000000000000             2
   -0.45454545454545    0.33333333333333    0.00000000000000             2
   -0.36363636363636    0.33333333333333    0.00000000000000             2
   -0.27272727272727    0.33333333333333    0.00000000000000             2
   -0.18181818181818    0.33333333333333    0.00000000000000             2
   -0.09090909090909    0.33333333333333    0.00000000000000             2
    0.00000000000000    0.41666666666667    0.00000000000000             2
    0.09090909090909    0.41666666666667    0.00000000000000             2
    0.18181818181818    0.41666666666667    0.00000000000000             2
    0.27272727272727    0.41666666666667    0.00000000000000             2
    0.36363636363636    0.41666666666667    0.00000000000000             2
    0.45454545454546    0.41666666666667    0.00000000000000             2
   -0.45454545454545    0.41666666666667    0.00000000000000             2
   -0.36363636363636    0.41666666666667    0.00000000000000             2
   -0.27272727272727    0.41666666666667    0.00000000000000             2
   -0.18181818181818    0.41666666666667    0.00000000000000             2
   -0.09090909090909    0.41666666666667    0.00000000000000             2
    0.00000000000000    0.50000000000000    0.00000000000000             1
    0.09090909090909    0.50000000000000    0.00000000000000             2
    0.18181818181818    0.50000000000000    0.00000000000000             2
    0.27272727272727    0.50000000000000    0.00000000000000             2
    0.36363636363636    0.50000000000000    0.00000000000000             2
    0.45454545454546    0.50000000000000    0.00000000000000             2
    0.00000000000000    0.00000000000000    0.20000000000000             2
    0.09090909090909    0.00000000000000    0.20000000000000             2
    0.18181818181818    0.00000000000000    0.20000000000000             2
    0.27272727272727    0.00000000000000    0.20000000000000             2
    0.36363636363636    0.00000000000000    0.20000000000000             2
    0.45454545454546    0.00000000000000    0.20000000000000             2
   -0.45454545454545    0.00000000000000    0.20000000000000             2
   -0.36363636363636    0.00000000000000    0.20000000000000             2
   -0.27272727272727    0.00000000000000    0.20000000000000             2
   -0.18181818181818    0.00000000000000    0.20000000000000             2
   -0.09090909090909    0.00000000000000    0.20000000000000             2
    0.00000000000000    0.08333333333333    0.20000000000000             2
    0.09090909090909    0.08333333333333    0.20000000000000             2
    0.18181818181818    0.08333333333333    0.20000000000000             2
    0.27272727272727    0.08333333333333    0.20000000000000             2
    0.36363636363636    0.08333333333333    0.20000000000000             2
    0.45454545454546    0.08333333333333    0.20000000000000             2
   -0.45454545454545    0.08333333333333    0.20000000000000             2
   -0.36363636363636    0.08333333333333    0.20000000000000             2
   -0.27272727272727    0.08333333333333    0.20000000000000             2
   -0.18181818181818    0.08333333333333    0.20000000000000             2
   -0.09090909090909    0.08333333333333    0.20000000000000             2
    0.00000000000000    0.16666666666667    0.20000000000000             2
    0.09090909090909    0.16666666666667    0.20000000000000             2
    0.18181818181818    0.16666666666667    0.20000000000000             2
    0.27272727272727    0.16666666666667    0.20000000000000             2
    0.36363636363636    0.16666666666667    0.20000000000000             2
    0.45454545454546    0.16666666666667    0.20000000000000             2
   -0.45454545454545    0.16666666666667    0.20000000000000             2
   -0.36363636363636    0.16666666666667    0.20000000000000             2
   -0.27272727272727    0.16666666666667    0.20000000000000             2
   -0.18181818181818    0.16666666666667    0.20000000000000             2
   -0.09090909090909    0.16666666666667    0.20000000000000             2
    0.00000000000000    0.25000000000000    0.20000000000000             2
    0.09090909090909    0.25000000000000    0.20000000000000             2
    0.18181818181818    0.25000000000000    0.20000000000000             2
    0.27272727272727    0.25000000000000    0.20000000000000             2
    0.36363636363636    0.25000000000000    0.20000000000000             2
    0.45454545454546    0.25000000000000    0.20000000000000             2
   -0.45454545454545    0.25000000000000    0.20000000000000             2
   -0.36363636363636    0.25000000000000    0.20000000000000             2
   -0.27272727272727    0.25000000000000    0.20000000000000             2
   -0.18181818181818    0.25000000000000    0.20000000000000             2
   -0.09090909090909    0.25000000000000    0.20000000000000             2
    0.00000000000000    0.33333333333333    0.20000000000000             2
    0.09090909090909    0.33333333333333    0.20000000000000             2
    0.18181818181818    0.33333333333333    0.20000000000000             2
    0.27272727272727    0.33333333333333    0.20000000000000             2
    0.36363636363636    0.33333333333333    0.20000000000000             2
    0.45454545454546    0.33333333333333    0.20000000000000             2
   -0.45454545454545    0.33333333333333    0.20000000000000             2
   -0.36363636363636    0.33333333333333    0.20000000000000             2
   -0.27272727272727    0.33333333333333    0.20000000000000             2
   -0.18181818181818    0.33333333333333    0.20000000000000             2
   -0.09090909090909    0.33333333333333    0.20000000000000             2
    0.00000000000000    0.41666666666667    0.20000000000000             2
    0.09090909090909    0.41666666666667    0.20000000000000             2
    0.18181818181818    0.41666666666667    0.20000000000000             2
    0.27272727272727    0.41666666666667    0.20000000000000             2
    0.36363636363636    0.41666666666667    0.20000000000000             2
    0.45454545454546    0.41666666666667    0.20000000000000             2
   -0.45454545454545    0.41666666666667    0.20000000000000             2
   -0.36363636363636    0.41666666666667    0.20000000000000             2
   -0.27272727272727    0.41666666666667    0.20000000000000             2
   -0.18181818181818    0.41666666666667    0.20000000000000             2
   -0.09090909090909    0.41666666666667    0.20000000000000             2
    0.00000000000000    0.50000000000000    0.20000000000000             2
    0.09090909090909    0.50000000000000    0.20000000000000             2
    0.18181818181818    0.50000000000000    0.20000000000000             2
    0.27272727272727    0.50000000000000    0.20000000000000             2
    0.36363636363636    0.50000000000000    0.20000000000000             2
    0.45454545454546    0.50000000000000    0.20000000000000             2
   -0.45454545454545    0.50000000000000    0.20000000000000             2
   -0.36363636363636    0.50000000000000    0.20000000000000             2
   -0.27272727272727    0.50000000000000    0.20000000000000             2
   -0.18181818181818    0.50000000000000    0.20000000000000             2
   -0.09090909090909    0.50000000000000    0.20000000000000             2
    0.00000000000000   -0.41666666666667    0.20000000000000             2
    0.09090909090909   -0.41666666666667    0.20000000000000             2
    0.18181818181818   -0.41666666666667    0.20000000000000             2
    0.27272727272727   -0.41666666666667    0.20000000000000             2
    0.36363636363636   -0.41666666666667    0.20000000000000             2
    0.45454545454546   -0.41666666666667    0.20000000000000             2
   -0.45454545454545   -0.41666666666667    0.20000000000000             2
   -0.36363636363636   -0.41666666666667    0.20000000000000             2
   -0.27272727272727   -0.41666666666667    0.20000000000000             2
   -0.18181818181818   -0.41666666666667    0.20000000000000             2
   -0.09090909090909   -0.41666666666667    0.20000000000000             2
    0.00000000000000   -0.33333333333333    0.20000000000000             2
    0.09090909090909   -0.33333333333333    0.20000000000000             2
    0.18181818181818   -0.33333333333333    0.20000000000000             2
    0.27272727272727   -0.33333333333333    0.20000000000000             2
    0.36363636363636   -0.33333333333333    0.20000000000000             2
    0.45454545454546   -0.33333333333333    0.20000000000000             2
   -0.45454545454545   -0.33333333333333    0.20000000000000             2
   -0.36363636363636   -0.33333333333333    0.20000000000000             2
   -0.27272727272727   -0.33333333333333    0.20000000000000             2
   -0.18181818181818   -0.33333333333333    0.20000000000000             2
   -0.09090909090909   -0.33333333333333    0.20000000000000             2
    0.00000000000000   -0.25000000000000    0.20000000000000             2
    0.09090909090909   -0.25000000000000    0.20000000000000             2
    0.18181818181818   -0.25000000000000    0.20000000000000             2
    0.27272727272727   -0.25000000000000    0.20000000000000             2
    0.36363636363636   -0.25000000000000    0.20000000000000             2
    0.45454545454546   -0.25000000000000    0.20000000000000             2
   -0.45454545454545   -0.25000000000000    0.20000000000000             2
   -0.36363636363636   -0.25000000000000    0.20000000000000             2
   -0.27272727272727   -0.25000000000000    0.20000000000000             2
   -0.18181818181818   -0.25000000000000    0.20000000000000             2
   -0.09090909090909   -0.25000000000000    0.20000000000000             2
    0.00000000000000   -0.16666666666667    0.20000000000000             2
    0.09090909090909   -0.16666666666667    0.20000000000000             2
    0.18181818181818   -0.16666666666667    0.20000000000000             2
    0.27272727272727   -0.16666666666667    0.20000000000000             2
    0.36363636363636   -0.16666666666667    0.20000000000000             2
    0.45454545454546   -0.16666666666667    0.20000000000000             2
   -0.45454545454545   -0.16666666666667    0.20000000000000             2
   -0.36363636363636   -0.16666666666667    0.20000000000000             2
   -0.27272727272727   -0.16666666666667    0.20000000000000             2
   -0.18181818181818   -0.16666666666667    0.20000000000000             2
   -0.09090909090909   -0.16666666666667    0.20000000000000             2
    0.00000000000000   -0.08333333333333    0.20000000000000             2
    0.09090909090909   -0.08333333333333    0.20000000000000             2
    0.18181818181818   -0.08333333333333    0.20000000000000             2
    0.27272727272727   -0.08333333333333    0.20000000000000             2
    0.36363636363636   -0.08333333333333    0.20000000000000             2
    0.45454545454546   -0.08333333333333    0.20000000000000             2
   -0.45454545454545   -0.08333333333333    0.20000000000000             2
   -0.36363636363636   -0.08333333333333    0.20000000000000             2
   -0.27272727272727   -0.08333333333333    0.20000000000000             2
   -0.18181818181818   -0.08333333333333    0.20000000000000             2
   -0.09090909090909   -0.08333333333333    0.20000000000000             2
    0.00000000000000    0.00000000000000    0.40000000000000             2
    0.09090909090909    0.00000000000000    0.40000000000000             2
    0.18181818181818    0.00000000000000    0.40000000000000             2
    0.27272727272727    0.00000000000000    0.40000000000000             2
    0.36363636363636    0.00000000000000    0.40000000000000             2
    0.45454545454546    0.00000000000000    0.40000000000000             2
   -0.45454545454545    0.00000000000000    0.40000000000000             2
   -0.36363636363636    0.00000000000000    0.40000000000000             2
   -0.27272727272727    0.00000000000000    0.40000000000000             2
   -0.18181818181818    0.00000000000000    0.40000000000000             2
   -0.09090909090909    0.00000000000000    0.40000000000000             2
    0.00000000000000    0.08333333333333    0.40000000000000             2
    0.09090909090909    0.08333333333333    0.40000000000000             2
    0.18181818181818    0.08333333333333    0.40000000000000             2
    0.27272727272727    0.08333333333333    0.40000000000000             2
    0.36363636363636    0.08333333333333    0.40000000000000             2
    0.45454545454546    0.08333333333333    0.40000000000000             2
   -0.45454545454545    0.08333333333333    0.40000000000000             2
   -0.36363636363636    0.08333333333333    0.40000000000000             2
   -0.27272727272727    0.08333333333333    0.40000000000000             2
   -0.18181818181818    0.08333333333333    0.40000000000000             2
   -0.09090909090909    0.08333333333333    0.40000000000000             2
    0.00000000000000    0.16666666666667    0.40000000000000             2
    0.09090909090909    0.16666666666667    0.40000000000000             2
    0.18181818181818    0.16666666666667    0.40000000000000             2
    0.27272727272727    0.16666666666667    0.40000000000000             2
    0.36363636363636    0.16666666666667    0.40000000000000             2
    0.45454545454546    0.16666666666667    0.40000000000000             2
   -0.45454545454545    0.16666666666667    0.40000000000000             2
   -0.36363636363636    0.16666666666667    0.40000000000000             2
   -0.27272727272727    0.16666666666667    0.40000000000000             2
   -0.18181818181818    0.16666666666667    0.40000000000000             2
   -0.09090909090909    0.16666666666667    0.40000000000000             2
    0.00000000000000    0.25000000000000    0.40000000000000             2
    0.09090909090909    0.25000000000000    0.40000000000000             2
    0.18181818181818    0.25000000000000    0.40000000000000             2
    0.27272727272727    0.25000000000000    0.40000000000000             2
    0.36363636363636    0.25000000000000    0.40000000000000             2
    0.45454545454546    0.25000000000000    0.40000000000000             2
   -0.45454545454545    0.25000000000000    0.40000000000000             2
   -0.36363636363636    0.25000000000000    0.40000000000000             2
   -0.27272727272727    0.25000000000000    0.40000000000000             2
   -0.18181818181818    0.25000000000000    0.40000000000000             2
   -0.09090909090909    0.25000000000000    0.40000000000000             2
    0.00000000000000    0.33333333333333    0.40000000000000             2
    0.09090909090909    0.33333333333333    0.40000000000000             2
    0.18181818181818    0.33333333333333    0.40000000000000             2
    0.27272727272727    0.33333333333333    0.40000000000000             2
    0.36363636363636    0.33333333333333    0.40000000000000             2
    0.45454545454546    0.33333333333333    0.40000000000000             2
   -0.45454545454545    0.33333333333333    0.40000000000000             2
   -0.36363636363636    0.33333333333333    0.40000000000000             2
   -0.27272727272727    0.33333333333333    0.40000000000000             2
   -0.18181818181818    0.33333333333333    0.40000000000000             2
   -0.09090909090909    0.33333333333333    0.40000000000000             2
    0.00000000000000    0.41666666666667    0.40000000000000             2
    0.09090909090909    0.41666666666667    0.40000000000000             2
    0.18181818181818    0.41666666666667    0.40000000000000             2
    0.27272727272727    0.41666666666667    0.40000000000000             2
    0.36363636363636    0.41666666666667    0.40000000000000             2
    0.45454545454546    0.41666666666667    0.40000000000000             2
   -0.45454545454545    0.41666666666667    0.40000000000000             2
   -0.36363636363636    0.41666666666667    0.40000000000000             2
   -0.27272727272727    0.41666666666667    0.40000000000000             2
   -0.18181818181818    0.41666666666667    0.40000000000000             2
   -0.09090909090909    0.41666666666667    0.40000000000000             2
    0.00000000000000    0.50000000000000    0.40000000000000             2
    0.09090909090909    0.50000000000000    0.40000000000000             2
    0.18181818181818    0.50000000000000    0.40000000000000             2
    0.27272727272727    0.50000000000000    0.40000000000000             2
    0.36363636363636    0.50000000000000    0.40000000000000             2
    0.45454545454546    0.50000000000000    0.40000000000000             2
   -0.45454545454545    0.50000000000000    0.40000000000000             2
   -0.36363636363636    0.50000000000000    0.40000000000000             2
   -0.27272727272727    0.50000000000000    0.40000000000000             2
   -0.18181818181818    0.50000000000000    0.40000000000000             2
   -0.09090909090909    0.50000000000000    0.40000000000000             2
    0.00000000000000   -0.41666666666667    0.40000000000000             2
    0.09090909090909   -0.41666666666667    0.40000000000000             2
    0.18181818181818   -0.41666666666667    0.40000000000000             2
    0.27272727272727   -0.41666666666667    0.40000000000000             2
    0.36363636363636   -0.41666666666667    0.40000000000000             2
    0.45454545454546   -0.41666666666667    0.40000000000000             2
   -0.45454545454545   -0.41666666666667    0.40000000000000             2
   -0.36363636363636   -0.41666666666667    0.40000000000000             2
   -0.27272727272727   -0.41666666666667    0.40000000000000             2
   -0.18181818181818   -0.41666666666667    0.40000000000000             2
   -0.09090909090909   -0.41666666666667    0.40000000000000             2
    0.00000000000000   -0.33333333333333    0.40000000000000             2
    0.09090909090909   -0.33333333333333    0.40000000000000             2
    0.18181818181818   -0.33333333333333    0.40000000000000             2
    0.27272727272727   -0.33333333333333    0.40000000000000             2
    0.36363636363636   -0.33333333333333    0.40000000000000             2
    0.45454545454546   -0.33333333333333    0.40000000000000             2
   -0.45454545454545   -0.33333333333333    0.40000000000000             2
   -0.36363636363636   -0.33333333333333    0.40000000000000             2
   -0.27272727272727   -0.33333333333333    0.40000000000000             2
   -0.18181818181818   -0.33333333333333    0.40000000000000             2
   -0.09090909090909   -0.33333333333333    0.40000000000000             2
    0.00000000000000   -0.25000000000000    0.40000000000000             2
    0.09090909090909   -0.25000000000000    0.40000000000000             2
    0.18181818181818   -0.25000000000000    0.40000000000000             2
    0.27272727272727   -0.25000000000000    0.40000000000000             2
    0.36363636363636   -0.25000000000000    0.40000000000000             2
    0.45454545454546   -0.25000000000000    0.40000000000000             2
   -0.45454545454545   -0.25000000000000    0.40000000000000             2
   -0.36363636363636   -0.25000000000000    0.40000000000000             2
   -0.27272727272727   -0.25000000000000    0.40000000000000             2
   -0.18181818181818   -0.25000000000000    0.40000000000000             2
   -0.09090909090909   -0.25000000000000    0.40000000000000             2
    0.00000000000000   -0.16666666666667    0.40000000000000             2
    0.09090909090909   -0.16666666666667    0.40000000000000             2
    0.18181818181818   -0.16666666666667    0.40000000000000             2
    0.27272727272727   -0.16666666666667    0.40000000000000             2
    0.36363636363636   -0.16666666666667    0.40000000000000             2
    0.45454545454546   -0.16666666666667    0.40000000000000             2
   -0.45454545454545   -0.16666666666667    0.40000000000000             2
   -0.36363636363636   -0.16666666666667    0.40000000000000             2
   -0.27272727272727   -0.16666666666667    0.40000000000000             2
   -0.18181818181818   -0.16666666666667    0.40000000000000             2
   -0.09090909090909   -0.16666666666667    0.40000000000000             2
    0.00000000000000   -0.08333333333333    0.40000000000000             2
    0.09090909090909   -0.08333333333333    0.40000000000000             2
    0.18181818181818   -0.08333333333333    0.40000000000000             2
    0.27272727272727   -0.08333333333333    0.40000000000000             2
    0.36363636363636   -0.08333333333333    0.40000000000000             2
    0.45454545454546   -0.08333333333333    0.40000000000000             2
   -0.45454545454545   -0.08333333333333    0.40000000000000             2
   -0.36363636363636   -0.08333333333333    0.40000000000000             2
   -0.27272727272727   -0.08333333333333    0.40000000000000             2
   -0.18181818181818   -0.08333333333333    0.40000000000000             2
   -0.09090909090909   -0.08333333333333    0.40000000000000             2
