Automatically generated mesh
      26
Reciprocal lattice
    0.00000000000000    0.00000000000000    0.00000000000000             1
    0.25000000000000    0.00000000000000    0.00000000000000             2
    0.50000000000000    0.00000000000000    0.00000000000000             1
    0.00000000000000    0.33333333333333    0.00000000000000             2
    0.25000000000000    0.33333333333333    0.00000000000000             2
    0.50000000000000    0.33333333333333    0.00000000000000             2
   -0.25000000000000    0.33333333333333    0.00000000000000             2
    0.00000000000000    0.00000000000000    0.25000000000000             2
    0.25000000000000    0.00000000000000    0.25000000000000             2
    0.50000000000000    0.00000000000000    0.25000000000000             2
   -0.25000000000000    0.00000000000000    0.25000000000000             2
    0.00000000000000    0.33333333333333    0.25000000000000             2
    0.25000000000000    0.33333333333333    0.25000000000000             2
    0.50000000000000    0.33333333333333    0.25000000000000             2
   -0.25000000000000    0.33333333333333    0.25000000000000             2
    0.00000000000000   -0.33333333333333    0.25000000000000             2
    0.25000000000000   -0.33333333333333    0.25000000000000             2
    0.50000000000000   -0.33333333333333    0.25000000000000             2
   -0.25000000000000   -0.33333333333333    0.25000000000000             2
    0.00000000000000    0.00000000000000    0.50000000000000             1
    0.25000000000000    0.00000000000000    0.50000000000000             2
    0.50000000000000    0.00000000000000    0.50000000000000             1
    0.00000000000000    0.33333333333333    0.50000000000000             2
    0.25000000000000    0.33333333333333    0.50000000000000             2
    0.50000000000000    0.33333333333333    0.50000000000000             2
   -0.25000000000000    0.33333333333333    0.50000000000000             2
Tetrahedra
       144    0.00347222222222
         2         2         4         5        12
         2         1         2         4        12
         2         1         2         8        12
         2         2         5        12        13
         2         2         9        12        13
         2         2         8         9        12
         2         3         5         6        13
         2         2         3         5        13
         2         2         3         9        13
         2         3         6        13        14
         2         3        10        13        14
         2         3         9        10        13
         2         2         6         7        14
         2         2         3         6        14
         2         2         3        10        14
         2         2         7        14        15
         2         2        11        14        15
         2         2        10        11        14
         2         1         4         7        15
         2         1         2         7        15
         2         1         2        11        15
         2         1         4        12        15
         2         1         8        12        15
         2         1         8        11        15
         2         4         5         7        16
         2         4         4         5        16
         2         4         5        12        16
         2         5         7        16        17
         2         5        13        16        17
         2         5        12        13        16
         2         6         6         7        17
         2         5         6         7        17
         2         5         6        13        17
         2         6         6        17        18
         2         6        14        17        18
         2         6        13        14        17
         2         5         6         7        18
         2         6         6         7        18
         2         6         7        14        18
         2         5         7        18        19
         2         7        15        18        19
         2         7        14        15        18
         2         4         4         5        19
         2         4         5         7        19
         2         4         7        15        19
         2         4         4        16        19
         2         4        12        16        19
         2         4        12        15        19
         2         1         2         7         8
         2         1         4         7         8
         2         4         7         8        16
         2         2         7         8         9
         2         7         8         9        17
         2         7         8        16        17
         2         2         3         6         9
         2         2         6         7         9
         2         6         7         9        17
         2         3         6         9        10
         2         6         9        10        18
         2         6         9        17        18
         2         2         3         5        10
         2         3         5         6        10
         2         5         6        10        18
         2         2         5        10        11
         2         5        10        11        19
         2         5        10        18        19
         2         1         2         4        11
         2         2         4         5        11
         2         4         5        11        19
         2         1         4         8        11
         2         4         8        11        16
         2         4        11        16        19
         2         9        12        13        23
         2         8         9        12        23
         2         8         9        20        23
         2         9        13        23        24
         2         9        21        23        24
         2         9        20        21        23
         2        10        13        14        24
         2         9        10        13        24
         2         9        10        21        24
         2        10        14        24        25
         2        10        22        24        25
         2        10        21        22        24
         2        11        14        15        25
         2        10        11        14        25
         2        10        11        22        25
         2        11        15        25        26
         2        11        21        25        26
         2        11        21        22        25
         2         8        12        15        26
         2         8        11        15        26
         2         8        11        21        26
         2         8        12        23        26
         2         8        20        23        26
         2         8        20        21        26
         2        13        16        17        23
         2        12        13        16        23
         2        12        13        23        23
         2        13        17        23        26
         2        13        23        24        26
         2        13        23        23        24
         2        14        17        18        26
         2        13        14        17        26
         2        13        14        24        26
         2        14        18        25        26
         2        14        25        25        26
         2        14        24        25        26
         2        15        18        19        25
         2        14        15        18        25
         2        14        15        25        25
         2        15        19        24        25
         2        15        24        25        26
         2        15        25        25        26
         2        12        16        19        24
         2        12        15        19        24
         2        12        15        24        26
         2        12        16        23        24
         2        12        23        23        24
         2        12        23        24        26
         2         8         9        17        20
         2         8        16        17        20
         2        16        17        20        23
         2         9        17        20        21
         2        17        20        21        26
         2        17        20        23        26
         2         9        10        18        21
         2         9        17        18        21
         2        17        18        21        26
         2        10        18        21        22
         2        18        21        22        25
         2        18        21        25        26
         2        10        11        19        22
         2        10        18        19        22
         2        18        19        22        25
         2        11        19        21        22
         2        19        21        22        24
         2        19        22        24        25
         2         8        11        16        21
         2        11        16        19        21
         2        16        19        21        24
         2         8        16        20        21
         2        16        20        21        23
         2        16        21        23        24
