Automatically generated mesh
      76
Reciprocal lattice
    0.00000000000000    0.00000000000000    0.00000000000000             1
    0.10000000000000    0.00000000000000    0.00000000000000             2
    0.20000000000000    0.00000000000000    0.00000000000000             2
    0.30000000000000    0.00000000000000    0.00000000000000             2
    0.40000000000000    0.00000000000000    0.00000000000000             2
    0.50000000000000    0.00000000000000    0.00000000000000             1
    0.00000000000000    0.20000000000000    0.00000000000000             2
    0.10000000000000    0.20000000000000    0.00000000000000             2
    0.20000000000000    0.20000000000000    0.00000000000000             2
    0.30000000000000    0.20000000000000    0.00000000000000             2
    0.40000000000000    0.20000000000000    0.00000000000000             2
    0.50000000000000    0.20000000000000    0.00000000000000             2
   -0.40000000000000    0.20000000000000    0.00000000000000             2
   -0.30000000000000    0.20000000000000    0.00000000000000             2
   -0.20000000000000    0.20000000000000    0.00000000000000             2
   -0.10000000000000    0.20000000000000    0.00000000000000             2
    0.00000000000000    0.40000000000000    0.00000000000000             2
    0.10000000000000    0.40000000000000    0.00000000000000             2
    0.20000000000000    0.40000000000000    0.00000000000000             2
    0.30000000000000    0.40000000000000    0.00000000000000             2
    0.40000000000000    0.40000000000000    0.00000000000000             2
    0.50000000000000    0.40000000000000    0.00000000000000             2
   -0.40000000000000    0.40000000000000    0.00000000000000             2
   -0.30000000000000    0.40000000000000    0.00000000000000             2
   -0.20000000000000    0.40000000000000    0.00000000000000             2
   -0.10000000000000    0.40000000000000    0.00000000000000             2
    0.00000000000000    0.00000000000000    0.33333333333333             2
    0.10000000000000    0.00000000000000    0.33333333333333             2
    0.20000000000000    0.00000000000000    0.33333333333333             2
    0.30000000000000    0.00000000000000    0.33333333333333             2
    0.40000000000000    0.00000000000000    0.33333333333333             2
    0.50000000000000    0.00000000000000    0.33333333333333             2
   -0.40000000000000    0.00000000000000    0.33333333333333             2
   -0.30000000000000    0.00000000000000    0.33333333333333             2
   -0.20000000000000    0.00000000000000    0.33333333333333             2
   -0.10000000000000    0.00000000000000    0.33333333333333             2
    0.00000000000000    0.20000000000000    0.33333333333333             2
    0.10000000000000    0.20000000000000    0.33333333333333             2
    0.20000000000000    0.20000000000000    0.33333333333333             2
    0.30000000000000    0.20000000000000    0.33333333333333             2
    0.40000000000000    0.20000000000000    0.33333333333333             2
    0.50000000000000    0.20000000000000    0.33333333333333             2
   -0.40000000000000    0.20000000000000    0.33333333333333             2
   -0.30000000000000    0.20000000000000    0.33333333333333             2
   -0.20000000000000    0.20000000000000    0.33333333333333             2
   -0.10000000000000    0.20000000000000    0.33333333333333             2
    0.00000000000000    0.40000000000000    0.33333333333333             2
    0.10000000000000    0.40000000000000    0.33333333333333             2
    0.20000000000000    0.40000000000000    0.33333333333333             2
    0.30000000000000    0.40000000000000    0.33333333333333             2
    0.40000000000000    0.40000000000000    0.33333333333333             2
    0.50000000000000    0.40000000000000    0.33333333333333             2
   -0.40000000000000    0.40000000000000    0.33333333333333             2
   -0.30000000000000    0.40000000000000    0.33333333333333             2
   -0.20000000000000    0.40000000000000    0.33333333333333             2
   -0.10000000000000    0.40000000000000    0.33333333333333             2
    0.00000000000000   -0.40000000000000    0.33333333333333             2
    0.10000000000000   -0.40000000000000    0.33333333333333             2
    0.20000000000000   -0.40000000000000    0.33333333333333             2
    0.30000000000000   -0.40000000000000    0.33333333333333             2
    0.40000000000000   -0.40000000000000    0.33333333333333             2
    0.50000000000000   -0.40000000000000    0.33333333333333             2
   -0.40000000000000   -0.40000000000000    0.33333333333333             2
   -0.30000000000000   -0.40000000000000    0.33333333333333             2
   -0.20000000000000   -0.40000000000000    0.33333333333333             2
   -0.10000000000000   -0.40000000000000    0.33333333333333             2
    0.00000000000000   -0.20000000000000    0.33333333333333             2
    0.10000000000000   -0.20000000000000    0.33333333333333             2
    0.20000000000000   -0.20000000000000    0.33333333333333             2
    0.30000000000000   -0.20000000000000    0.33333333333333             2
    0.40000000000000   -0.20000000000000    0.33333333333333             2
    0.50000000000000   -0.20000000000000    0.33333333333333             2
   -0.40000000000000   -0.20000000000000    0.33333333333333             2
   -0.30000000000000   -0.20000000000000    0.33333333333333             2
   -0.20000000000000   -0.20000000000000    0.33333333333333             2
   -0.10000000000000   -0.20000000000000    0.33333333333333             2
Tetrahedra
       448    0.00111111111111
         2         1         7         8        38
         2         1         2         8        38
         2         1         2        28        38
         2         1         7        37        38
         2         1        27        37        38
         2         1        27        28        38
         2         2         8         9        39
         2         2         3         9        39
         2         2         3        29        39
         2         2         8        38        39
         2         2        28        38        39
         2         2        28        29        39
         2         3         9        10        40
         2         3         4        10        40
         2         3         4        30        40
         2         3         9        39        40
         2         3        29        39        40
         2         3        29        30        40
         2         4        10        11        41
         2         4         5        11        41
         2         4         5        31        41
         2         4        10        40        41
         2         4        30        40        41
         2         4        30        31        41
         2         5        11        12        42
         2         5         6        12        42
         2         5         6        32        42
         2         5        11        41        42
         2         5        31        41        42
         2         5        31        32        42
         2         6        12        13        43
         2         5         6        13        43
         2         5         6        33        43
         2         6        12        42        43
         2         6        32        42        43
         2         6        32        33        43
         2         5        13        14        44
         2         4         5        14        44
         2         4         5        34        44
         2         5        13        43        44
         2         5        33        43        44
         2         5        33        34        44
         2         4        14        15        45
         2         3         4        15        45
         2         3         4        35        45
         2         4        14        44        45
         2         4        34        44        45
         2         4        34        35        45
         2         3        15        16        46
         2         2         3        16        46
         2         2         3        36        46
         2         3        15        45        46
         2         3        35        45        46
         2         3        35        36        46
         2         2         7        16        37
         2         1         2         7        37
         2         1         2        27        37
         2         2        16        37        46
         2         2        36        37        46
         2         2        27        36        37
         2         7        17        18        48
         2         7         8        18        48
         2         7         8        38        48
         2         7        17        47        48
         2         7        37        47        48
         2         7        37        38        48
         2         8        18        19        49
         2         8         9        19        49
         2         8         9        39        49
         2         8        18        48        49
         2         8        38        48        49
         2         8        38        39        49
         2         9        19        20        50
         2         9        10        20        50
         2         9        10        40        50
         2         9        19        49        50
         2         9        39        49        50
         2         9        39        40        50
         2        10        20        21        51
         2        10        11        21        51
         2        10        11        41        51
         2        10        20        50        51
         2        10        40        50        51
         2        10        40        41        51
         2        11        21        22        52
         2        11        12        22        52
         2        11        12        42        52
         2        11        21        51        52
         2        11        41        51        52
         2        11        41        42        52
         2        12        22        23        53
         2        12        13        23        53
         2        12        13        43        53
         2        12        22        52        53
         2        12        42        52        53
         2        12        42        43        53
         2        13        23        24        54
         2        13        14        24        54
         2        13        14        44        54
         2        13        23        53        54
         2        13        43        53        54
         2        13        43        44        54
         2        14        24        25        55
         2        14        15        25        55
         2        14        15        45        55
         2        14        24        54        55
         2        14        44        54        55
         2        14        44        45        55
         2        15        25        26        56
         2        15        16        26        56
         2        15        16        46        56
         2        15        25        55        56
         2        15        45        55        56
         2        15        45        46        56
         2        16        17        26        47
         2         7        16        17        47
         2         7        16        37        47
         2        16        26        47        56
         2        16        46        47        56
         2        16        37        46        47
         2        17        17        26        58
         2        17        18        26        58
         2        17        18        48        58
         2        17        17        57        58
         2        17        47        57        58
         2        17        47        48        58
         2        18        25        26        59
         2        18        19        25        59
         2        18        19        49        59
         2        18        26        58        59
         2        18        48        58        59
         2        18        48        49        59
         2        19        24        25        60
         2        19        20        24        60
         2        19        20        50        60
         2        19        25        59        60
         2        19        49        59        60
         2        19        49        50        60
         2        20        23        24        61
         2        20        21        23        61
         2        20        21        51        61
         2        20        24        60        61
         2        20        50        60        61
         2        20        50        51        61
         2        21        22        23        62
         2        21        22        22        62
         2        21        22        52        62
         2        21        23        61        62
         2        21        51        61        62
         2        21        51        52        62
         2        21        22        22        63
         2        21        22        23        63
         2        22        23        53        63
         2        22        22        62        63
         2        22        52        62        63
         2        22        52        53        63
         2        20        21        23        64
         2        20        23        24        64
         2        23        24        54        64
         2        21        23        63        64
         2        23        53        63        64
         2        23        53        54        64
         2        19        20        24        65
         2        19        24        25        65
         2        24        25        55        65
         2        20        24        64        65
         2        24        54        64        65
         2        24        54        55        65
         2        18        19        25        66
         2        18        25        26        66
         2        25        26        56        66
         2        19        25        65        66
         2        25        55        65        66
         2        25        55        56        66
         2        17        18        26        57
         2        17        17        26        57
         2        17        26        47        57
         2        18        26        57        66
         2        26        56        57        66
         2        26        47        56        57
         2         7        16        17        68
         2        16        17        26        68
         2        17        26        58        68
         2         7        17        67        68
         2        17        57        67        68
         2        17        57        58        68
         2        15        16        26        69
         2        15        25        26        69
         2        25        26        59        69
         2        16        26        68        69
         2        26        58        68        69
         2        26        58        59        69
         2        14        15        25        70
         2        14        24        25        70
         2        24        25        60        70
         2        15        25        69        70
         2        25        59        69        70
         2        25        59        60        70
         2        13        14        24        71
         2        13        23        24        71
         2        23        24        61        71
         2        14        24        70        71
         2        24        60        70        71
         2        24        60        61        71
         2        12        13        23        72
         2        12        22        23        72
         2        22        23        62        72
         2        13        23        71        72
         2        23        61        71        72
         2        23        61        62        72
         2        11        12        22        73
         2        11        21        22        73
         2        21        22        63        73
         2        12        22        72        73
         2        22        62        72        73
         2        22        62        63        73
         2        10        11        21        74
         2        10        20        21        74
         2        20        21        64        74
         2        11        21        73        74
         2        21        63        73        74
         2        21        63        64        74
         2         9        10        20        75
         2         9        19        20        75
         2        19        20        65        75
         2        10        20        74        75
         2        20        64        74        75
         2        20        64        65        75
         2         8         9        19        76
         2         8        18        19        76
         2        18        19        66        76
         2         9        19        75        76
         2        19        65        75        76
         2        19        65        66        76
         2         7         8        18        67
         2         7        17        18        67
         2        17        18        57        67
         2         8        18        67        76
         2        18        66        67        76
         2        18        57        66        67
         2         1         2         7        28
         2         2         7        16        28
         2         7        16        28        68
         2         1         7        27        28
         2         7        27        28        67
         2         7        28        67        68
         2         2         3        16        29
         2         3        15        16        29
         2        15        16        29        69
         2         2        16        28        29
         2        16        28        29        68
         2        16        29        68        69
         2         3         4        15        30
         2         4        14        15        30
         2        14        15        30        70
         2         3        15        29        30
         2        15        29        30        69
         2        15        30        69        70
         2         4         5        14        31
         2         5        13        14        31
         2        13        14        31        71
         2         4        14        30        31
         2        14        30        31        70
         2        14        31        70        71
         2         5         6        13        32
         2         6        12        13        32
         2        12        13        32        72
         2         5        13        31        32
         2        13        31        32        71
         2        13        32        71        72
         2         5         6        12        33
         2         5        11        12        33
         2        11        12        33        73
         2         6        12        32        33
         2        12        32        33        72
         2        12        33        72        73
         2         4         5        11        34
         2         4        10        11        34
         2        10        11        34        74
         2         5        11        33        34
         2        11        33        34        73
         2        11        34        73        74
         2         3         4        10        35
         2         3         9        10        35
         2         9        10        35        75
         2         4        10        34        35
         2        10        34        35        74
         2        10        35        74        75
         2         2         3         9        36
         2         2         8         9        36
         2         8         9        36        76
         2         3         9        35        36
         2         9        35        36        75
         2         9        36        75        76
         2         1         2         8        27
         2         1         7         8        27
         2         7         8        27        67
         2         2         8        27        36
         2         8        27        36        76
         2         8        27        67        76
         2        27        37        38        76
         2        27        28        38        76
         2        27        28        36        76
         2        27        37        67        76
         2        27        27        67        76
         2        27        27        36        76
         2        28        38        39        75
         2        28        29        39        75
         2        28        29        35        75
         2        28        38        75        76
         2        28        36        75        76
         2        28        35        36        75
         2        29        39        40        74
         2        29        30        40        74
         2        29        30        34        74
         2        29        39        74        75
         2        29        35        74        75
         2        29        34        35        74
         2        30        40        41        73
         2        30        31        41        73
         2        30        31        33        73
         2        30        40        73        74
         2        30        34        73        74
         2        30        33        34        73
         2        31        41        42        72
         2        31        32        42        72
         2        31        32        32        72
         2        31        41        72        73
         2        31        33        72        73
         2        31        32        33        72
         2        32        42        43        71
         2        32        33        43        71
         2        31        32        33        71
         2        32        42        71        72
         2        32        32        71        72
         2        31        32        32        71
         2        33        43        44        70
         2        33        34        44        70
         2        30        33        34        70
         2        33        43        70        71
         2        31        33        70        71
         2        30        31        33        70
         2        34        44        45        69
         2        34        35        45        69
         2        29        34        35        69
         2        34        44        69        70
         2        30        34        69        70
         2        29        30        34        69
         2        35        45        46        68
         2        35        36        46        68
         2        28        35        36        68
         2        35        45        68        69
         2        29        35        68        69
         2        28        29        35        68
         2        36        37        46        67
         2        27        36        37        67
         2        27        27        36        67
         2        36        46        67        68
         2        28        36        67        68
         2        27        28        36        67
         2        37        47        48        66
         2        37        38        48        66
         2        37        38        66        76
         2        37        47        57        66
         2        37        57        66        67
         2        37        66        67        76
         2        38        48        49        65
         2        38        39        49        65
         2        38        39        65        75
         2        38        48        65        66
         2        38        65        66        76
         2        38        65        75        76
         2        39        49        50        64
         2        39        40        50        64
         2        39        40        64        74
         2        39        49        64        65
         2        39        64        65        75
         2        39        64        74        75
         2        40        50        51        63
         2        40        41        51        63
         2        40        41        63        73
         2        40        50        63        64
         2        40        63        64        74
         2        40        63        73        74
         2        41        51        52        62
         2        41        42        52        62
         2        41        42        62        72
         2        41        51        62        63
         2        41        62        63        73
         2        41        62        72        73
         2        42        52        53        61
         2        42        43        53        61
         2        42        43        61        71
         2        42        52        61        62
         2        42        61        62        72
         2        42        61        71        72
         2        43        53        54        60
         2        43        44        54        60
         2        43        44        60        70
         2        43        53        60        61
         2        43        60        61        71
         2        43        60        70        71
         2        44        54        55        59
         2        44        45        55        59
         2        44        45        59        69
         2        44        54        59        60
         2        44        59        60        70
         2        44        59        69        70
         2        45        55        56        58
         2        45        46        56        58
         2        45        46        58        68
         2        45        55        58        59
         2        45        58        59        69
         2        45        58        68        69
         2        46        47        56        57
         2        37        46        47        57
         2        37        46        57        67
         2        46        56        57        58
         2        46        57        58        68
         2        46        57        67        68
         2        47        56        57        58
         2        47        48        56        58
         2        47        48        56        66
         4        47        47        56        57
         2        47        56        57        66
         2        48        55        58        59
         2        48        49        55        59
         2        48        49        55        65
         2        48        55        56        58
         2        48        55        56        66
         2        48        55        65        66
         2        49        54        59        60
         2        49        50        54        60
         2        49        50        54        64
         2        49        54        55        59
         2        49        54        55        65
         2        49        54        64        65
         2        50        53        60        61
         2        50        51        53        61
         2        50        51        53        63
         2        50        53        54        60
         2        50        53        54        64
         2        50        53        63        64
         2        51        52        61        62
         4        51        52        52        62
         2        51        52        53        61
         2        51        52        53        63
         2        51        52        62        63
