Automatically generated mesh
      51
Reciprocal lattice
    0.00000000000000    0.00000000000000    0.00000000000000             1
    0.20000000000000    0.00000000000000    0.00000000000000             2
    0.40000000000000    0.00000000000000    0.00000000000000             2
    0.00000000000000    0.20000000000000    0.00000000000000             2
    0.20000000000000    0.20000000000000    0.00000000000000             2
    0.40000000000000    0.20000000000000    0.00000000000000             2
   -0.40000000000000    0.20000000000000    0.00000000000000             2
   -0.20000000000000    0.20000000000000    0.00000000000000             2
    0.00000000000000    0.40000000000000    0.00000000000000             2
    0.20000000000000    0.40000000000000    0.00000000000000             2
    0.40000000000000    0.40000000000000    0.00000000000000             2
   -0.40000000000000    0.40000000000000    0.00000000000000             2
   -0.20000000000000    0.40000000000000    0.00000000000000             2
    0.00000000000000    0.00000000000000    0.25000000000000             2
    0.20000000000000    0.00000000000000    0.25000000000000             2
    0.40000000000000    0.00000000000000    0.25000000000000             2
   -0.40000000000000    0.00000000000000    0.25000000000000             2
   -0.20000000000000    0.00000000000000    0.25000000000000             2
    0.00000000000000    0.20000000000000    0.25000000000000             2
    0.20000000000000    0.20000000000000    0.25000000000000             2
    0.40000000000000    0.20000000000000    0.25000000000000             2
   -0.40000000000000    0.20000000000000    0.25000000000000             2
   -0.20000000000000    0.20000000000000    0.25000000000000             2
    0.00000000000000    0.40000000000000    0.25000000000000             2
    0.20000000000000    0.40000000000000    0.25000000000000             2
    0.40000000000000    0.40000000000000    0.25000000000000             2
   -0.40000000000000    0.40000000000000    0.25000000000000             2
   -0.20000000000000    0.40000000000000    0.25000000000000             2
    0.00000000000000   -0.40000000000000    0.25000000000000             2
    0.20000000000000   -0.40000000000000    0.25000000000000             2
    0.40000000000000   -0.40000000000000    0.25000000000000             2
   -0.40000000000000   -0.40000000000000    0.25000000000000             2
   -0.20000000000000   -0.40000000000000    0.25000000000000             2
    0.00000000000000   -0.20000000000000    0.25000000000000             2
    0.20000000000000   -0.20000000000000    0.25000000000000             2
    0.40000000000000   -0.20000000000000    0.25000000000000             2
   -0.40000000000000   -0.20000000000000    0.25000000000000             2
   -0.20000000000000   -0.20000000000000    0.25000000000000             2
    0.00000000000000    0.00000000000000    0.50000000000000             1
    0.20000000000000    0.00000000000000    0.50000000000000             2
    0.40000000000000    0.00000000000000    0.50000000000000             2
    0.00000000000000    0.20000000000000    0.50000000000000             2
    0.20000000000000    0.20000000000000    0.50000000000000             2
    0.40000000000000    0.20000000000000    0.50000000000000             2
   -0.40000000000000    0.20000000000000    0.50000000000000             2
   -0.20000000000000    0.20000000000000    0.50000000000000             2
    0.00000000000000    0.40000000000000    0.50000000000000             2
    0.20000000000000    0.40000000000000    0.50000000000000             2
    0.40000000000000    0.40000000000000    0.50000000000000             2
   -0.40000000000000    0.40000000000000    0.50000000000000             2
   -0.20000000000000    0.40000000000000    0.50000000000000             2
Tetrahedra
       298    0.00166666666667
         2         1         4         5        20
         2         1         2         5        20
         2         1         2        15        20
         2         1         4        19        20
         2         1        14        19        20
         2         1        14        15        20
         2         2         5         6        21
         2         2         3         6        21
         2         2         3        16        21
         2         2         5        20        21
         2         2        15        20        21
         2         2        15        16        21
         2         3         6         7        22
         2         3         3         7        22
         2         3         3        17        22
         2         3         6        21        22
         2         3        16        21        22
         2         3        16        17        22
         2         3         7         8        23
         2         2         3         8        23
         2         2         3        18        23
         2         3         7        22        23
         2         3        17        22        23
         2         3        17        18        23
         2         2         4         8        19
         2         1         2         4        19
         2         1         2        14        19
         2         2         8        19        23
         2         2        18        19        23
         2         2        14        18        19
         2         4         9        10        25
         2         4         5        10        25
         2         4         5        20        25
         2         4         9        24        25
         2         4        19        24        25
         2         4        19        20        25
         2         5        10        11        26
         2         5         6        11        26
         2         5         6        21        26
         2         5        10        25        26
         2         5        20        25        26
         2         5        20        21        26
         2         6        11        12        27
         2         6         7        12        27
         2         6         7        22        27
         2         6        11        26        27
         2         6        21        26        27
         2         6        21        22        27
         2         7        12        13        28
         2         7         8        13        28
         2         7         8        23        28
         2         7        12        27        28
         2         7        22        27        28
         2         7        22        23        28
         2         8         9        13        24
         2         4         8         9        24
         2         4         8        19        24
         2         8        13        24        28
         2         8        23        24        28
         2         8        19        23        24
         2         9         9        13        30
         2         9        10        13        30
         2         9        10        25        30
         2         9         9        29        30
         2         9        24        29        30
         2         9        24        25        30
         2        10        12        13        31
         2        10        11        12        31
         2        10        11        26        31
         2        10        13        30        31
         2        10        25        30        31
         2        10        25        26        31
         4        11        11        12        32
         2        11        12        27        32
         2        11        12        31        32
         2        11        26        31        32
         2        11        26        27        32
         2        10        11        12        33
         2        10        12        13        33
         2        12        13        28        33
         2        11        12        32        33
         2        12        27        32        33
         2        12        27        28        33
         2         9        10        13        29
         2         9         9        13        29
         2         9        13        24        29
         2        10        13        29        33
         2        13        28        29        33
         2        13        24        28        29
         2         4         8         9        35
         2         8         9        13        35
         2         9        13        30        35
         2         4         9        34        35
         2         9        29        34        35
         2         9        29        30        35
         2         7         8        13        36
         2         7        12        13        36
         2        12        13        31        36
         2         8        13        35        36
         2        13        30        35        36
         2        13        30        31        36
         2         6         7        12        37
         2         6        11        12        37
         2        11        12        32        37
         2         7        12        36        37
         2        12        31        36        37
         2        12        31        32        37
         2         5         6        11        38
         2         5        10        11        38
         2        10        11        33        38
         2         6        11        37        38
         2        11        32        37        38
         2        11        32        33        38
         2         4         5        10        34
         2         4         9        10        34
         2         9        10        29        34
         2         5        10        34        38
         2        10        33        34        38
         2        10        29        33        34
         2         1         2         4        15
         2         2         4         8        15
         2         4         8        15        35
         2         1         4        14        15
         2         4        14        15        34
         2         4        15        34        35
         2         2         3         8        16
         2         3         7         8        16
         2         7         8        16        36
         2         2         8        15        16
         2         8        15        16        35
         2         8        16        35        36
         2         3         3         7        17
         2         3         6         7        17
         2         6         7        17        37
         2         3         7        16        17
         2         7        16        17        36
         2         7        17        36        37
         2         2         3         6        18
         2         2         5         6        18
         2         5         6        18        38
         2         3         6        17        18
         2         6        17        18        37
         2         6        18        37        38
         2         1         2         5        14
         2         1         4         5        14
         2         4         5        14        34
         2         2         5        14        18
         2         5        14        18        38
         2         5        14        34        38
         2        14        19        20        43
         2        14        15        20        43
         2        14        15        40        43
         2        14        19        42        43
         2        14        39        42        43
         2        14        39        40        43
         2        15        20        21        44
         2        15        16        21        44
         2        15        16        41        44
         2        15        20        43        44
         2        15        40        43        44
         2        15        40        41        44
         2        16        21        22        45
         2        16        17        22        45
         2        16        17        41        45
         2        16        21        44        45
         2        16        41        44        45
         2        16        41        41        45
         2        17        22        23        46
         2        17        18        23        46
         2        17        18        40        46
         2        17        22        45        46
         2        17        41        45        46
         2        17        40        41        46
         2        18        19        23        42
         2        14        18        19        42
         2        14        18        39        42
         2        18        23        42        46
         2        18        40        42        46
         2        18        39        40        42
         2        19        24        25        48
         2        19        20        25        48
         2        19        20        43        48
         2        19        24        47        48
         2        19        42        47        48
         2        19        42        43        48
         2        20        25        26        49
         2        20        21        26        49
         2        20        21        44        49
         2        20        25        48        49
         2        20        43        48        49
         2        20        43        44        49
         2        21        26        27        50
         2        21        22        27        50
         2        21        22        45        50
         2        21        26        49        50
         2        21        44        49        50
         2        21        44        45        50
         2        22        27        28        51
         2        22        23        28        51
         2        22        23        46        51
         2        22        27        50        51
         2        22        45        50        51
         2        22        45        46        51
         2        23        24        28        47
         2        19        23        24        47
         2        19        23        42        47
         2        23        28        47        51
         2        23        46        47        51
         2        23        42        46        47
         2        24        29        30        51
         2        24        25        30        51
         2        24        25        48        51
         2        24        29        47        51
         2        24        47        47        51
         2        24        47        48        51
         2        25        30        31        50
         2        25        26        31        50
         2        25        26        49        50
         2        25        30        50        51
         2        25        48        50        51
         2        25        48        49        50
         2        26        31        32        49
         2        26        27        32        49
         2        26        27        49        50
         2        26        31        49        50
         4        26        49        49        50
         2        27        32        33        48
         2        27        28        33        48
         2        27        28        48        51
         2        27        32        48        49
         2        27        48        49        50
         2        27        48        50        51
         2        28        29        33        47
         2        24        28        29        47
         2        24        28        47        47
         2        28        33        47        48
         2        28        47        48        51
         2        28        47        47        51
         2        29        34        35        46
         2        29        30        35        46
         2        29        30        46        51
         2        29        34        42        46
         2        29        42        46        47
         2        29        46        47        51
         2        30        35        36        45
         2        30        31        36        45
         2        30        31        45        50
         2        30        35        45        46
         2        30        45        46        51
         2        30        45        50        51
         2        31        36        37        44
         2        31        32        37        44
         2        31        32        44        49
         2        31        36        44        45
         2        31        44        45        50
         2        31        44        49        50
         2        32        37        38        43
         2        32        33        38        43
         2        32        33        43        48
         2        32        37        43        44
         2        32        43        44        49
         2        32        43        48        49
         2        33        34        38        42
         2        29        33        34        42
         2        29        33        42        47
         2        33        38        42        43
         2        33        42        43        48
         2        33        42        47        48
         2        14        15        34        40
         2        15        34        35        40
         2        34        35        40        46
         2        14        34        39        40
         2        34        39        40        42
         2        34        40        42        46
         2        15        16        35        41
         2        16        35        36        41
         2        35        36        41        45
         2        15        35        40        41
         2        35        40        41        46
         2        35        41        45        46
         2        16        17        36        41
         2        17        36        37        41
         2        36        37        41        44
         2        16        36        41        41
         2        36        41        41        45
         2        36        41        44        45
         2        17        18        37        40
         2        18        37        38        40
         2        37        38        40        43
         2        17        37        40        41
         2        37        40        41        44
         2        37        40        43        44
         2        14        18        38        39
         2        14        34        38        39
         2        34        38        39        42
         2        18        38        39        40
         2        38        39        40        43
         2        38        39        42        43
