Automatically generated mesh
      50
Reciprocal lattice
    0.00000000000000    0.00000000000000    0.00000000000000             1
    0.12500000000000    0.00000000000000    0.00000000000000             2
    0.25000000000000    0.00000000000000    0.00000000000000             2
    0.37500000000000    0.00000000000000    0.00000000000000             2
    0.50000000000000    0.00000000000000    0.00000000000000             1
    0.00000000000000    0.33333333333333    0.00000000000000             2
    0.12500000000000    0.33333333333333    0.00000000000000             2
    0.25000000000000    0.33333333333333    0.00000000000000             2
    0.37500000000000    0.33333333333333    0.00000000000000             2
    0.50000000000000    0.33333333333333    0.00000000000000             2
   -0.37500000000000    0.33333333333333    0.00000000000000             2
   -0.25000000000000    0.33333333333333    0.00000000000000             2
   -0.12500000000000    0.33333333333333    0.00000000000000             2
    0.00000000000000    0.00000000000000    0.25000000000000             2
    0.12500000000000    0.00000000000000    0.25000000000000             2
    0.25000000000000    0.00000000000000    0.25000000000000             2
    0.37500000000000    0.00000000000000    0.25000000000000             2
    0.50000000000000    0.00000000000000    0.25000000000000             2
   -0.37500000000000    0.00000000000000    0.25000000000000             2
   -0.25000000000000    0.00000000000000    0.25000000000000             2
   -0.12500000000000    0.00000000000000    0.25000000000000             2
    0.00000000000000    0.33333333333333    0.25000000000000             2
    0.12500000000000    0.33333333333333    0.25000000000000             2
    0.25000000000000    0.33333333333333    0.25000000000000             2
    0.37500000000000    0.33333333333333    0.25000000000000             2
    0.50000000000000    0.33333333333333    0.25000000000000             2
   -0.37500000000000    0.33333333333333    0.25000000000000             2
   -0.25000000000000    0.33333333333333    0.25000000000000             2
   -0.12500000000000    0.33333333333333    0.25000000000000             2
    0.00000000000000   -0.33333333333333    0.25000000000000             2
    0.12500000000000   -0.33333333333333    0.25000000000000             2
    0.25000000000000   -0.33333333333333    0.25000000000000             2
    0.37500000000000   -0.33333333333333    0.25000000000000             2
    0.50000000000000   -0.33333333333333    0.25000000000000             2
   -0.37500000000000   -0.33333333333333    0.25000000000000             2
   -0.25000000000000   -0.33333333333333    0.25000000000000             2
   -0.12500000000000   -0.33333333333333    0.25000000000000             2
    0.00000000000000    0.00000000000000    0.50000000000000             1
    0.12500000000000    0.00000000000000    0.50000000000000             2
    0.25000000000000    0.00000000000000    0.50000000000000             2
    0.37500000000000    0.00000000000000    0.50000000000000             2
    0.50000000000000    0.00000000000000    0.50000000000000             1
    0.00000000000000    0.33333333333333    0.50000000000000             2
    0.12500000000000    0.33333333333333    0.50000000000000             2
    0.25000000000000    0.33333333333333    0.50000000000000             2
    0.37500000000000    0.33333333333333    0.50000000000000             2
    0.50000000000000    0.33333333333333    0.50000000000000             2
   -0.37500000000000    0.33333333333333    0.50000000000000             2
   -0.25000000000000    0.33333333333333    0.50000000000000             2
   -0.12500000000000    0.33333333333333    0.50000000000000             2
Tetrahedra
       288    0.00173611111111
         2         2         6         7        22
         2         1         2         6        22
         2         1         2        14        22
         2         2         7        22        23
         2         2        15        22        23
         2         2        14        15        22
         2         3         7         8        23
         2         2         3         7        23
         2         2         3        15        23
         2         3         8        23        24
         2         3        16        23        24
         2         3        15        16        23
         2         4         8         9        24
         2         3         4         8        24
         2         3         4        16        24
         2         4         9        24        25
         2         4        17        24        25
         2         4        16        17        24
         2         5         9        10        25
         2         4         5         9        25
         2         4         5        17        25
         2         5        10        25        26
         2         5        18        25        26
         2         5        17        18        25
         2         4        10        11        26
         2         4         5        10        26
         2         4         5        18        26
         2         4        11        26        27
         2         4        19        26        27
         2         4        18        19        26
         2         3        11        12        27
         2         3         4        11        27
         2         3         4        19        27
         2         3        12        27        28
         2         3        20        27        28
         2         3        19        20        27
         2         2        12        13        28
         2         2         3        12        28
         2         2         3        20        28
         2         2        13        28        29
         2         2        21        28        29
         2         2        20        21        28
         2         1         6        13        29
         2         1         2        13        29
         2         1         2        21        29
         2         1         6        22        29
         2         1        14        22        29
         2         1        14        21        29
         2         6         7        13        30
         2         6         6         7        30
         2         6         7        22        30
         2         7        13        30        31
         2         7        23        30        31
         2         7        22        23        30
         2         8        12        13        31
         2         7         8        13        31
         2         7         8        23        31
         2         8        12        31        32
         2         8        24        31        32
         2         8        23        24        31
         2         9        11        12        32
         2         8         9        12        32
         2         8         9        24        32
         2         9        11        32        33
         2         9        25        32        33
         2         9        24        25        32
         2        10        10        11        33
         2         9        10        11        33
         2         9        10        25        33
         2        10        10        33        34
         2        10        26        33        34
         2        10        25        26        33
         2         9        10        11        34
         2        10        10        11        34
         2        10        11        26        34
         2         9        11        34        35
         2        11        27        34        35
         2        11        26        27        34
         2         8         9        12        35
         2         9        11        12        35
         2        11        12        27        35
         2         8        12        35        36
         2        12        28        35        36
         2        12        27        28        35
         2         7         8        13        36
         2         8        12        13        36
         2        12        13        28        36
         2         7        13        36        37
         2        13        29        36        37
         2        13        28        29        36
         2         6         6         7        37
         2         6         7        13        37
         2         6        13        29        37
         2         6         6        30        37
         2         6        22        30        37
         2         6        22        29        37
         2         1         2        13        14
         2         1         6        13        14
         2         6        13        14        30
         2         2        13        14        15
         2        13        14        15        31
         2        13        14        30        31
         2         2         3        12        15
         2         2        12        13        15
         2        12        13        15        31
         2         3        12        15        16
         2        12        15        16        32
         2        12        15        31        32
         2         3         4        11        16
         2         3        11        12        16
         2        11        12        16        32
         2         4        11        16        17
         2        11        16        17        33
         2        11        16        32        33
         2         4         5        10        17
         2         4        10        11        17
         2        10        11        17        33
         2         5        10        17        18
         2        10        17        18        34
         2        10        17        33        34
         2         4         5         9        18
         2         5         9        10        18
         2         9        10        18        34
         2         4         9        18        19
         2         9        18        19        35
         2         9        18        34        35
         2         3         4         8        19
         2         4         8         9        19
         2         8         9        19        35
         2         3         8        19        20
         2         8        19        20        36
         2         8        19        35        36
         2         2         3         7        20
         2         3         7         8        20
         2         7         8        20        36
         2         2         7        20        21
         2         7        20        21        37
         2         7        20        36        37
         2         1         2         6        21
         2         2         6         7        21
         2         6         7        21        37
         2         1         6        14        21
         2         6        14        21        30
         2         6        21        30        37
         2        15        22        23        43
         2        14        15        22        43
         2        14        15        38        43
         2        15        23        43        44
         2        15        39        43        44
         2        15        38        39        43
         2        16        23        24        44
         2        15        16        23        44
         2        15        16        39        44
         2        16        24        44        45
         2        16        40        44        45
         2        16        39        40        44
         2        17        24        25        45
         2        16        17        24        45
         2        16        17        40        45
         2        17        25        45        46
         2        17        41        45        46
         2        17        40        41        45
         2        18        25        26        46
         2        17        18        25        46
         2        17        18        41        46
         2        18        26        46        47
         2        18        42        46        47
         2        18        41        42        46
         2        19        26        27        47
         2        18        19        26        47
         2        18        19        42        47
         2        19        27        47        48
         2        19        41        47        48
         2        19        41        42        47
         2        20        27        28        48
         2        19        20        27        48
         2        19        20        41        48
         2        20        28        48        49
         2        20        40        48        49
         2        20        40        41        48
         2        21        28        29        49
         2        20        21        28        49
         2        20        21        40        49
         2        21        29        49        50
         2        21        39        49        50
         2        21        39        40        49
         2        14        22        29        50
         2        14        21        29        50
         2        14        21        39        50
         2        14        22        43        50
         2        14        38        43        50
         2        14        38        39        50
         2        23        30        31        43
         2        22        23        30        43
         2        22        23        43        43
         2        23        31        43        50
         2        23        43        44        50
         2        23        43        43        44
         2        24        31        32        50
         2        23        24        31        50
         2        23        24        44        50
         2        24        32        49        50
         2        24        45        49        50
         2        24        44        45        50
         2        25        32        33        49
         2        24        25        32        49
         2        24        25        45        49
         2        25        33        48        49
         2        25        46        48        49
         2        25        45        46        49
         2        26        33        34        48
         2        25        26        33        48
         2        25        26        46        48
         2        26        34        47        48
         2        26        47        47        48
         2        26        46        47        48
         2        27        34        35        47
         2        26        27        34        47
         2        26        27        47        47
         2        27        35        46        47
         2        27        46        47        48
         2        27        47        47        48
         2        28        35        36        46
         2        27        28        35        46
         2        27        28        46        48
         2        28        36        45        46
         2        28        45        46        49
         2        28        46        48        49
         2        29        36        37        45
         2        28        29        36        45
         2        28        29        45        49
         2        29        37        44        45
         2        29        44        45        50
         2        29        45        49        50
         2        22        30        37        44
         2        22        29        37        44
         2        22        29        44        50
         2        22        30        43        44
         2        22        43        43        44
         2        22        43        44        50
         2        14        15        31        38
         2        14        30        31        38
         2        30        31        38        43
         2        15        31        38        39
         2        31        38        39        50
         2        31        38        43        50
         2        15        16        32        39
         2        15        31        32        39
         2        31        32        39        50
         2        16        32        39        40
         2        32        39        40        49
         2        32        39        49        50
         2        16        17        33        40
         2        16        32        33        40
         2        32        33        40        49
         2        17        33        40        41
         2        33        40        41        48
         2        33        40        48        49
         2        17        18        34        41
         2        17        33        34        41
         2        33        34        41        48
         2        18        34        41        42
         2        34        41        42        47
         2        34        41        47        48
         2        18        19        35        42
         2        18        34        35        42
         2        34        35        42        47
         2        19        35        41        42
         2        35        41        42        46
         2        35        42        46        47
         2        19        20        36        41
         2        19        35        36        41
         2        35        36        41        46
         2        20        36        40        41
         2        36        40        41        45
         2        36        41        45        46
         2        20        21        37        40
         2        20        36        37        40
         2        36        37        40        45
         2        21        37        39        40
         2        37        39        40        44
         2        37        40        44        45
         2        14        21        30        39
         2        21        30        37        39
         2        30        37        39        44
         2        14        30        38        39
         2        30        38        39        43
         2        30        39        43        44
