Automatically generated mesh
      26
Reciprocal lattice
    0.00000000000000    0.00000000000000    0.00000000000000             1
    0.25000000000000    0.00000000000000    0.00000000000000             2
    0.50000000000000    0.00000000000000    0.00000000000000             1
    0.00000000000000    0.25000000000000    0.00000000000000             2
    0.25000000000000    0.25000000000000    0.00000000000000             2
    0.50000000000000    0.25000000000000    0.00000000000000             2
   -0.25000000000000    0.25000000000000    0.00000000000000             2
    0.00000000000000    0.50000000000000    0.00000000000000             1
    0.25000000000000    0.50000000000000    0.00000000000000             2
    0.50000000000000    0.50000000000000    0.00000000000000             1
    0.00000000000000    0.00000000000000    0.33333333333333             2
    0.25000000000000    0.00000000000000    0.33333333333333             2
    0.50000000000000    0.00000000000000    0.33333333333333             2
   -0.25000000000000    0.00000000000000    0.33333333333333             2
    0.00000000000000    0.25000000000000    0.33333333333333             2
    0.25000000000000    0.25000000000000    0.33333333333333             2
    0.50000000000000    0.25000000000000    0.33333333333333             2
   -0.25000000000000    0.25000000000000    0.33333333333333             2
    0.00000000000000    0.50000000000000    0.33333333333333             2
    0.25000000000000    0.50000000000000    0.33333333333333             2
    0.50000000000000    0.50000000000000    0.33333333333333             2
   -0.25000000000000    0.50000000000000    0.33333333333333             2
    0.00000000000000   -0.25000000000000    0.33333333333333             2
    0.25000000000000   -0.25000000000000    0.33333333333333             2
    0.50000000000000   -0.25000000000000    0.33333333333333             2
   -0.25000000000000   -0.25000000000000    0.33333333333333             2
Tetrahedra
       144    0.00347222222222
         2         2         4         5        15
         2         1         2         4        15
         2         1         2        11        15
         2         2         5        15        16
         2         2        12        15        16
         2         2        11        12        15
         2         3         5         6        16
         2         2         3         5        16
         2         2         3        12        16
         2         3         6        16        17
         2         3        13        16        17
         2         3        12        13        16
         2         2         6         7        17
         2         2         3         6        17
         2         2         3        13        17
         2         2         7        17        18
         2         2        14        17        18
         2         2        13        14        17
         2         1         4         7        18
         2         1         2         7        18
         2         1         2        14        18
         2         1         4        15        18
         2         1        11        15        18
         2         1        11        14        18
         2         5         8         9        19
         2         4         5         8        19
         2         4         5        15        19
         2         5         9        19        20
         2         5        16        19        20
         2         5        15        16        19
         2         6         9        10        20
         2         5         6         9        20
         2         5         6        16        20
         2         6        10        20        21
         2         6        17        20        21
         2         6        16        17        20
         2         7         9        10        21
         2         6         7        10        21
         2         6         7        17        21
         2         7         9        21        22
         2         7        18        21        22
         2         7        17        18        21
         2         4         8         9        22
         2         4         7         9        22
         2         4         7        18        22
         2         4         8        19        22
         2         4        15        19        22
         2         4        15        18        22
         2         4         7         9        23
         2         4         8         9        23
         2         8         9        19        23
         2         7         9        23        24
         2         9        20        23        24
         2         9        19        20        23
         2         6         7        10        24
         2         7         9        10        24
         2         9        10        20        24
         2         6        10        24        25
         2        10        21        24        25
         2        10        20        21        24
         2         5         6         9        25
         2         6         9        10        25
         2         9        10        21        25
         2         5         9        25        26
         2         9        22        25        26
         2         9        21        22        25
         2         4         5         8        26
         2         5         8         9        26
         2         8         9        22        26
         2         4         8        23        26
         2         8        19        23        26
         2         8        19        22        26
         2         1         2         7        11
         2         1         4         7        11
         2         4         7        11        23
         2         2         7        11        12
         2         7        11        12        24
         2         7        11        23        24
         2         2         3         6        12
         2         2         6         7        12
         2         6         7        12        24
         2         3         6        12        13
         2         6        12        13        25
         2         6        12        24        25
         2         2         3         5        13
         2         3         5         6        13
         2         5         6        13        25
         2         2         5        13        14
         2         5        13        14        26
         2         5        13        25        26
         2         1         2         4        14
         2         2         4         5        14
         2         4         5        14        26
         2         1         4        11        14
         2         4        11        14        23
         2         4        14        23        26
         2        12        15        16        23
         2        11        12        15        23
         2        11        11        12        23
         2        12        16        23        26
         2        12        14        23        26
         2        11        12        14        23
         2        13        16        17        26
         2        12        13        16        26
         2        12        13        14        26
         2        13        17        25        26
         2        13        13        25        26
         2        13        13        14        26
         2        14        17        18        25
         2        13        14        17        25
         2        13        13        14        25
         2        14        18        24        25
         2        12        14        24        25
         2        12        13        14        25
         2        11        15        18        24
         2        11        14        18        24
         2        11        12        14        24
         2        11        15        23        24
         2        11        11        23        24
         2        11        11        12        24
         2        16        19        19        20
         2        15        16        19        19
         2        15        16        19        23
         2        16        19        20        22
         2        16        19        22        26
         2        16        19        23        26
         2        17        20        21        22
         2        16        17        20        22
         2        16        17        22        26
         2        17        21        21        22
         2        17        21        22        25
         2        17        22        25        26
         2        18        21        21        22
         2        17        18        21        21
         2        17        18        21        25
         2        18        20        21        22
         2        18        20        21        24
         2        18        21        24        25
         2        15        19        20        22
         2        15        18        20        22
         2        15        18        20        24
         2        15        19        19        20
         2        15        19        20        23
         2        15        20        23        24
