Automatically generated mesh
      38
Reciprocal lattice
    0.00000000000000    0.00000000000000    0.00000000000000             1
    0.16666666666667    0.00000000000000    0.00000000000000             2
    0.33333333333333    0.00000000000000    0.00000000000000             2
    0.50000000000000    0.00000000000000    0.00000000000000             1
    0.00000000000000    0.33333333333333    0.00000000000000             2
    0.16666666666667    0.33333333333333    0.00000000000000             2
    0.33333333333333    0.33333333333333    0.00000000000000             2
    0.50000000000000    0.33333333333333    0.00000000000000             2
   -0.33333333333333    0.33333333333333    0.00000000000000             2
   -0.16666666666667    0.33333333333333    0.00000000000000             2
    0.00000000000000    0.00000000000000    0.25000000000000             2
    0.16666666666667    0.00000000000000    0.25000000000000             2
    0.33333333333333    0.00000000000000    0.25000000000000             2
    0.50000000000000    0.00000000000000    0.25000000000000             2
   -0.33333333333333    0.00000000000000    0.25000000000000             2
   -0.16666666666667    0.00000000000000    0.25000000000000             2
    0.00000000000000    0.33333333333333    0.25000000000000             2
    0.16666666666667    0.33333333333333    0.25000000000000             2
    0.33333333333333    0.33333333333333    0.25000000000000             2
    0.50000000000000    0.33333333333333    0.25000000000000             2
   -0.33333333333333    0.33333333333333    0.25000000000000             2
   -0.16666666666667    0.33333333333333    0.25000000000000             2
    0.00000000000000   -0.33333333333333    0.25000000000000             2
    0.16666666666667   -0.33333333333333    0.25000000000000             2
    0.33333333333333   -0.33333333333333    0.25000000000000             2
    0.50000000000000   -0.33333333333333    0.25000000000000             2
   -0.33333333333333   -0.33333333333333    0.25000000000000             2
   -0.16666666666667   -0.33333333333333    0.25000000000000             2
    0.00000000000000    0.00000000000000    0.50000000000000             1
    0.16666666666667    0.00000000000000    0.50000000000000             2
    0.33333333333333    0.00000000000000    0.50000000000000             2
    0.50000000000000    0.00000000000000    0.50000000000000             1
    0.00000000000000    0.33333333333333    0.50000000000000             2
    0.16666666666667    0.33333333333333    0.50000000000000             2
    0.33333333333333    0.33333333333333    0.50000000000000             2
    0.50000000000000    0.33333333333333    0.50000000000000             2
   -0.33333333333333    0.33333333333333    0.50000000000000             2
   -0.16666666666667    0.33333333333333    0.50000000000000             2
Tetrahedra
       216    0.00231481481481
         2         1         2         6        11
         2         1         5         6        11
         2         5         6        11        17
         2         2         6        11        12
         2         6        11        12        18
         2         6        11        17        18
         2         2         3         7        12
         2         2         6         7        12
         2         6         7        12        18
         2         3         7        12        13
         2         7        12        13        19
         2         7        12        18        19
         2         3         4         8        13
         2         3         7         8        13
         2         7         8        13        19
         2         4         8        13        14
         2         8        13        14        20
         2         8        13        19        20
         2         3         4         9        14
         2         4         8         9        14
         2         8         9        14        20
         2         3         9        14        15
         2         9        14        15        21
         2         9        14        20        21
         2         2         3        10        15
         2         3         9        10        15
         2         9        10        15        21
         2         2        10        15        16
         2        10        15        16        22
         2        10        15        21        22
         2         1         2         5        16
         2         2         5        10        16
         2         5        10        16        22
         2         1         5        11        16
         2         5        11        16        17
         2         5        16        17        22
         2         5         6        10        17
         2         5         5        10        17
         2         5        10        17        23
         2         6        10        17        18
         2        10        17        18        24
         2        10        17        23        24
         2         6         7         9        18
         2         6         9        10        18
         2         9        10        18        24
         2         7         9        18        19
         2         9        18        19        25
         2         9        18        24        25
         2         7         8         8        19
         2         7         8         9        19
         2         8         9        19        25
         2         8         8        19        20
         2         8        19        20        26
         2         8        19        25        26
         2         7         8         9        20
         2         7         8         8        20
         2         7         8        20        26
         2         7         9        20        21
         2         7        20        21        27
         2         7        20        26        27
         2         6         9        10        21
         2         6         7         9        21
         2         6         7        21        27
         2         6        10        21        22
         2         6        21        22        28
         2         6        21        27        28
         2         5         5        10        22
         2         5         6        10        22
         2         5         6        22        28
         2         5         5        17        22
         2         5        17        22        23
         2         5        22        23        28
         2         2         5        10        23
         2         1         2         5        23
         2         1         2        11        23
         2         2        10        23        24
         2         2        12        23        24
         2         2        11        12        23
         2         3         9        10        24
         2         2         3        10        24
         2         2         3        12        24
         2         3         9        24        25
         2         3        13        24        25
         2         3        12        13        24
         2         4         8         9        25
         2         3         4         9        25
         2         3         4        13        25
         2         4         8        25        26
         2         4        14        25        26
         2         4        13        14        25
         2         3         7         8        26
         2         3         4         8        26
         2         3         4        14        26
         2         3         7        26        27
         2         3        15        26        27
         2         3        14        15        26
         2         2         6         7        27
         2         2         3         7        27
         2         2         3        15        27
         2         2         6        27        28
         2         2        16        27        28
         2         2        15        16        27
         2         1         5         6        28
         2         1         2         6        28
         2         1         2        16        28
         2         1         5        23        28
         2         1        11        23        28
         2         1        11        16        28
         2        11        12        18        29
         2        11        17        18        29
         2        17        18        29        33
         2        12        18        29        30
         2        18        29        30        34
         2        18        29        33        34
         2        12        13        19        30
         2        12        18        19        30
         2        18        19        30        34
         2        13        19        30        31
         2        19        30        31        35
         2        19        30        34        35
         2        13        14        20        31
         2        13        19        20        31
         2        19        20        31        35
         2        14        20        31        32
         2        20        31        32        36
         2        20        31        35        36
         2        14        15        21        32
         2        14        20        21        32
         2        20        21        32        36
         2        15        21        31        32
         2        21        31        32        37
         2        21        32        36        37
         2        15        16        22        31
         2        15        21        22        31
         2        21        22        31        37
         2        16        22        30        31
         2        22        30        31        38
         2        22        31        37        38
         2        11        16        17        30
         2        16        17        22        30
         2        17        22        30        38
         2        11        17        29        30
         2        17        29        30        33
         2        17        30        33        38
         2        17        18        24        33
         2        17        23        24        33
         2        23        24        33        33
         2        18        24        33        34
         2        24        33        34        38
         2        24        33        33        38
         2        18        19        25        34
         2        18        24        25        34
         2        24        25        34        38
         2        19        25        34        35
         2        25        34        35        37
         2        25        34        37        38
         2        19        20        26        35
         2        19        25        26        35
         2        25        26        35        37
         2        20        26        35        36
         2        26        35        36        36
         2        26        35        36        37
         2        20        21        27        36
         2        20        26        27        36
         2        26        27        36        36
         2        21        27        36        37
         2        27        35        36        37
         2        27        35        36        36
         2        21        22        28        37
         2        21        27        28        37
         2        27        28        35        37
         2        22        28        37        38
         2        28        34        37        38
         2        28        34        35        37
         2        17        22        23        38
         2        22        23        28        38
         2        23        28        34        38
         2        17        23        33        38
         2        23        33        33        38
         2        23        33        34        38
         2        12        23        24        33
         2        11        12        23        33
         2        11        12        29        33
         2        12        24        33        38
         2        12        30        33        38
         2        12        29        30        33
         2        13        24        25        38
         2        12        13        24        38
         2        12        13        30        38
         2        13        25        37        38
         2        13        31        37        38
         2        13        30        31        38
         2        14        25        26        37
         2        13        14        25        37
         2        13        14        31        37
         2        14        26        36        37
         2        14        32        36        37
         2        14        31        32        37
         2        15        26        27        36
         2        14        15        26        36
         2        14        15        32        36
         2        15        27        35        36
         2        15        31        35        36
         2        15        31        32        36
         2        16        27        28        35
         2        15        16        27        35
         2        15        16        31        35
         2        16        28        34        35
         2        16        30        34        35
         2        16        30        31        35
         2        11        23        28        34
         2        11        16        28        34
         2        11        16        30        34
         2        11        23        33        34
         2        11        29        33        34
         2        11        29        30        34
