Automatically generated mesh
      51
Reciprocal lattice
    0.00000000000000    0.00000000000000    0.00000000000000             1
    0.25000000000000    0.00000000000000    0.00000000000000             2
    0.50000000000000    0.00000000000000    0.00000000000000             1
    0.00000000000000    0.20000000000000    0.00000000000000             2
    0.25000000000000    0.20000000000000    0.00000000000000             2
    0.50000000000000    0.20000000000000    0.00000000000000             2
   -0.25000000000000    0.20000000000000    0.00000000000000             2
    0.00000000000000    0.40000000000000    0.00000000000000             2
    0.25000000000000    0.40000000000000    0.00000000000000             2
    0.50000000000000    0.40000000000000    0.00000000000000             2
   -0.25000000000000    0.40000000000000    0.00000000000000             2
    0.00000000000000    0.00000000000000    0.20000000000000             2
    0.25000000000000    0.00000000000000    0.20000000000000             2
    0.50000000000000    0.00000000000000    0.20000000000000             2
   -0.25000000000000    0.00000000000000    0.20000000000000             2
    0.00000000000000    0.20000000000000    0.20000000000000             2
    0.25000000000000    0.20000000000000    0.20000000000000             2
    0.50000000000000    0.20000000000000    0.20000000000000             2
   -0.25000000000000    0.20000000000000    0.20000000000000             2
    0.00000000000000    0.40000000000000    0.20000000000000             2
    0.25000000000000    0.40000000000000    0.20000000000000             2
    0.50000000000000    0.40000000000000    0.20000000000000             2
   -0.25000000000000    0.40000000000000    0.20000000000000             2
    0.00000000000000   -0.40000000000000    0.20000000000000             2
    0.25000000000000   -0.40000000000000    0.20000000000000             2
    0.50000000000000   -0.40000000000000    0.20000000000000             2
   -0.25000000000000   -0.40000000000000    0.20000000000000             2
    0.00000000000000   -0.20000000000000    0.20000000000000             2
    0.25000000000000   -0.20000000000000    0.20000000000000             2
    0.50000000000000   -0.20000000000000    0.20000000000000             2
   -0.25000000000000   -0.20000000000000    0.20000000000000             2
    0.00000000000000    0.00000000000000    0.40000000000000             2
    0.25000000000000    0.00000000000000    0.40000000000000             2
    0.50000000000000    0.00000000000000    0.40000000000000             2
   -0.25000000000000    0.00000000000000    0.40000000000000             2
    0.00000000000000    0.20000000000000    0.40000000000000             2
    0.25000000000000    0.20000000000000    0.40000000000000             2
    0.50000000000000    0.20000000000000    0.40000000000000             2
   -0.25000000000000    0.20000000000000    0.40000000000000             2
    0.00000000000000    0.40000000000000    0.40000000000000             2
    0.25000000000000    0.40000000000000    0.40000000000000             2
    0.50000000000000    0.40000000000000    0.40000000000000             2
   -0.25000000000000    0.40000000000000    0.40000000000000             2
    0.00000000000000   -0.40000000000000    0.40000000000000             2
    0.25000000000000   -0.40000000000000    0.40000000000000             2
    0.50000000000000   -0.40000000000000    0.40000000000000             2
   -0.25000000000000   -0.40000000000000    0.40000000000000             2
    0.00000000000000   -0.20000000000000    0.40000000000000             2
    0.25000000000000   -0.20000000000000    0.40000000000000             2
    0.50000000000000   -0.20000000000000    0.40000000000000             2
   -0.25000000000000   -0.20000000000000    0.40000000000000             2
Tetrahedra
       298    0.00166666666667
         2         2         4         5        16
         2         1         2         4        16
         2         1         2        12        16
         2         2         5        16        17
         2         2        13        16        17
         2         2        12        13        16
         2         3         5         6        17
         2         2         3         5        17
         2         2         3        13        17
         2         3         6        17        18
         2         3        14        17        18
         2         3        13        14        17
         2         2         6         7        18
         2         2         3         6        18
         2         2         3        14        18
         2         2         7        18        19
         2         2        15        18        19
         2         2        14        15        18
         2         1         4         7        19
         2         1         2         7        19
         2         1         2        15        19
         2         1         4        16        19
         2         1        12        16        19
         2         1        12        15        19
         2         5         8         9        20
         2         4         5         8        20
         2         4         5        16        20
         2         5         9        20        21
         2         5        17        20        21
         2         5        16        17        20
         2         6         9        10        21
         2         5         6         9        21
         2         5         6        17        21
         2         6        10        21        22
         2         6        18        21        22
         2         6        17        18        21
         2         7        10        11        22
         2         6         7        10        22
         2         6         7        18        22
         2         7        11        22        23
         2         7        19        22        23
         2         7        18        19        22
         2         4         8        11        23
         2         4         7        11        23
         2         4         7        19        23
         2         4         8        20        23
         2         4        16        20        23
         2         4        16        19        23
         2         8         9        11        24
         2         8         8         9        24
         2         8         9        20        24
         2         9        11        24        25
         2         9        21        24        25
         2         9        20        21        24
         2        10        10        11        25
         2         9        10        11        25
         2         9        10        21        25
         2        10        10        25        26
         2        10        22        25        26
         2        10        21        22        25
         2         9        10        11        26
         2        10        10        11        26
         2        10        11        22        26
         2         9        11        26        27
         2        11        23        26        27
         2        11        22        23        26
         2         8         8         9        27
         2         8         9        11        27
         2         8        11        23        27
         2         8         8        24        27
         2         8        20        24        27
         2         8        20        23        27
         2         4         7        11        28
         2         4         8        11        28
         2         8        11        24        28
         2         7        11        28        29
         2        11        25        28        29
         2        11        24        25        28
         2         6         7        10        29
         2         7        10        11        29
         2        10        11        25        29
         2         6        10        29        30
         2        10        26        29        30
         2        10        25        26        29
         2         5         6         9        30
         2         6         9        10        30
         2         9        10        26        30
         2         5         9        30        31
         2         9        27        30        31
         2         9        26        27        30
         2         4         5         8        31
         2         5         8         9        31
         2         8         9        27        31
         2         4         8        28        31
         2         8        24        28        31
         2         8        24        27        31
         2         1         2         7        12
         2         1         4         7        12
         2         4         7        12        28
         2         2         7        12        13
         2         7        12        13        29
         2         7        12        28        29
         2         2         3         6        13
         2         2         6         7        13
         2         6         7        13        29
         2         3         6        13        14
         2         6        13        14        30
         2         6        13        29        30
         2         2         3         5        14
         2         3         5         6        14
         2         5         6        14        30
         2         2         5        14        15
         2         5        14        15        31
         2         5        14        30        31
         2         1         2         4        15
         2         2         4         5        15
         2         4         5        15        31
         2         1         4        12        15
         2         4        12        15        28
         2         4        15        28        31
         2        13        16        17        36
         2        12        13        16        36
         2        12        13        32        36
         2        13        17        36        37
         2        13        33        36        37
         2        13        32        33        36
         2        14        17        18        37
         2        13        14        17        37
         2        13        14        33        37
         2        14        18        37        38
         2        14        34        37        38
         2        14        33        34        37
         2        15        18        19        38
         2        14        15        18        38
         2        14        15        34        38
         2        15        19        38        39
         2        15        35        38        39
         2        15        34        35        38
         2        12        16        19        39
         2        12        15        19        39
         2        12        15        35        39
         2        12        16        36        39
         2        12        32        36        39
         2        12        32        35        39
         2        17        20        21        40
         2        16        17        20        40
         2        16        17        36        40
         2        17        21        40        41
         2        17        37        40        41
         2        17        36        37        40
         2        18        21        22        41
         2        17        18        21        41
         2        17        18        37        41
         2        18        22        41        42
         2        18        38        41        42
         2        18        37        38        41
         2        19        22        23        42
         2        18        19        22        42
         2        18        19        38        42
         2        19        23        42        43
         2        19        39        42        43
         2        19        38        39        42
         2        16        20        23        43
         2        16        19        23        43
         2        16        19        39        43
         2        16        20        40        43
         2        16        36        40        43
         2        16        36        39        43
         2        21        24        25        44
         2        20        21        24        44
         2        20        21        40        44
         2        21        25        44        45
         2        21        41        44        45
         2        21        40        41        44
         2        22        25        26        45
         2        21        22        25        45
         2        21        22        41        45
         2        22        26        45        46
         2        22        42        45        46
         2        22        41        42        45
         2        23        26        27        46
         2        22        23        26        46
         2        22        23        42        46
         2        23        27        46        47
         2        23        43        46        47
         2        23        42        43        46
         2        20        24        27        47
         2        20        23        27        47
         2        20        23        43        47
         2        20        24        44        47
         2        20        40        44        47
         2        20        40        43        47
         2        25        28        29        48
         2        24        25        28        48
         2        24        25        44        48
         2        25        29        48        49
         2        25        45        48        49
         2        25        44        45        48
         2        26        29        30        49
         2        25        26        29        49
         2        25        26        45        49
         2        26        30        49        50
         2        26        46        49        50
         2        26        45        46        49
         2        27        30        31        50
         2        26        27        30        50
         2        26        27        46        50
         2        27        31        50        51
         2        27        47        50        51
         2        27        46        47        50
         2        24        28        31        51
         2        24        27        31        51
         2        24        27        47        51
         2        24        28        48        51
         2        24        44        48        51
         2        24        44        47        51
         2        12        13        29        32
         2        12        28        29        32
         2        28        29        32        48
         2        13        29        32        33
         2        29        32        33        49
         2        29        32        48        49
         2        13        14        30        33
         2        13        29        30        33
         2        29        30        33        49
         2        14        30        33        34
         2        30        33        34        50
         2        30        33        49        50
         2        14        15        31        34
         2        14        30        31        34
         2        30        31        34        50
         2        15        31        34        35
         2        31        34        35        51
         2        31        34        50        51
         2        12        15        28        35
         2        15        28        31        35
         2        28        31        35        51
         2        12        28        32        35
         2        28        32        35        48
         2        28        35        48        51
         2        33        36        37        48
         2        32        33        36        48
         2        32        32        33        48
         2        33        37        48        51
         2        33        35        48        51
         2        32        33        35        48
         2        34        37        38        51
         2        33        34        37        51
         2        33        34        35        51
         2        34        38        50        51
         2        34        34        50        51
         2        34        34        35        51
         2        35        38        39        50
         2        34        35        38        50
         2        34        34        35        50
         2        35        39        49        50
         2        33        35        49        50
         2        33        34        35        50
         2        32        36        39        49
         2        32        35        39        49
         2        32        33        35        49
         2        32        36        48        49
         2        32        32        48        49
         2        32        32        33        49
         2        37        40        41        44
         2        36        37        40        44
         2        36        37        44        48
         2        37        41        44        47
         2        37        44        47        51
         2        37        44        48        51
         2        38        41        42        47
         2        37        38        41        47
         2        37        38        47        51
         2        38        42        46        47
         2        38        46        47        50
         2        38        47        50        51
         2        39        42        43        46
         2        38        39        42        46
         2        38        39        46        50
         2        39        43        45        46
         2        39        45        46        49
         2        39        46        49        50
         2        36        40        43        45
         2        36        39        43        45
         2        36        39        45        49
         2        36        40        44        45
         2        36        44        45        48
         2        36        45        48        49
         2        40        41        44        45
         4        40        40        41        44
         2        40        41        43        45
         2        40        41        43        47
         2        40        41        44        47
         2        42        43        45        46
         2        41        42        43        45
         2        41        42        43        47
         4        42        42        43        46
         2        42        43        46        47
