Automatically generated mesh
      46
Reciprocal lattice
    0.00000000000000    0.00000000000000    0.00000000000000             1
    0.16666666666667    0.00000000000000    0.00000000000000             2
    0.33333333333333    0.00000000000000    0.00000000000000             2
    0.50000000000000    0.00000000000000    0.00000000000000             1
    0.00000000000000    0.33333333333333    0.00000000000000             2
    0.16666666666667    0.33333333333333    0.00000000000000             2
    0.33333333333333    0.33333333333333    0.00000000000000             2
    0.50000000000000    0.33333333333333    0.00000000000000             2
   -0.33333333333333    0.33333333333333    0.00000000000000             2
   -0.16666666666667    0.33333333333333    0.00000000000000             2
    0.00000000000000    0.00000000000000    0.20000000000000             2
    0.16666666666667    0.00000000000000    0.20000000000000             2
    0.33333333333333    0.00000000000000    0.20000000000000             2
    0.50000000000000    0.00000000000000    0.20000000000000             2
   -0.33333333333333    0.00000000000000    0.20000000000000             2
   -0.16666666666667    0.00000000000000    0.20000000000000             2
    0.00000000000000    0.33333333333333    0.20000000000000             2
    0.16666666666667    0.33333333333333    0.20000000000000             2
    0.33333333333333    0.33333333333333    0.20000000000000             2
    0.50000000000000    0.33333333333333    0.20000000000000             2
   -0.33333333333333    0.33333333333333    0.20000000000000             2
   -0.16666666666667    0.33333333333333    0.20000000000000             2
    0.00000000000000   -0.33333333333333    0.20000000000000             2
    0.16666666666667   -0.33333333333333    0.20000000000000             2
    0.33333333333333   -0.33333333333333    0.20000000000000             2
    0.50000000000000   -0.33333333333333    0.20000000000000             2
   -0.33333333333333   -0.33333333333333    0.20000000000000             2
   -0.16666666666667   -0.33333333333333    0.20000000000000             2
    0.00000000000000    0.00000000000000    0.40000000000000             2
    0.16666666666667    0.00000000000000    0.40000000000000             2
    0.33333333333333    0.00000000000000    0.40000000000000             2
    0.50000000000000    0.00000000000000    0.40000000000000             2
   -0.33333333333333    0.00000000000000    0.40000000000000             2
   -0.16666666666667    0.00000000000000    0.40000000000000             2
    0.00000000000000    0.33333333333333    0.40000000000000             2
    0.16666666666667    0.33333333333333    0.40000000000000             2
    0.33333333333333    0.33333333333334    0.40000000000000             2
    0.50000000000000    0.33333333333333    0.40000000000000             2
   -0.33333333333333    0.33333333333333    0.40000000000000             2
   -0.16666666666667    0.33333333333333    0.40000000000000             2
    0.00000000000000   -0.33333333333333    0.40000000000000             2
    0.16666666666667   -0.33333333333333    0.40000000000000             2
    0.33333333333333   -0.33333333333333    0.40000000000000             2
    0.50000000000000   -0.33333333333333    0.40000000000000             2
   -0.33333333333333   -0.33333333333333    0.40000000000000             2
   -0.16666666666667   -0.33333333333333    0.40000000000000             2
Tetrahedra
       268    0.00185185185185
         2         1         2         6        11
         2         1         5         6        11
         2         5         6        11        17
         2         2         6        11        12
         2         6        11        12        18
         2         6        11        17        18
         2         2         3         7        12
         2         2         6         7        12
         2         6         7        12        18
         2         3         7        12        13
         2         7        12        13        19
         2         7        12        18        19
         2         3         4         8        13
         2         3         7         8        13
         2         7         8        13        19
         2         4         8        13        14
         2         8        13        14        20
         2         8        13        19        20
         2         3         4         9        14
         2         4         8         9        14
         2         8         9        14        20
         2         3         9        14        15
         2         9        14        15        21
         2         9        14        20        21
         2         2         3        10        15
         2         3         9        10        15
         2         9        10        15        21
         2         2        10        15        16
         2        10        15        16        22
         2        10        15        21        22
         2         1         2         5        16
         2         2         5        10        16
         2         5        10        16        22
         2         1         5        11        16
         2         5        11        16        17
         2         5        16        17        22
         2         5         6        10        17
         2         5         5        10        17
         2         5        10        17        23
         2         6        10        17        18
         2        10        17        18        24
         2        10        17        23        24
         2         6         7         9        18
         2         6         9        10        18
         2         9        10        18        24
         2         7         9        18        19
         2         9        18        19        25
         2         9        18        24        25
         2         7         8         8        19
         2         7         8         9        19
         2         8         9        19        25
         2         8         8        19        20
         2         8        19        20        26
         2         8        19        25        26
         2         7         8         9        20
         2         7         8         8        20
         2         7         8        20        26
         2         7         9        20        21
         2         7        20        21        27
         2         7        20        26        27
         2         6         9        10        21
         2         6         7         9        21
         2         6         7        21        27
         2         6        10        21        22
         2         6        21        22        28
         2         6        21        27        28
         2         5         5        10        22
         2         5         6        10        22
         2         5         6        22        28
         2         5         5        17        22
         2         5        17        22        23
         2         5        22        23        28
         2         2         5        10        23
         2         1         2         5        23
         2         1         2        11        23
         2         2        10        23        24
         2         2        12        23        24
         2         2        11        12        23
         2         3         9        10        24
         2         2         3        10        24
         2         2         3        12        24
         2         3         9        24        25
         2         3        13        24        25
         2         3        12        13        24
         2         4         8         9        25
         2         3         4         9        25
         2         3         4        13        25
         2         4         8        25        26
         2         4        14        25        26
         2         4        13        14        25
         2         3         7         8        26
         2         3         4         8        26
         2         3         4        14        26
         2         3         7        26        27
         2         3        15        26        27
         2         3        14        15        26
         2         2         6         7        27
         2         2         3         7        27
         2         2         3        15        27
         2         2         6        27        28
         2         2        16        27        28
         2         2        15        16        27
         2         1         5         6        28
         2         1         2         6        28
         2         1         2        16        28
         2         1         5        23        28
         2         1        11        23        28
         2         1        11        16        28
         2        11        12        18        29
         2        11        17        18        29
         2        17        18        29        35
         2        12        18        29        30
         2        18        29        30        36
         2        18        29        35        36
         2        12        13        19        30
         2        12        18        19        30
         2        18        19        30        36
         2        13        19        30        31
         2        19        30        31        37
         2        19        30        36        37
         2        13        14        20        31
         2        13        19        20        31
         2        19        20        31        37
         2        14        20        31        32
         2        20        31        32        38
         2        20        31        37        38
         2        14        15        21        32
         2        14        20        21        32
         2        20        21        32        38
         2        15        21        32        33
         2        21        32        33        39
         2        21        32        38        39
         2        15        16        22        33
         2        15        21        22        33
         2        21        22        33        39
         2        16        22        33        34
         2        22        33        34        40
         2        22        33        39        40
         2        11        16        17        34
         2        16        17        22        34
         2        17        22        34        40
         2        11        17        29        34
         2        17        29        34        35
         2        17        34        35        40
         2        17        18        24        35
         2        17        23        24        35
         2        23        24        35        41
         2        18        24        35        36
         2        24        35        36        42
         2        24        35        41        42
         2        18        19        25        36
         2        18        24        25        36
         2        24        25        36        42
         2        19        25        36        37
         2        25        36        37        43
         2        25        36        42        43
         2        19        20        26        37
         2        19        25        26        37
         2        25        26        37        43
         2        20        26        37        38
         2        26        37        38        44
         2        26        37        43        44
         2        20        21        27        38
         2        20        26        27        38
         2        26        27        38        44
         2        21        27        38        39
         2        27        38        39        45
         2        27        38        44        45
         2        21        22        28        39
         2        21        27        28        39
         2        27        28        39        45
         2        22        28        39        40
         2        28        39        40        46
         2        28        39        45        46
         2        17        22        23        40
         2        22        23        28        40
         2        23        28        40        46
         2        17        23        35        40
         2        23        35        40        41
         2        23        40        41        46
         2        12        23        24        41
         2        11        12        23        41
         2        11        12        29        41
         2        12        24        41        42
         2        12        30        41        42
         2        12        29        30        41
         2        13        24        25        42
         2        12        13        24        42
         2        12        13        30        42
         2        13        25        42        43
         2        13        31        42        43
         2        13        30        31        42
         2        14        25        26        43
         2        13        14        25        43
         2        13        14        31        43
         2        14        26        43        44
         2        14        32        43        44
         2        14        31        32        43
         2        15        26        27        44
         2        14        15        26        44
         2        14        15        32        44
         2        15        27        44        45
         2        15        33        44        45
         2        15        32        33        44
         2        16        27        28        45
         2        15        16        27        45
         2        15        16        33        45
         2        16        28        45        46
         2        16        34        45        46
         2        16        33        34        45
         2        11        23        28        46
         2        11        16        28        46
         2        11        16        34        46
         2        11        23        41        46
         2        11        29        41        46
         2        11        29        34        46
         2        29        29        30        36
         2        29        29        35        36
         2        29        35        36        41
         2        29        30        34        36
         2        29        34        36        46
         2        29        36        41        46
         2        30        31        34        37
         2        30        34        36        37
         2        34        36        37        46
         2        31        33        34        37
         2        33        34        37        45
         2        34        37        45        46
         2        31        32        33        38
         2        31        33        37        38
         2        33        37        38        45
         2        32        32        33        38
         2        32        33        38        44
         2        33        38        44        45
         2        32        32        33        39
         2        32        32        38        39
         2        32        38        39        44
         2        31        32        33        39
         2        31        32        39        43
         2        32        39        43        44
         2        31        33        34        40
         2        31        33        39        40
         2        31        39        40        43
         2        30        31        34        40
         2        30        31        40        42
         2        31        40        42        43
         2        29        30        34        35
         2        30        34        35        40
         2        30        35        40        42
         2        29        29        30        35
         2        29        30        35        41
         2        30        35        41        42
         2        35        36        41        42
         4        35        41        41        42
         2        36        41        42        46
         2        40        41        42        46
         2        35        40        41        42
         2        36        37        43        46
         2        36        42        43        46
         2        40        42        43        46
         2        37        43        45        46
         2        39        43        45        46
         2        39        40        43        46
         2        37        38        44        45
         2        37        43        44        45
         2        39        43        44        45
         4        38        44        44        45
         2        38        39        44        45
