Automatically generated mesh
      46
Reciprocal lattice
    0.00000000000000    0.00000000000000    0.00000000000000             1
    0.16666666666667    0.00000000000000    0.00000000000000             2
    0.33333333333333    0.00000000000000    0.00000000000000             2
    0.50000000000000    0.00000000000000    0.00000000000000             1
    0.00000000000000    0.20000000000000    0.00000000000000             2
    0.16666666666667    0.20000000000000    0.00000000000000             2
    0.33333333333333    0.20000000000000    0.00000000000000             2
    0.50000000000000    0.20000000000000    0.00000000000000             2
   -0.33333333333333    0.20000000000000    0.00000000000000             2
   -0.16666666666667    0.20000000000000    0.00000000000000             2
    0.00000000000000    0.40000000000000    0.00000000000000             2
    0.16666666666667    0.40000000000000    0.00000000000000             2
    0.33333333333333    0.40000000000000    0.00000000000000             2
    0.50000000000000    0.40000000000000    0.00000000000000             2
   -0.33333333333333    0.40000000000000    0.00000000000000             2
   -0.16666666666667    0.40000000000000    0.00000000000000             2
    0.00000000000000    0.00000000000000    0.33333333333333             2
    0.16666666666667    0.00000000000000    0.33333333333333             2
    0.33333333333333    0.00000000000000    0.33333333333333             2
    0.50000000000000    0.00000000000000    0.33333333333333             2
   -0.33333333333333    0.00000000000000    0.33333333333333             2
   -0.16666666666667    0.00000000000000    0.33333333333333             2
    0.00000000000000    0.20000000000000    0.33333333333333             2
    0.16666666666667    0.20000000000000    0.33333333333333             2
    0.33333333333333    0.20000000000000    0.33333333333333             2
    0.50000000000000    0.20000000000000    0.33333333333333             2
   -0.33333333333333    0.20000000000000    0.33333333333333             2
   -0.16666666666667    0.20000000000000    0.33333333333333             2
    0.00000000000000    0.40000000000000    0.33333333333333             2
    0.16666666666667    0.40000000000000    0.33333333333333             2
    0.33333333333333    0.40000000000000    0.33333333333333             2
    0.50000000000000    0.40000000000000    0.33333333333333             2
   -0.33333333333333    0.40000000000000    0.33333333333333             2
   -0.16666666666667    0.40000000000000    0.33333333333333             2
    0.00000000000000   -0.40000000000000    0.33333333333333             2
    0.16666666666667   -0.40000000000000    0.33333333333333             2
    0.33333333333333   -0.40000000000000    0.33333333333333             2
    0.50000000000000   -0.40000000000000    0.33333333333333             2
   -0.33333333333333   -0.40000000000000    0.33333333333333             2
   -0.16666666666667   -0.40000000000000    0.33333333333333             2
    0.00000000000000   -0.20000000000000    0.33333333333333             2
    0.16666666666667   -0.20000000000000    0.33333333333333             2
    0.33333333333333   -0.20000000000000    0.33333333333333             2
    0.50000000000000   -0.20000000000000    0.33333333333333             2
   -0.33333333333333   -0.20000000000000    0.33333333333333             2
   -0.16666666666667   -0.20000000000000    0.33333333333333             2
Tetrahedra
       268    0.00185185185185
         2         2         5         6        23
         2         1         2         5        23
         2         1         2        17        23
         2         2         6        23        24
         2         2        18        23        24
         2         2        17        18        23
         2         3         6         7        24
         2         2         3         6        24
         2         2         3        18        24
         2         3         7        24        25
         2         3        19        24        25
         2         3        18        19        24
         2         4         7         8        25
         2         3         4         7        25
         2         3         4        19        25
         2         4         8        25        26
         2         4        20        25        26
         2         4        19        20        25
         2         3         8         9        26
         2         3         4         8        26
         2         3         4        20        26
         2         3         9        26        27
         2         3        21        26        27
         2         3        20        21        26
         2         2         9        10        27
         2         2         3         9        27
         2         2         3        21        27
         2         2        10        27        28
         2         2        22        27        28
         2         2        21        22        27
         2         1         5        10        28
         2         1         2        10        28
         2         1         2        22        28
         2         1         5        23        28
         2         1        17        23        28
         2         1        17        22        28
         2         6        11        12        29
         2         5         6        11        29
         2         5         6        23        29
         2         6        12        29        30
         2         6        24        29        30
         2         6        23        24        29
         2         7        12        13        30
         2         6         7        12        30
         2         6         7        24        30
         2         7        13        30        31
         2         7        25        30        31
         2         7        24        25        30
         2         8        13        14        31
         2         7         8        13        31
         2         7         8        25        31
         2         8        14        31        32
         2         8        26        31        32
         2         8        25        26        31
         2         9        14        15        32
         2         8         9        14        32
         2         8         9        26        32
         2         9        15        32        33
         2         9        27        32        33
         2         9        26        27        32
         2        10        15        16        33
         2         9        10        15        33
         2         9        10        27        33
         2        10        16        33        34
         2        10        28        33        34
         2        10        27        28        33
         2         5        11        16        34
         2         5        10        16        34
         2         5        10        28        34
         2         5        11        29        34
         2         5        23        29        34
         2         5        23        28        34
         2        11        12        16        35
         2        11        11        12        35
         2        11        12        29        35
         2        12        16        35        36
         2        12        30        35        36
         2        12        29        30        35
         2        13        15        16        36
         2        12        13        16        36
         2        12        13        30        36
         2        13        15        36        37
         2        13        31        36        37
         2        13        30        31        36
         2        14        14        15        37
         2        13        14        15        37
         2        13        14        31        37
         2        14        14        37        38
         2        14        32        37        38
         2        14        31        32        37
         2        13        14        15        38
         2        14        14        15        38
         2        14        15        32        38
         2        13        15        38        39
         2        15        33        38        39
         2        15        32        33        38
         2        12        13        16        39
         2        13        15        16        39
         2        15        16        33        39
         2        12        16        39        40
         2        16        34        39        40
         2        16        33        34        39
         2        11        11        12        40
         2        11        12        16        40
         2        11        16        34        40
         2        11        11        35        40
         2        11        29        35        40
         2        11        29        34        40
         2         5        10        16        41
         2         5        11        16        41
         2        11        16        35        41
         2        10        16        41        42
         2        16        36        41        42
         2        16        35        36        41
         2         9        10        15        42
         2        10        15        16        42
         2        15        16        36        42
         2         9        15        42        43
         2        15        37        42        43
         2        15        36        37        42
         2         8         9        14        43
         2         9        14        15        43
         2        14        15        37        43
         2         8        14        43        44
         2        14        38        43        44
         2        14        37        38        43
         2         7         8        13        44
         2         8        13        14        44
         2        13        14        38        44
         2         7        13        44        45
         2        13        39        44        45
         2        13        38        39        44
         2         6         7        12        45
         2         7        12        13        45
         2        12        13        39        45
         2         6        12        45        46
         2        12        40        45        46
         2        12        39        40        45
         2         5         6        11        46
         2         6        11        12        46
         2        11        12        40        46
         2         5        11        41        46
         2        11        35        41        46
         2        11        35        40        46
         2         1         2        10        17
         2         1         5        10        17
         2         5        10        17        41
         2         2        10        17        18
         2        10        17        18        42
         2        10        17        41        42
         2         2         3         9        18
         2         2         9        10        18
         2         9        10        18        42
         2         3         9        18        19
         2         9        18        19        43
         2         9        18        42        43
         2         3         4         8        19
         2         3         8         9        19
         2         8         9        19        43
         2         4         8        19        20
         2         8        19        20        44
         2         8        19        43        44
         2         3         4         7        20
         2         4         7         8        20
         2         7         8        20        44
         2         3         7        20        21
         2         7        20        21        45
         2         7        20        44        45
         2         2         3         6        21
         2         3         6         7        21
         2         6         7        21        45
         2         2         6        21        22
         2         6        21        22        46
         2         6        21        45        46
         2         1         2         5        22
         2         2         5         6        22
         2         5         6        22        46
         2         1         5        17        22
         2         5        17        22        41
         2         5        22        41        46
         2        18        23        24        41
         2        17        18        23        41
         2        17        17        18        41
         2        18        24        41        46
         2        18        22        41        46
         2        17        18        22        41
         2        19        24        25        46
         2        18        19        24        46
         2        18        19        22        46
         2        19        25        45        46
         2        19        21        45        46
         2        19        21        22        46
         2        20        25        26        45
         2        19        20        25        45
         2        19        20        21        45
         2        20        26        44        45
         2        20        20        44        45
         2        20        20        21        45
         2        21        26        27        44
         2        20        21        26        44
         2        20        20        21        44
         2        21        27        43        44
         2        19        21        43        44
         2        19        20        21        44
         2        22        27        28        43
         2        21        22        27        43
         2        19        21        22        43
         2        22        28        42        43
         2        18        22        42        43
         2        18        19        22        43
         2        17        23        28        42
         2        17        22        28        42
         2        17        18        22        42
         2        17        23        41        42
         2        17        17        41        42
         2        17        17        18        42
         2        24        29        30        35
         2        23        24        29        35
         2        23        24        35        41
         2        24        30        35        40
         2        24        35        40        46
         2        24        35        41        46
         2        25        30        31        40
         2        24        25        30        40
         2        24        25        40        46
         2        25        31        39        40
         2        25        39        40        45
         2        25        40        45        46
         2        26        31        32        39
         2        25        26        31        39
         2        25        26        39        45
         2        26        32        38        39
         2        26        38        39        44
         2        26        39        44        45
         2        27        32        33        38
         2        26        27        32        38
         2        26        27        38        44
         2        27        33        37        38
         2        27        37        38        43
         2        27        38        43        44
         2        28        33        34        37
         2        27        28        33        37
         2        27        28        37        43
         2        28        34        36        37
         2        28        36        37        42
         2        28        37        42        43
         2        23        29        34        36
         2        23        28        34        36
         2        23        28        36        42
         2        23        29        35        36
         2        23        35        36        41
         2        23        36        41        42
         2        29        30        35        36
         4        29        29        30        35
         2        29        30        34        36
         2        29        30        34        40
         2        29        30        35        40
         2        31        34        36        37
         2        30        31        34        36
         2        30        31        34        40
         2        31        33        34        37
         2        31        33        34        39
         2        31        34        39        40
         2        32        33        37        38
         2        31        32        33        37
         2        31        32        33        39
         4        32        32        33        38
         2        32        33        38        39
