Automatically generated mesh
      38
Reciprocal lattice
    0.00000000000000    0.00000000000000    0.00000000000000             1
    0.20000000000000    0.00000000000000    0.00000000000000             2
    0.40000000000000    0.00000000000000    0.00000000000000             2
    0.00000000000000    0.33333333333333    0.00000000000000             2
    0.20000000000000    0.33333333333333    0.00000000000000             2
    0.40000000000000    0.33333333333333    0.00000000000000             2
   -0.40000000000000    0.33333333333333    0.00000000000000             2
   -0.20000000000000    0.33333333333333    0.00000000000000             2
    0.00000000000000    0.00000000000000    0.20000000000000             2
    0.20000000000000    0.00000000000000    0.20000000000000             2
    0.40000000000000    0.00000000000000    0.20000000000000             2
   -0.40000000000000    0.00000000000000    0.20000000000000             2
   -0.20000000000000    0.00000000000000    0.20000000000000             2
    0.00000000000000    0.33333333333333    0.20000000000000             2
    0.20000000000000    0.33333333333333    0.20000000000000             2
    0.40000000000000    0.33333333333333    0.20000000000000             2
   -0.40000000000000    0.33333333333333    0.20000000000000             2
   -0.20000000000000    0.33333333333333    0.20000000000000             2
    0.00000000000000   -0.33333333333333    0.20000000000000             2
    0.20000000000000   -0.33333333333333    0.20000000000000             2
    0.40000000000000   -0.33333333333333    0.20000000000000             2
   -0.40000000000000   -0.33333333333333    0.20000000000000             2
   -0.20000000000000   -0.33333333333333    0.20000000000000             2
    0.00000000000000    0.00000000000000    0.40000000000000             2
    0.20000000000000    0.00000000000000    0.40000000000000             2
    0.40000000000000    0.00000000000000    0.40000000000000             2
   -0.40000000000000    0.00000000000000    0.40000000000000             2
   -0.20000000000000    0.00000000000000    0.40000000000000             2
    0.00000000000000    0.33333333333333    0.40000000000000             2
    0.20000000000000    0.33333333333333    0.40000000000000             2
    0.40000000000000    0.33333333333333    0.40000000000000             2
   -0.40000000000000    0.33333333333333    0.40000000000000             2
   -0.20000000000000    0.33333333333333    0.40000000000000             2
    0.00000000000000   -0.33333333333333    0.40000000000000             2
    0.20000000000000   -0.33333333333333    0.40000000000000             2
    0.40000000000000   -0.33333333333333    0.40000000000000             2
   -0.40000000000000   -0.33333333333333    0.40000000000000             2
   -0.20000000000000   -0.33333333333333    0.40000000000000             2
Tetrahedra
       222    0.00222222222222
         2         1         2         5         9
         2         1         4         5         9
         2         4         5         9        14
         2         2         5         9        10
         2         5         9        10        15
         2         5         9        14        15
         2         2         3         6        10
         2         2         5         6        10
         2         5         6        10        15
         2         3         6        10        11
         2         6        10        11        16
         2         6        10        15        16
         2         3         3         7        11
         2         3         6         7        11
         2         6         7        11        16
         2         3         7        11        12
         2         7        11        12        17
         2         7        11        16        17
         2         2         3         8        12
         2         3         7         8        12
         2         7         8        12        17
         2         2         8        12        13
         2         8        12        13        18
         2         8        12        17        18
         2         1         2         4        13
         2         2         4         8        13
         2         4         8        13        18
         2         1         4         9        13
         2         4         9        13        14
         2         4        13        14        18
         2         4         5         8        14
         2         4         4         8        14
         2         4         8        14        19
         2         5         8        14        15
         2         8        14        15        20
         2         8        14        19        20
         2         5         6         7        15
         2         5         7         8        15
         2         7         8        15        20
         2         6         7        15        16
         2         7        15        16        21
         2         7        15        20        21
         4         6         6         7        16
         2         6         7        16        21
         2         6         7        16        17
         2         6        16        17        22
         2         6        16        21        22
         2         5         7         8        17
         2         5         6         7        17
         2         5         6        17        22
         2         5         8        17        18
         2         5        17        18        23
         2         5        17        22        23
         2         4         4         8        18
         2         4         5         8        18
         2         4         5        18        23
         2         4         4        14        18
         2         4        14        18        19
         2         4        18        19        23
         2         2         4         8        19
         2         1         2         4        19
         2         1         2         9        19
         2         2         8        19        20
         2         2        10        19        20
         2         2         9        10        19
         2         3         7         8        20
         2         2         3         8        20
         2         2         3        10        20
         2         3         7        20        21
         2         3        11        20        21
         2         3        10        11        20
         2         3         6         7        21
         2         3         3         7        21
         2         3         3        11        21
         2         3         6        21        22
         2         3        12        21        22
         2         3        11        12        21
         2         2         5         6        22
         2         2         3         6        22
         2         2         3        12        22
         2         2         5        22        23
         2         2        13        22        23
         2         2        12        13        22
         2         1         4         5        23
         2         1         2         5        23
         2         1         2        13        23
         2         1         4        19        23
         2         1         9        19        23
         2         1         9        13        23
         2         9        10        15        24
         2         9        14        15        24
         2        14        15        24        29
         2        10        15        24        25
         2        15        24        25        30
         2        15        24        29        30
         2        10        11        16        25
         2        10        15        16        25
         2        15        16        25        30
         2        11        16        25        26
         2        16        25        26        31
         2        16        25        30        31
         2        11        12        17        26
         2        11        16        17        26
         2        16        17        26        31
         2        12        17        26        27
         2        17        26        27        32
         2        17        26        31        32
         2        12        13        18        27
         2        12        17        18        27
         2        17        18        27        32
         2        13        18        27        28
         2        18        27        28        33
         2        18        27        32        33
         2         9        13        14        28
         2        13        14        18        28
         2        14        18        28        33
         2         9        14        24        28
         2        14        24        28        29
         2        14        28        29        33
         2        14        15        20        29
         2        14        19        20        29
         2        19        20        29        34
         2        15        20        29        30
         2        20        29        30        35
         2        20        29        34        35
         2        15        16        21        30
         2        15        20        21        30
         2        20        21        30        35
         2        16        21        30        31
         2        21        30        31        36
         2        21        30        35        36
         2        16        17        22        31
         2        16        21        22        31
         2        21        22        31        36
         2        17        22        31        32
         2        22        31        32        37
         2        22        31        36        37
         2        17        18        23        32
         2        17        22        23        32
         2        22        23        32        37
         2        18        23        32        33
         2        23        32        33        38
         2        23        32        37        38
         2        14        18        19        33
         2        18        19        23        33
         2        19        23        33        38
         2        14        19        29        33
         2        19        29        33        34
         2        19        33        34        38
         2        10        19        20        34
         2         9        10        19        34
         2         9        10        24        34
         2        10        20        34        35
         2        10        25        34        35
         2        10        24        25        34
         2        11        20        21        35
         2        10        11        20        35
         2        10        11        25        35
         2        11        21        35        36
         2        11        26        35        36
         2        11        25        26        35
         2        12        21        22        36
         2        11        12        21        36
         2        11        12        26        36
         2        12        22        36        37
         2        12        27        36        37
         2        12        26        27        36
         2        13        22        23        37
         2        12        13        22        37
         2        12        13        27        37
         2        13        23        37        38
         2        13        28        37        38
         2        13        27        28        37
         2         9        19        23        38
         2         9        13        23        38
         2         9        13        28        38
         2         9        19        34        38
         2         9        24        34        38
         2         9        24        28        38
         2        24        24        25        30
         2        24        24        29        30
         2        24        29        30        34
         2        24        25        28        30
         2        24        28        30        38
         2        24        30        34        38
         2        25        26        28        31
         2        25        28        30        31
         2        28        30        31        38
         2        26        27        28        31
         2        27        28        31        37
         2        28        31        37        38
         4        26        27        27        32
         2        26        27        31        32
         2        27        31        32        37
         2        26        27        32        36
         2        27        32        36        37
         2        26        27        28        33
         2        26        27        32        33
         2        26        32        33        36
         2        25        26        28        33
         2        25        26        33        35
         2        26        33        35        36
         2        24        25        28        29
         2        25        28        29        33
         2        25        29        33        35
         2        24        24        25        29
         2        24        25        29        34
         2        25        29        34        35
         2        29        30        34        35
         4        29        34        34        35
         2        30        34        35        38
         2        33        34        35        38
         2        29        33        34        35
         2        30        31        36        38
         2        30        35        36        38
         2        33        35        36        38
         2        31        36        37        38
         2        32        36        37        38
         2        32        33        36        38
         2        31        32        37        37
         2        31        36        37        37
         2        32        36        37        37
