Automatically generated mesh
     380
Reciprocal lattice
    0.00000000000000    0.00000000000000    0.00000000000000             1
    0.11111111111111    0.00000000000000    0.00000000000000             2
    0.22222222222222    0.00000000000000    0.00000000000000             2
    0.33333333333333    0.00000000000000    0.00000000000000             2
    0.44444444444445    0.00000000000000    0.00000000000000             2
    0.00000000000000    0.16666666666667    0.00000000000000             2
    0.11111111111111    0.16666666666667    0.00000000000000             2
    0.22222222222222    0.16666666666667    0.00000000000000             2
    0.33333333333333    0.16666666666667    0.00000000000000             2
    0.44444444444445    0.16666666666667    0.00000000000000             2
   -0.44444444444444    0.16666666666667    0.00000000000000             2
   -0.33333333333333    0.16666666666667    0.00000000000000             2
   -0.22222222222222    0.16666666666667    0.00000000000000             2
   -0.11111111111111    0.16666666666667    0.00000000000000             2
    0.00000000000000    0.33333333333333    0.00000000000000             2
    0.11111111111111    0.33333333333333    0.00000000000000             2
    0.22222222222222    0.33333333333333    0.00000000000000             2
    0.33333333333333    0.33333333333333    0.00000000000000             2
    0.44444444444445    0.33333333333333    0.00000000000000             2
   -0.44444444444444    0.33333333333333    0.00000000000000             2
   -0.33333333333333    0.33333333333333    0.00000000000000             2
   -0.22222222222222    0.33333333333333    0.00000000000000             2
   -0.11111111111111    0.33333333333333    0.00000000000000             2
    0.00000000000000    0.50000000000000    0.00000000000000             1
    0.11111111111111    0.50000000000000    0.00000000000000             2
    0.22222222222222    0.50000000000000    0.00000000000000             2
    0.33333333333333    0.50000000000000    0.00000000000000             2
    0.44444444444445    0.50000000000000    0.00000000000000             2
    0.00000000000000    0.00000000000000    0.07142857142857             2
    0.11111111111111    0.00000000000000    0.07142857142857             2
    0.22222222222222    0.00000000000000    0.07142857142857             2
    0.33333333333333    0.00000000000000    0.07142857142857             2
    0.44444444444445    0.00000000000000    0.07142857142857             2
   -0.44444444444444    0.00000000000000    0.07142857142857             2
   -0.33333333333333    0.00000000000000    0.07142857142857             2
   -0.22222222222222    0.00000000000000    0.07142857142857             2
   -0.11111111111111    0.00000000000000    0.07142857142857             2
    0.00000000000000    0.16666666666667    0.07142857142857             2
    0.11111111111111    0.16666666666667    0.07142857142857             2
    0.22222222222222    0.16666666666667    0.07142857142857             2
    0.33333333333333    0.16666666666667    0.07142857142857             2
    0.44444444444445    0.16666666666667    0.07142857142857             2
   -0.44444444444444    0.16666666666667    0.07142857142857             2
   -0.33333333333333    0.16666666666667    0.07142857142857             2
   -0.22222222222222    0.16666666666667    0.07142857142857             2
   -0.11111111111111    0.16666666666667    0.07142857142857             2
    0.00000000000000    0.33333333333333    0.07142857142857             2
    0.11111111111111    0.33333333333333    0.07142857142857             2
    0.22222222222222    0.33333333333333    0.07142857142857             2
    0.33333333333333    0.33333333333333    0.07142857142857             2
    0.44444444444444    0.33333333333333    0.07142857142857             2
   -0.44444444444444    0.33333333333333    0.07142857142857             2
   -0.33333333333333    0.33333333333333    0.07142857142857             2
   -0.22222222222222    0.33333333333333    0.07142857142857             2
   -0.11111111111111    0.33333333333333    0.07142857142857             2
    0.00000000000000    0.50000000000000    0.07142857142857             2
    0.11111111111111    0.50000000000000    0.07142857142857             2
    0.22222222222222    0.50000000000000    0.07142857142857             2
    0.33333333333333    0.50000000000000    0.07142857142857             2
    0.44444444444445    0.50000000000000    0.07142857142857             2
   -0.44444444444444    0.50000000000000    0.07142857142857             2
   -0.33333333333333    0.50000000000000    0.07142857142857             2
   -0.22222222222222    0.50000000000000    0.07142857142857             2
   -0.11111111111111    0.50000000000000    0.07142857142857             2
    0.00000000000000   -0.33333333333333    0.07142857142857             2
    0.11111111111111   -0.33333333333333    0.07142857142857             2
    0.22222222222222   -0.33333333333333    0.07142857142857             2
    0.33333333333333   -0.33333333333333    0.07142857142857             2
    0.44444444444445   -0.33333333333333    0.07142857142857             2
   -0.44444444444444   -0.33333333333333    0.07142857142857             2
   -0.33333333333333   -0.33333333333333    0.07142857142857             2
   -0.22222222222222   -0.33333333333333    0.07142857142857             2
   -0.11111111111111   -0.33333333333333    0.07142857142857             2
    0.00000000000000   -0.16666666666667    0.07142857142857             2
    0.11111111111111   -0.16666666666667    0.07142857142857             2
    0.22222222222222   -0.16666666666667    0.07142857142857             2
    0.33333333333333   -0.16666666666667    0.07142857142857             2
    0.44444444444445   -0.16666666666667    0.07142857142857             2
   -0.44444444444444   -0.16666666666667    0.07142857142857             2
   -0.33333333333333   -0.16666666666667    0.07142857142857             2
   -0.22222222222222   -0.16666666666667    0.07142857142857             2
   -0.11111111111111   -0.16666666666667    0.07142857142857             2
    0.00000000000000    0.00000000000000    0.14285714285714             2
    0.11111111111111    0.00000000000000    0.14285714285714             2
    0.22222222222222    0.00000000000000    0.14285714285714             2
    0.33333333333333    0.00000000000000    0.14285714285714             2
    0.44444444444445    0.00000000000000    0.14285714285714             2
   -0.44444444444444    0.00000000000000    0.14285714285714             2
   -0.33333333333333    0.00000000000000    0.14285714285714             2
   -0.22222222222222    0.00000000000000    0.14285714285714             2
   -0.11111111111111    0.00000000000000    0.14285714285714             2
    0.00000000000000    0.16666666666667    0.14285714285714             2
    0.11111111111111    0.16666666666667    0.14285714285714             2
    0.22222222222222    0.16666666666667    0.14285714285714             2
    0.33333333333333    0.16666666666667    0.14285714285714             2
    0.44444444444445    0.16666666666667    0.14285714285714             2
   -0.44444444444444    0.16666666666667    0.14285714285714             2
   -0.33333333333333    0.16666666666667    0.14285714285714             2
   -0.22222222222222    0.16666666666667    0.14285714285714             2
   -0.11111111111111    0.16666666666667    0.14285714285714             2
    0.00000000000000    0.33333333333333    0.14285714285714             2
    0.11111111111111    0.33333333333333    0.14285714285714             2
    0.22222222222222    0.33333333333333    0.14285714285714             2
    0.33333333333333    0.33333333333333    0.14285714285714             2
    0.44444444444445    0.33333333333333    0.14285714285714             2
   -0.44444444444444    0.33333333333333    0.14285714285714             2
   -0.33333333333333    0.33333333333333    0.14285714285714             2
   -0.22222222222222    0.33333333333333    0.14285714285714             2
   -0.11111111111111    0.33333333333333    0.14285714285714             2
    0.00000000000000    0.50000000000000    0.14285714285714             2
    0.11111111111111    0.50000000000000    0.14285714285714             2
    0.22222222222222    0.50000000000000    0.14285714285714             2
    0.33333333333333    0.50000000000000    0.14285714285714             2
    0.44444444444445    0.50000000000000    0.14285714285714             2
   -0.44444444444444    0.50000000000000    0.14285714285714             2
   -0.33333333333333    0.50000000000000    0.14285714285714             2
   -0.22222222222222    0.50000000000000    0.14285714285714             2
   -0.11111111111111    0.50000000000000    0.14285714285714             2
    0.00000000000000   -0.33333333333333    0.14285714285714             2
    0.11111111111111   -0.33333333333333    0.14285714285714             2
    0.22222222222222   -0.33333333333333    0.14285714285714             2
    0.33333333333333   -0.33333333333333    0.14285714285714             2
    0.44444444444444   -0.33333333333333    0.14285714285714             2
   -0.44444444444444   -0.33333333333333    0.14285714285714             2
   -0.33333333333333   -0.33333333333333    0.14285714285714             2
   -0.22222222222222   -0.33333333333333    0.14285714285714             2
   -0.11111111111111   -0.33333333333333    0.14285714285714             2
    0.00000000000000   -0.16666666666667    0.14285714285714             2
    0.11111111111111   -0.16666666666667    0.14285714285714             2
    0.22222222222222   -0.16666666666667    0.14285714285714             2
    0.33333333333333   -0.16666666666667    0.14285714285714             2
    0.44444444444445   -0.16666666666667    0.14285714285714             2
   -0.44444444444444   -0.16666666666667    0.14285714285714             2
   -0.33333333333333   -0.16666666666667    0.14285714285714             2
   -0.22222222222222   -0.16666666666667    0.14285714285714             2
   -0.11111111111111   -0.16666666666667    0.14285714285714             2
    0.00000000000000    0.00000000000000    0.21428571428571             2
    0.11111111111111    0.00000000000000    0.21428571428571             2
    0.22222222222222    0.00000000000000    0.21428571428571             2
    0.33333333333333    0.00000000000000    0.21428571428571             2
    0.44444444444445    0.00000000000000    0.21428571428571             2
   -0.44444444444444    0.00000000000000    0.21428571428571             2
   -0.33333333333333    0.00000000000000    0.21428571428571             2
   -0.22222222222222    0.00000000000000    0.21428571428571             2
   -0.11111111111111    0.00000000000000    0.21428571428571             2
    0.00000000000000    0.16666666666667    0.21428571428571             2
    0.11111111111111    0.16666666666667    0.21428571428571             2
    0.22222222222222    0.16666666666667    0.21428571428571             2
    0.33333333333333    0.16666666666667    0.21428571428571             2
    0.44444444444445    0.16666666666667    0.21428571428571             2
   -0.44444444444444    0.16666666666667    0.21428571428571             2
   -0.33333333333333    0.16666666666667    0.21428571428571             2
   -0.22222222222222    0.16666666666667    0.21428571428571             2
   -0.11111111111111    0.16666666666667    0.21428571428571             2
    0.00000000000000    0.33333333333333    0.21428571428571             2
    0.11111111111111    0.33333333333333    0.21428571428571             2
    0.22222222222222    0.33333333333333    0.21428571428571             2
    0.33333333333333    0.33333333333333    0.21428571428571             2
    0.44444444444445    0.33333333333333    0.21428571428571             2
   -0.44444444444444    0.33333333333333    0.21428571428571             2
   -0.33333333333333    0.33333333333333    0.21428571428571             2
   -0.22222222222222    0.33333333333333    0.21428571428571             2
   -0.11111111111111    0.33333333333333    0.21428571428571             2
    0.00000000000000    0.50000000000000    0.21428571428571             2
    0.11111111111111    0.50000000000000    0.21428571428571             2
    0.22222222222222    0.50000000000000    0.21428571428571             2
    0.33333333333333    0.50000000000000    0.21428571428571             2
    0.44444444444445    0.50000000000000    0.21428571428571             2
   -0.44444444444444    0.50000000000000    0.21428571428571             2
   -0.33333333333333    0.50000000000000    0.21428571428571             2
   -0.22222222222222    0.50000000000000    0.21428571428571             2
   -0.11111111111111    0.50000000000000    0.21428571428571             2
    0.00000000000000   -0.33333333333333    0.21428571428571             2
    0.11111111111111   -0.33333333333333    0.21428571428571             2
    0.22222222222222   -0.33333333333333    0.21428571428571             2
    0.33333333333333   -0.33333333333333    0.21428571428571             2
    0.44444444444445   -0.33333333333333    0.21428571428571             2
   -0.44444444444444   -0.33333333333333    0.21428571428571             2
   -0.33333333333333   -0.33333333333333    0.21428571428571             2
   -0.22222222222222   -0.33333333333333    0.21428571428571             2
   -0.11111111111111   -0.33333333333333    0.21428571428571             2
    0.00000000000000   -0.16666666666667    0.21428571428571             2
    0.11111111111111   -0.16666666666667    0.21428571428571             2
    0.22222222222222   -0.16666666666667    0.21428571428571             2
    0.33333333333333   -0.16666666666667    0.21428571428571             2
    0.44444444444445   -0.16666666666667    0.21428571428571             2
   -0.44444444444444   -0.16666666666667    0.21428571428571             2
   -0.33333333333333   -0.16666666666667    0.21428571428571             2
   -0.22222222222222   -0.16666666666667    0.21428571428571             2
   -0.11111111111111   -0.16666666666667    0.21428571428571             2
    0.00000000000000    0.00000000000000    0.28571428571429             2
    0.11111111111111    0.00000000000000    0.28571428571429             2
    0.22222222222222    0.00000000000000    0.28571428571429             2
    0.33333333333333    0.00000000000000    0.28571428571429             2
    0.44444444444445    0.00000000000000    0.28571428571429             2
   -0.44444444444444    0.00000000000000    0.28571428571429             2
   -0.33333333333333    0.00000000000000    0.28571428571429             2
   -0.22222222222222    0.00000000000000    0.28571428571429             2
   -0.11111111111111    0.00000000000000    0.28571428571429             2
    0.00000000000000    0.16666666666667    0.28571428571429             2
    0.11111111111111    0.16666666666667    0.28571428571429             2
    0.22222222222222    0.16666666666667    0.28571428571429             2
    0.33333333333333    0.16666666666667    0.28571428571429             2
    0.44444444444445    0.16666666666667    0.28571428571429             2
   -0.44444444444444    0.16666666666667    0.28571428571429             2
   -0.33333333333333    0.16666666666667    0.28571428571429             2
   -0.22222222222222    0.16666666666667    0.28571428571429             2
   -0.11111111111111    0.16666666666667    0.28571428571429             2
    0.00000000000000    0.33333333333333    0.28571428571429             2
    0.11111111111111    0.33333333333333    0.28571428571429             2
    0.22222222222222    0.33333333333333    0.28571428571429             2
    0.33333333333333    0.33333333333333    0.28571428571429             2
    0.44444444444445    0.33333333333333    0.28571428571429             2
   -0.44444444444444    0.33333333333333    0.28571428571429             2
   -0.33333333333333    0.33333333333333    0.28571428571429             2
   -0.22222222222222    0.33333333333333    0.28571428571429             2
   -0.11111111111111    0.33333333333333    0.28571428571429             2
    0.00000000000000    0.50000000000000    0.28571428571429             2
    0.11111111111111    0.50000000000000    0.28571428571429             2
    0.22222222222222    0.50000000000000    0.28571428571429             2
    0.33333333333333    0.50000000000000    0.28571428571429             2
    0.44444444444445    0.50000000000000    0.28571428571429             2
   -0.44444444444444    0.50000000000000    0.28571428571429             2
   -0.33333333333333    0.50000000000000    0.28571428571429             2
   -0.22222222222222    0.50000000000000    0.28571428571429             2
   -0.11111111111111    0.50000000000000    0.28571428571429             2
    0.00000000000000   -0.33333333333333    0.28571428571429             2
    0.11111111111111   -0.33333333333333    0.28571428571429             2
    0.22222222222222   -0.33333333333333    0.28571428571429             2
    0.33333333333333   -0.33333333333333    0.28571428571429             2
    0.44444444444445   -0.33333333333333    0.28571428571429             2
   -0.44444444444444   -0.33333333333333    0.28571428571429             2
   -0.33333333333333   -0.33333333333333    0.28571428571429             2
   -0.22222222222222   -0.33333333333333    0.28571428571429             2
   -0.11111111111111   -0.33333333333333    0.28571428571429             2
    0.00000000000000   -0.16666666666667    0.28571428571429             2
    0.11111111111111   -0.16666666666667    0.28571428571429             2
    0.22222222222222   -0.16666666666667    0.28571428571429             2
    0.33333333333333   -0.16666666666667    0.28571428571429             2
    0.44444444444445   -0.16666666666667    0.28571428571429             2
   -0.44444444444444   -0.16666666666667    0.28571428571429             2
   -0.33333333333333   -0.16666666666667    0.28571428571429             2
   -0.22222222222222   -0.16666666666667    0.28571428571429             2
   -0.11111111111111   -0.16666666666667    0.28571428571429             2
    0.00000000000000    0.00000000000000    0.35714285714286             2
    0.11111111111111    0.00000000000000    0.35714285714286             2
    0.22222222222222    0.00000000000000    0.35714285714286             2
    0.33333333333333    0.00000000000000    0.35714285714286             2
    0.44444444444445    0.00000000000000    0.35714285714286             2
   -0.44444444444444    0.00000000000000    0.35714285714286             2
   -0.33333333333333    0.00000000000000    0.35714285714286             2
   -0.22222222222222    0.00000000000000    0.35714285714286             2
   -0.11111111111111    0.00000000000000    0.35714285714286             2
    0.00000000000000    0.16666666666667    0.35714285714286             2
    0.11111111111111    0.16666666666667    0.35714285714286             2
    0.22222222222222    0.16666666666667    0.35714285714286             2
    0.33333333333333    0.16666666666667    0.35714285714286             2
    0.44444444444444    0.16666666666667    0.35714285714286             2
   -0.44444444444444    0.16666666666667    0.35714285714286             2
   -0.33333333333333    0.16666666666667    0.35714285714286             2
   -0.22222222222222    0.16666666666667    0.35714285714286             2
   -0.11111111111111    0.16666666666667    0.35714285714286             2
    0.00000000000000    0.33333333333333    0.35714285714286             2
    0.11111111111111    0.33333333333333    0.35714285714286             2
    0.22222222222222    0.33333333333333    0.35714285714286             2
    0.33333333333333    0.33333333333333    0.35714285714286             2
    0.44444444444445    0.33333333333333    0.35714285714286             2
   -0.44444444444444    0.33333333333333    0.35714285714286             2
   -0.33333333333333    0.33333333333333    0.35714285714286             2
   -0.22222222222222    0.33333333333333    0.35714285714286             2
   -0.11111111111111    0.33333333333333    0.35714285714286             2
    0.00000000000000    0.50000000000000    0.35714285714286             2
    0.11111111111111    0.50000000000000    0.35714285714286             2
    0.22222222222222    0.50000000000000    0.35714285714286             2
    0.33333333333333    0.50000000000000    0.35714285714286             2
    0.44444444444445    0.50000000000000    0.35714285714286             2
   -0.44444444444444    0.50000000000000    0.35714285714286             2
   -0.33333333333333    0.50000000000000    0.35714285714286             2
   -0.22222222222222    0.50000000000000    0.35714285714286             2
   -0.11111111111111    0.50000000000000    0.35714285714286             2
    0.00000000000000   -0.33333333333333    0.35714285714286             2
    0.11111111111111   -0.33333333333333    0.35714285714286             2
    0.22222222222222   -0.33333333333333    0.35714285714286             2
    0.33333333333333   -0.33333333333333    0.35714285714286             2
    0.44444444444445   -0.33333333333333    0.35714285714286             2
   -0.44444444444444   -0.33333333333333    0.35714285714286             2
   -0.33333333333333   -0.33333333333333    0.35714285714286             2
   -0.22222222222222   -0.33333333333333    0.35714285714286             2
   -0.11111111111111   -0.33333333333333    0.35714285714286             2
    0.00000000000000   -0.16666666666667    0.35714285714286             2
    0.11111111111111   -0.16666666666667    0.35714285714286             2
    0.22222222222222   -0.16666666666667    0.35714285714286             2
    0.33333333333333   -0.16666666666667    0.35714285714286             2
    0.44444444444445   -0.16666666666667    0.35714285714286             2
   -0.44444444444444   -0.16666666666667    0.35714285714286             2
   -0.33333333333333   -0.16666666666667    0.35714285714286             2
   -0.22222222222222   -0.16666666666667    0.35714285714286             2
   -0.11111111111111   -0.16666666666667    0.35714285714286             2
    0.00000000000000    0.00000000000000    0.42857142857143             2
    0.11111111111111    0.00000000000000    0.42857142857143             2
    0.22222222222222    0.00000000000000    0.42857142857143             2
    0.33333333333333    0.00000000000000    0.42857142857143             2
    0.44444444444445    0.00000000000000    0.42857142857143             2
   -0.44444444444444    0.00000000000000    0.42857142857143             2
   -0.33333333333333    0.00000000000000    0.42857142857143             2
   -0.22222222222222    0.00000000000000    0.42857142857143             2
   -0.11111111111111    0.00000000000000    0.42857142857143             2
    0.00000000000000    0.16666666666667    0.42857142857143             2
    0.11111111111111    0.16666666666667    0.42857142857143             2
    0.22222222222222    0.16666666666667    0.42857142857143             2
    0.33333333333333    0.16666666666667    0.42857142857143             2
    0.44444444444445    0.16666666666667    0.42857142857143             2
   -0.44444444444444    0.16666666666667    0.42857142857143             2
   -0.33333333333333    0.16666666666667    0.42857142857143             2
   -0.22222222222222    0.16666666666667    0.42857142857143             2
   -0.11111111111111    0.16666666666667    0.42857142857143             2
    0.00000000000000    0.33333333333333    0.42857142857143             2
    0.11111111111111    0.33333333333333    0.42857142857143             2
    0.22222222222222    0.33333333333333    0.42857142857143             2
    0.33333333333333    0.33333333333333    0.42857142857143             2
    0.44444444444445    0.33333333333333    0.42857142857143             2
   -0.44444444444444    0.33333333333333    0.42857142857143             2
   -0.33333333333333    0.33333333333333    0.42857142857143             2
   -0.22222222222222    0.33333333333333    0.42857142857143             2
   -0.11111111111111    0.33333333333333    0.42857142857143             2
    0.00000000000000    0.50000000000000    0.42857142857143             2
    0.11111111111111    0.50000000000000    0.42857142857143             2
    0.22222222222222    0.50000000000000    0.42857142857143             2
    0.33333333333333    0.50000000000000    0.42857142857143             2
    0.44444444444445    0.50000000000000    0.42857142857143             2
   -0.44444444444444    0.50000000000000    0.42857142857143             2
   -0.33333333333333    0.50000000000000    0.42857142857143             2
   -0.22222222222222    0.50000000000000    0.42857142857143             2
   -0.11111111111111    0.50000000000000    0.42857142857143             2
    0.00000000000000   -0.33333333333333    0.42857142857143             2
    0.11111111111111   -0.33333333333333    0.42857142857143             2
    0.22222222222222   -0.33333333333333    0.42857142857143             2
    0.33333333333333   -0.33333333333333    0.42857142857143             2
    0.44444444444445   -0.33333333333333    0.42857142857143             2
   -0.44444444444444   -0.33333333333333    0.42857142857143             2
   -0.33333333333333   -0.33333333333333    0.42857142857143             2
   -0.22222222222222   -0.33333333333333    0.42857142857143             2
   -0.11111111111111   -0.33333333333333    0.42857142857143             2
    0.00000000000000   -0.16666666666667    0.42857142857143             2
    0.11111111111111   -0.16666666666667    0.42857142857143             2
    0.22222222222222   -0.16666666666667    0.42857142857143             2
    0.33333333333333   -0.16666666666667    0.42857142857143             2
    0.44444444444445   -0.16666666666667    0.42857142857143             2
   -0.44444444444444   -0.16666666666667    0.42857142857143             2
   -0.33333333333333   -0.16666666666667    0.42857142857143             2
   -0.22222222222222   -0.16666666666667    0.42857142857143             2
   -0.11111111111111   -0.16666666666667    0.42857142857143             2
    0.00000000000000    0.00000000000000    0.50000000000000             1
    0.11111111111111    0.00000000000000    0.50000000000000             2
    0.22222222222222    0.00000000000000    0.50000000000000             2
    0.33333333333333    0.00000000000000    0.50000000000000             2
    0.44444444444445    0.00000000000000    0.50000000000000             2
    0.00000000000000    0.16666666666667    0.50000000000000             2
    0.11111111111111    0.16666666666667    0.50000000000000             2
    0.22222222222222    0.16666666666667    0.50000000000000             2
    0.33333333333333    0.16666666666667    0.50000000000000             2
    0.44444444444444    0.16666666666667    0.50000000000000             2
   -0.44444444444444    0.16666666666667    0.50000000000000             2
   -0.33333333333333    0.16666666666667    0.50000000000000             2
   -0.22222222222222    0.16666666666667    0.50000000000000             2
   -0.11111111111111    0.16666666666667    0.50000000000000             2
    0.00000000000000    0.33333333333333    0.50000000000000             2
    0.11111111111111    0.33333333333333    0.50000000000000             2
    0.22222222222222    0.33333333333333    0.50000000000000             2
    0.33333333333333    0.33333333333333    0.50000000000000             2
    0.44444444444444    0.33333333333333    0.50000000000000             2
   -0.44444444444444    0.33333333333333    0.50000000000000             2
   -0.33333333333333    0.33333333333333    0.50000000000000             2
   -0.22222222222222    0.33333333333333    0.50000000000000             2
   -0.11111111111111    0.33333333333333    0.50000000000000             2
    0.00000000000000    0.50000000000000    0.50000000000000             1
    0.11111111111111    0.50000000000000    0.50000000000000             2
    0.22222222222222    0.50000000000000    0.50000000000000             2
    0.33333333333333    0.50000000000000    0.50000000000000             2
    0.44444444444445    0.50000000000000    0.50000000000000             2
