Automatically generated mesh
      14
Reciprocal lattice
    0.00000000000000    0.00000000000000    0.00000000000000             1
    0.33333333333333    0.00000000000000    0.00000000000000             2
    0.00000000000000    0.33333333333333    0.00000000000000             2
    0.33333333333333    0.33333333333333    0.00000000000000             2
   -0.33333333333333    0.33333333333333    0.00000000000000             2
    0.00000000000000    0.00000000000000    0.33333333333333             2
    0.33333333333333    0.00000000000000    0.33333333333333             2
   -0.33333333333333    0.00000000000000    0.33333333333333             2
    0.00000000000000    0.33333333333333    0.33333333333333             2
    0.33333333333333    0.33333333333333    0.33333333333333             2
   -0.33333333333333    0.33333333333333    0.33333333333333             2
    0.00000000000000   -0.33333333333333    0.33333333333333             2
    0.33333333333333   -0.33333333333333    0.33333333333333             2
   -0.33333333333333   -0.33333333333333    0.33333333333333             2
Tetrahedra
        78    0.00617283950617
         2         1         2         3         7
         2         2         3         4         7
         2         3         4         7        10
         2         1         3         6         7
         2         3         6         7         9
         2         3         7         9        10
         2         2         2         4         8
         2         2         4         5         8
         2         4         5         8        11
         2         2         4         7         8
         2         4         7         8        10
         2         4         8        10        11
         2         1         2         5         6
         2         1         3         5         6
         2         3         5         6         9
         2         2         5         6         8
         2         5         6         8        11
         2         5         6         9        11
         2         3         3         4        10
         2         3         4         5        10
         2         3         5        10        13
         2         3         3         9        10
         2         3         9        10        12
         2         3        10        12        13
         4         4         5         5        11
         2         4         5        11        14
         2         4         5        10        11
         2         5        10        11        13
         2         5        11        13        14
         2         3         4         5         9
         2         3         3         4         9
         2         3         4         9        12
         2         4         5         9        11
         2         4         9        11        14
         2         4         9        12        14
         2         1         3         5        13
         2         1         2         5        13
         2         1         2         7        13
         2         1         3        12        13
         2         1         6        12        13
         2         1         6         7        13
         2         2         4         5        14
         2         2         2         4        14
         2         2         2         8        14
         2         2         5        13        14
         2         2         7        13        14
         2         2         7         8        14
         2         2         3         4        12
         2         1         2         3        12
         2         1         2         6        12
         2         2         4        12        14
         2         2         8        12        14
         2         2         6         8        12
         2         6         7         8         9
         2         7         8         9        10
         2         8         9        10        14
         2         6         6         8         9
         2         6         8         9        12
         2         8         9        12        14
         4         7         7         8        10
         2         7         8        10        11
         2         7        10        11        13
         2         7         8        10        14
         2         7        10        13        14
         2         6         6         8        11
         2         6         6         9        11
         2         6         9        11        12
         2         6         7         8        11
         2         6         7        11        13
         2         6        11        12        13
         2         9        10        12        14
         2        10        12        13        14
         2        11        12        13        14
         4         9        12        12        14
         2         9        11        12        14
         2        10        11        13        13
         2        11        13        13        14
         2        10        13        13        14
