Automatically generated mesh
      32
Reciprocal lattice
    0.06250000000000    0.12500000000000    0.25000000000000             2
    0.18750000000000    0.12500000000000    0.25000000000000             2
    0.31250000000000    0.12500000000000    0.25000000000000             2
    0.43750000000000    0.12500000000000    0.25000000000000             2
   -0.43750000000000    0.12500000000000    0.25000000000000             2
   -0.31250000000000    0.12500000000000    0.25000000000000             2
   -0.18750000000000    0.12500000000000    0.25000000000000             2
   -0.06250000000000    0.12500000000000    0.25000000000000             2
    0.06250000000000    0.37500000000000    0.25000000000000             2
    0.18750000000000    0.37500000000000    0.25000000000000             2
    0.31250000000000    0.37500000000000    0.25000000000000             2
    0.43750000000000    0.37500000000000    0.25000000000000             2
   -0.43750000000000    0.37500000000000    0.25000000000000             2
   -0.31250000000000    0.37500000000000    0.25000000000000             2
   -0.18750000000000    0.37500000000000    0.25000000000000             2
   -0.06250000000000    0.37500000000000    0.25000000000000             2
    0.06250000000000   -0.37500000000000    0.25000000000000             2
    0.18750000000000   -0.37500000000000    0.25000000000000             2
    0.31250000000000   -0.37500000000000    0.25000000000000             2
    0.43750000000000   -0.37500000000000    0.25000000000000             2
   -0.43750000000000   -0.37500000000000    0.25000000000000             2
   -0.31250000000000   -0.37500000000000    0.25000000000000             2
   -0.18750000000000   -0.37500000000000    0.25000000000000             2
   -0.06250000000000   -0.37500000000000    0.25000000000000             2
    0.06250000000000   -0.12500000000000    0.25000000000000             2
    0.18750000000000   -0.12500000000000    0.25000000000000             2
    0.31250000000000   -0.12500000000000    0.25000000000000             2
    0.43750000000000   -0.12500000000000    0.25000000000000             2
   -0.43750000000000   -0.12500000000000    0.25000000000000             2
   -0.31250000000000   -0.12500000000000    0.25000000000000             2
   -0.18750000000000   -0.12500000000000    0.25000000000000             2
   -0.06250000000000   -0.12500000000000    0.25000000000000             2
Tetrahedra
       192    0.00260416666667
         2         2         9        10        24
         2         1         2         9        24
         2         1         2        24        32
         2         2        10        23        24
         2         2        23        24        31
         2         2        24        31        32
         2         3        10        11        23
         2         2         3        10        23
         2         2         3        23        31
         2         3        11        22        23
         2         3        22        23        30
         2         3        23        30        31
         2         4        11        12        22
         2         3         4        11        22
         2         3         4        22        30
         2         4        12        21        22
         2         4        21        22        29
         2         4        22        29        30
         2         5        12        13        21
         2         4         5        12        21
         2         4         5        21        29
         2         5        13        20        21
         2         5        20        21        28
         2         5        21        28        29
         2         6        13        14        20
         2         5         6        13        20
         2         5         6        20        28
         2         6        14        19        20
         2         6        19        20        27
         2         6        20        27        28
         2         7        14        15        19
         2         6         7        14        19
         2         6         7        19        27
         2         7        15        18        19
         2         7        18        19        26
         2         7        19        26        27
         2         8        15        16        18
         2         7         8        15        18
         2         7         8        18        26
         2         8        16        17        18
         2         8        17        18        25
         2         8        18        25        26
         2         1         9        16        17
         2         1         8        16        17
         2         1         8        17        25
         2         1         9        17        24
         2         1        17        24        32
         2         1        17        25        32
         2        10        16        17        18
         2         9        10        16        17
         2         9        10        16        24
         2        10        15        16        18
         2        10        15        16        23
         2        10        16        23        24
         2        11        15        18        19
         2        10        11        15        18
         2        10        11        15        23
         2        11        14        15        19
         2        11        14        15        22
         2        11        15        22        23
         2        12        14        19        20
         2        11        12        14        19
         2        11        12        14        22
         2        12        13        14        20
         2        12        13        14        21
         2        12        14        21        22
         2        13        13        20        21
         2        12        13        13        20
         2        12        13        13        21
         2         9         9        17        24
         2         9         9        16        24
         2         9         9        16        17
         2         1         2        26        32
         2         1        25        26        32
         2         8        25        26        32
         2         2        26        31        32
         2         7        26        31        32
         2         7         8        26        32
         2         2         3        27        31
         2         2        26        27        31
         2         7        26        27        31
         2         3        27        30        31
         2         6        27        30        31
         2         6         7        27        31
         2         3         4        28        30
         2         3        27        28        30
         2         6        27        28        30
         2         4        28        29        30
         2         5        28        29        30
         2         5         6        28        30
         2         4         5        29        29
         2         4        28        29        29
         2         5        28        29        29
         2         1         8        25        25
         2         8        25        25        32
         2         1        25        25        32
         2         9        23        24        31
         2         9        24        31        32
         2         1         9        31        32
         2         9        10        23        31
         2         2         9        10        31
         2         1         2         9        31
         2        10        22        23        30
         2        10        23        30        31
         2         2        10        30        31
         2        10        11        22        30
         2         3        10        11        30
         2         2         3        10        30
         2        11        21        22        29
         2        11        22        29        30
         2         3        11        29        30
         2        11        12        21        29
         2         4        11        12        29
         2         3         4        11        29
         2        12        20        21        28
         2        12        21        28        29
         2         4        12        28        29
         2        12        13        20        28
         2         5        12        13        28
         2         4         5        12        28
         2        13        19        20        27
         2        13        20        27        28
         2         5        13        27        28
         2        13        14        19        27
         2         6        13        14        27
         2         5         6        13        27
         2        14        18        19        26
         2        14        19        26        27
         2         6        14        26        27
         2        14        15        18        26
         2         7        14        15        26
         2         6         7        14        26
         2        15        17        18        25
         2        15        18        25        26
         2         7        15        25        26
         2        15        16        17        25
         2         8        15        16        25
         2         7         8        15        25
         2        16        17        24        32
         2        16        17        25        32
         2         8        16        25        32
         2         9        16        24        32
         2         1         9        16        32
         2         1         8        16        32
         2        15        16        17        23
         2        16        17        23        24
         2         9        17        23        24
         2        15        17        18        23
         2        10        17        18        23
         2         9        10        17        23
         2        14        15        18        22
         2        15        18        22        23
         2        10        18        22        23
         2        14        18        19        22
         2        11        18        19        22
         2        10        11        18        22
         2        13        14        19        21
         2        14        19        21        22
         2        11        19        21        22
         2        13        19        20        21
         2        12        19        20        21
         2        11        12        19        21
         2        12        13        20        20
         2        13        20        20        21
         2        12        20        20        21
         2         9        16        24        24
         2         9        17        24        24
         2        16        17        24        24
         2         1         7        31        32
         2         1         7         8        32
         2         1         7         8        25
         2         1         2         7        31
         2         1         2         7        26
         2         1         7        25        26
         2         2         6        30        31
         2         2         6         7        31
         2         2         6         7        26
         2         2         3         6        30
         2         2         3         6        27
         2         2         6        26        27
         2         3         5        29        30
         2         3         5         6        30
         2         3         5         6        27
         2         3         4         5        29
         2         3         4         5        28
         2         3         5        27        28
         2         4         4        28        29
         2         4         4         5        29
         2         4         4         5        28
         2         8         8        25        32
         2         1         8         8        25
         2         1         8         8        32
