Automatically generated mesh
      31
Reciprocal lattice
    0.00000000000000    0.00000000000000    0.00000000000000             1
    0.20000000000000    0.00000000000000    0.00000000000000             2
    0.40000000000000    0.00000000000000    0.00000000000000             2
    0.00000000000000    0.33333333333333    0.00000000000000             2
    0.20000000000000    0.33333333333333    0.00000000000000             2
    0.40000000000000    0.33333333333333    0.00000000000000             2
   -0.40000000000000    0.33333333333333    0.00000000000000             2
   -0.20000000000000    0.33333333333333    0.00000000000000             2
    0.00000000000000    0.00000000000000    0.25000000000000             2
    0.20000000000000    0.00000000000000    0.25000000000000             2
    0.40000000000000    0.00000000000000    0.25000000000000             2
   -0.40000000000000    0.00000000000000    0.25000000000000             2
   -0.20000000000000    0.00000000000000    0.25000000000000             2
    0.00000000000000    0.33333333333333    0.25000000000000             2
    0.20000000000000    0.33333333333333    0.25000000000000             2
    0.40000000000000    0.33333333333333    0.25000000000000             2
   -0.40000000000000    0.33333333333333    0.25000000000000             2
   -0.20000000000000    0.33333333333333    0.25000000000000             2
    0.00000000000000   -0.33333333333333    0.25000000000000             2
    0.20000000000000   -0.33333333333333    0.25000000000000             2
    0.40000000000000   -0.33333333333333    0.25000000000000             2
   -0.40000000000000   -0.33333333333333    0.25000000000000             2
   -0.20000000000000   -0.33333333333333    0.25000000000000             2
    0.00000000000000    0.00000000000000    0.50000000000000             1
    0.20000000000000    0.00000000000000    0.50000000000000             2
    0.40000000000000    0.00000000000000    0.50000000000000             2
    0.00000000000000    0.33333333333333    0.50000000000000             2
    0.20000000000000    0.33333333333333    0.50000000000000             2
    0.40000000000000    0.33333333333333    0.50000000000000             2
   -0.40000000000000    0.33333333333333    0.50000000000000             2
   -0.20000000000000    0.33333333333333    0.50000000000000             2
Tetrahedra
       178    0.00277777777778
         2         2         4         5        14
         2         1         2         4        14
         2         1         2         9        14
         2         2         5        14        15
         2         2        10        14        15
         2         2         9        10        14
         2         3         5         6        15
         2         2         3         5        15
         2         2         3        10        15
         2         3         6        15        16
         2         3        11        15        16
         2         3        10        11        15
         2         3         6         7        16
         2         3         3         6        16
         2         3         3        11        16
         2         3         7        16        17
         2         3        12        16        17
         2         3        11        12        16
         2         2         7         8        17
         2         2         3         7        17
         2         2         3        12        17
         2         2         8        17        18
         2         2        13        17        18
         2         2        12        13        17
         2         1         4         8        18
         2         1         2         8        18
         2         1         2        13        18
         2         1         4        14        18
         2         1         9        14        18
         2         1         9        13        18
         2         4         5         8        19
         2         4         4         5        19
         2         4         5        14        19
         2         5         8        19        20
         2         5        15        19        20
         2         5        14        15        19
         2         6         7         8        20
         2         5         6         8        20
         2         5         6        15        20
         2         6         7        20        21
         2         6        16        20        21
         2         6        15        16        20
         4         6         7         7        21
         2         6         7        16        21
         2         6         7        21        22
         2         7        17        21        22
         2         7        16        17        21
         2         5         6         8        22
         2         6         7         8        22
         2         7         8        17        22
         2         5         8        22        23
         2         8        18        22        23
         2         8        17        18        22
         2         4         4         5        23
         2         4         5         8        23
         2         4         8        18        23
         2         4         4        19        23
         2         4        14        19        23
         2         4        14        18        23
         2         1         2         8         9
         2         1         4         8         9
         2         4         8         9        19
         2         2         8         9        10
         2         8         9        10        20
         2         8         9        19        20
         2         2         3         7        10
         2         2         7         8        10
         2         7         8        10        20
         2         3         7        10        11
         2         7        10        11        21
         2         7        10        20        21
         2         3         3         6        11
         2         3         6         7        11
         2         6         7        11        21
         2         3         6        11        12
         2         6        11        12        22
         2         6        11        21        22
         2         2         3         5        12
         2         3         5         6        12
         2         5         6        12        22
         2         2         5        12        13
         2         5        12        13        23
         2         5        12        22        23
         2         1         2         4        13
         2         2         4         5        13
         2         4         5        13        23
         2         1         4         9        13
         2         4         9        13        19
         2         4        13        19        23
         2        10        14        15        27
         2         9        10        14        27
         2         9        10        24        27
         2        10        15        27        28
         2        10        25        27        28
         2        10        24        25        27
         2        11        15        16        28
         2        10        11        15        28
         2        10        11        25        28
         2        11        16        28        29
         2        11        26        28        29
         2        11        25        26        28
         2        12        16        17        29
         2        11        12        16        29
         2        11        12        26        29
         2        12        17        29        30
         2        12        26        29        30
         2        12        26        26        29
         2        13        17        18        30
         2        12        13        17        30
         2        12        13        26        30
         2        13        18        30        31
         2        13        25        30        31
         2        13        25        26        30
         2         9        14        18        31
         2         9        13        18        31
         2         9        13        25        31
         2         9        14        27        31
         2         9        24        27        31
         2         9        24        25        31
         2        15        19        20        27
         2        14        15        19        27
         2        14        15        27        27
         2        15        20        27        31
         2        15        27        28        31
         2        15        27        27        28
         2        16        20        21        31
         2        15        16        20        31
         2        15        16        28        31
         2        16        21        30        31
         2        16        29        30        31
         2        16        28        29        31
         2        17        21        22        30
         2        16        17        21        30
         2        16        17        29        30
         2        17        22        29        30
         4        17        29        30        30
         2        18        22        23        29
         2        17        18        22        29
         2        17        18        29        30
         2        18        23        28        29
         2        18        28        29        31
         2        18        29        30        31
         2        14        19        23        28
         2        14        18        23        28
         2        14        18        28        31
         2        14        19        27        28
         2        14        27        27        28
         2        14        27        28        31
         2         9        10        20        24
         2         9        19        20        24
         2        19        20        24        27
         2        10        20        24        25
         2        20        24        25        31
         2        20        24        27        31
         2        10        11        21        25
         2        10        20        21        25
         2        20        21        25        31
         2        11        21        25        26
         2        21        25        26        30
         2        21        25        30        31
         2        11        12        22        26
         2        11        21        22        26
         2        21        22        26        30
         2        12        22        26        26
         2        22        26        26        29
         2        22        26        29        30
         2        12        13        23        26
         2        12        22        23        26
         2        22        23        26        29
         2        13        23        25        26
         2        23        25        26        28
         2        23        26        28        29
         2         9        13        19        25
         2        13        19        23        25
         2        19        23        25        28
         2         9        19        24        25
         2        19        24        25        27
         2        19        25        27        28
