Automatically generated mesh
      31
Reciprocal lattice
    0.00000000000000    0.00000000000000    0.00000000000000             1
    0.25000000000000    0.00000000000000    0.00000000000000             2
    0.50000000000000    0.00000000000000    0.00000000000000             1
    0.00000000000000    0.20000000000000    0.00000000000000             2
    0.25000000000000    0.20000000000000    0.00000000000000             2
    0.50000000000000    0.20000000000000    0.00000000000000             2
   -0.25000000000000    0.20000000000000    0.00000000000000             2
    0.00000000000000    0.40000000000000    0.00000000000000             2
    0.25000000000000    0.40000000000000    0.00000000000000             2
    0.50000000000000    0.40000000000000    0.00000000000000             2
   -0.25000000000000    0.40000000000000    0.00000000000000             2
    0.00000000000000    0.00000000000000    0.33333333333333             2
    0.25000000000000    0.00000000000000    0.33333333333333             2
    0.50000000000000    0.00000000000000    0.33333333333333             2
   -0.25000000000000    0.00000000000000    0.33333333333333             2
    0.00000000000000    0.20000000000000    0.33333333333333             2
    0.25000000000000    0.20000000000000    0.33333333333333             2
    0.50000000000000    0.20000000000000    0.33333333333333             2
   -0.25000000000000    0.20000000000000    0.33333333333333             2
    0.00000000000000    0.40000000000000    0.33333333333333             2
    0.25000000000000    0.40000000000000    0.33333333333333             2
    0.50000000000000    0.40000000000000    0.33333333333333             2
   -0.25000000000000    0.40000000000000    0.33333333333333             2
    0.00000000000000   -0.40000000000000    0.33333333333333             2
    0.25000000000000   -0.40000000000000    0.33333333333333             2
    0.50000000000000   -0.40000000000000    0.33333333333333             2
   -0.25000000000000   -0.40000000000000    0.33333333333333             2
    0.00000000000000   -0.20000000000000    0.33333333333333             2
    0.25000000000000   -0.20000000000000    0.33333333333333             2
    0.50000000000000   -0.20000000000000    0.33333333333333             2
   -0.25000000000000   -0.20000000000000    0.33333333333333             2
Tetrahedra
       178    0.00277777777778
         2         1         2         4        13
         2         2         4         5        13
         2         4         5        13        17
         2         1         4        12        13
         2         4        12        13        16
         2         4        13        16        17
         2         2         3         5        14
         2         3         5         6        14
         2         5         6        14        18
         2         2         5        13        14
         2         5        13        14        17
         2         5        14        17        18
         2         2         3         6        15
         2         2         6         7        15
         2         6         7        15        19
         2         3         6        14        15
         2         6        14        15        18
         2         6        15        18        19
         2         1         2         7        12
         2         1         4         7        12
         2         4         7        12        16
         2         2         7        12        15
         2         7        12        15        19
         2         7        12        16        19
         2         4         5         8        17
         2         5         8         9        17
         2         8         9        17        21
         2         4         8        16        17
         2         8        16        17        20
         2         8        17        20        21
         2         5         6         9        18
         2         6         9        10        18
         2         9        10        18        22
         2         5         9        17        18
         2         9        17        18        21
         2         9        18        21        22
         2         6         7        10        19
         2         7        10        11        19
         2        10        11        19        23
         2         6        10        18        19
         2        10        18        19        22
         2        10        19        22        23
         2         4         7        11        16
         2         4         8        11        16
         2         8        11        16        20
         2         7        11        16        19
         2        11        16        19        23
         2        11        16        20        23
         2         8         8         9        21
         2         8         9        11        21
         2         8        11        21        25
         2         8         8        20        21
         2         8        20        21        24
         2         8        21        24        25
         2         9        10        11        22
         2        10        10        11        22
         2        10        11        22        26
         2         9        11        21        22
         2        11        21        22        25
         2        11        22        25        26
         2        10        10        11        23
         2         9        10        11        23
         2         9        10        23        27
         2        10        10        22        23
         2        10        22        23        26
         2        10        23        26        27
         2         8         9        11        20
         2         8         8         9        20
         2         8         9        20        24
         2         9        11        20        23
         2         9        20        23        27
         2         9        20        24        27
         2         4         8        11        25
         2         4         7        11        25
         2         4         7        25        29
         2         4         8        24        25
         2         4        24        25        28
         2         4        25        28        29
         2         7        10        11        26
         2         6         7        10        26
         2         6         7        26        30
         2         7        11        25        26
         2         7        25        26        29
         2         7        26        29        30
         2         6         9        10        27
         2         5         6         9        27
         2         5         6        27        31
         2         6        10        26        27
         2         6        26        27        30
         2         6        27        30        31
         2         5         8         9        24
         2         4         5         8        24
         2         4         5        24        28
         2         5         9        24        27
         2         5        24        27        31
         2         5        24        28        31
         2         1         4         7        29
         2         1         2         7        29
         2         1         2        13        29
         2         1         4        28        29
         2         1        12        28        29
         2         1        12        13        29
         2         2         6         7        30
         2         2         3         6        30
         2         2         3        14        30
         2         2         7        29        30
         2         2        13        29        30
         2         2        13        14        30
         2         3         5         6        31
         2         2         3         5        31
         2         2         3        15        31
         2         3         6        30        31
         2         3        14        30        31
         2         3        14        15        31
         2         2         4         5        28
         2         1         2         4        28
         2         1         2        12        28
         2         2         5        28        31
         2         2        15        28        31
         2         2        12        15        28
         2        12        13        15        16
         2        13        15        16        17
         2        15        16        17        31
         2        12        12        15        16
         2        12        15        16        28
         2        15        16        28        31
         2        13        14        14        17
         2        14        14        17        18
         2        14        17        18        30
         2        13        14        15        17
         2        14        15        17        31
         2        14        17        30        31
         2        13        14        15        18
         2        13        15        18        19
         2        13        18        19        29
         2        13        14        14        18
         2        13        14        18        30
         2        13        18        29        30
         2        12        12        15        19
         2        12        12        16        19
         2        12        16        19        28
         2        12        13        15        19
         2        12        13        19        29
         2        12        19        28        29
         2        16        17        20        31
         2        17        20        21        31
         2        20        21        27        31
         2        16        20        28        31
         2        20        24        28        31
         2        20        24        27        31
         2        17        18        21        30
         2        18        21        22        30
         2        21        22        26        30
         2        17        21        30        31
         2        21        27        30        31
         2        21        26        27        30
         2        18        19        22        29
         2        19        22        23        29
         2        22        23        25        29
         2        18        22        29        30
         2        22        26        29        30
         2        22        25        26        29
         2        16        19        23        28
         2        16        20        23        28
         2        20        23        24        28
         2        19        23        28        29
         2        23        25        28        29
         2        23        24        25        28
         2        20        21        24        27
         2        21        24        25        27
         2        23        24        25        27
         4        20        24        24        27
         2        20        23        24        27
         2        21        22        25        26
         4        22        25        26        26
         2        21        25        26        27
         2        23        25        26        27
         2        22        23        25        26
