Automatically generated mesh
      64
Reciprocal lattice
    0.06250000000000    0.12500000000000    0.12500000000000             2
    0.18750000000000    0.12500000000000    0.12500000000000             2
    0.31250000000000    0.12500000000000    0.12500000000000             2
    0.43750000000000    0.12500000000000    0.12500000000000             2
   -0.43750000000000    0.12500000000000    0.12500000000000             2
   -0.31250000000000    0.12500000000000    0.12500000000000             2
   -0.18750000000000    0.12500000000000    0.12500000000000             2
   -0.06250000000000    0.12500000000000    0.12500000000000             2
    0.06250000000000    0.37500000000000    0.12500000000000             2
    0.18750000000000    0.37500000000000    0.12500000000000             2
    0.31250000000000    0.37500000000000    0.12500000000000             2
    0.43750000000000    0.37500000000000    0.12500000000000             2
   -0.43750000000000    0.37500000000000    0.12500000000000             2
   -0.31250000000000    0.37500000000000    0.12500000000000             2
   -0.18750000000000    0.37500000000000    0.12500000000000             2
   -0.06250000000000    0.37500000000000    0.12500000000000             2
    0.06250000000000   -0.37500000000000    0.12500000000000             2
    0.18750000000000   -0.37500000000000    0.12500000000000             2
    0.31250000000000   -0.37500000000000    0.12500000000000             2
    0.43750000000000   -0.37500000000000    0.12500000000000             2
   -0.43750000000000   -0.37500000000000    0.12500000000000             2
   -0.31250000000000   -0.37500000000000    0.12500000000000             2
   -0.18750000000000   -0.37500000000000    0.12500000000000             2
   -0.06250000000000   -0.37500000000000    0.12500000000000             2
    0.06250000000000   -0.12500000000000    0.12500000000000             2
    0.18750000000000   -0.12500000000000    0.12500000000000             2
    0.31250000000000   -0.12500000000000    0.12500000000000             2
    0.43750000000000   -0.12500000000000    0.12500000000000             2
   -0.43750000000000   -0.12500000000000    0.12500000000000             2
   -0.31250000000000   -0.12500000000000    0.12500000000000             2
   -0.18750000000000   -0.12500000000000    0.12500000000000             2
   -0.06250000000000   -0.12500000000000    0.12500000000000             2
    0.06250000000000    0.12500000000000    0.37500000000000             2
    0.18750000000000    0.12500000000000    0.37500000000000             2
    0.31250000000000    0.12500000000000    0.37500000000000             2
    0.43750000000000    0.12500000000000    0.37500000000000             2
   -0.43750000000000    0.12500000000000    0.37500000000000             2
   -0.31250000000000    0.12500000000000    0.37500000000000             2
   -0.18750000000000    0.12500000000000    0.37500000000000             2
   -0.06250000000000    0.12500000000000    0.37500000000000             2
    0.06250000000000    0.37500000000000    0.37500000000000             2
    0.18750000000000    0.37500000000000    0.37500000000000             2
    0.31250000000000    0.37500000000000    0.37500000000000             2
    0.43750000000000    0.37500000000000    0.37500000000000             2
   -0.43750000000000    0.37500000000000    0.37500000000000             2
   -0.31250000000000    0.37500000000000    0.37500000000000             2
   -0.18750000000000    0.37500000000000    0.37500000000000             2
   -0.06250000000000    0.37500000000000    0.37500000000000             2
    0.06250000000000   -0.37500000000000    0.37500000000000             2
    0.18750000000000   -0.37500000000000    0.37500000000000             2
    0.31250000000000   -0.37500000000000    0.37500000000000             2
    0.43750000000000   -0.37500000000000    0.37500000000000             2
   -0.43750000000000   -0.37500000000000    0.37500000000000             2
   -0.31250000000000   -0.37500000000000    0.37500000000000             2
   -0.18750000000000   -0.37500000000000    0.37500000000000             2
   -0.06250000000000   -0.37500000000000    0.37500000000000             2
    0.06250000000000   -0.12500000000000    0.37500000000000             2
    0.18750000000000   -0.12500000000000    0.37500000000000             2
    0.31250000000000   -0.12500000000000    0.37500000000000             2
    0.43750000000000   -0.12500000000000    0.37500000000000             2
   -0.43750000000000   -0.12500000000000    0.37500000000000             2
   -0.31250000000000   -0.12500000000000    0.37500000000000             2
   -0.18750000000000   -0.12500000000000    0.37500000000000             2
   -0.06250000000000   -0.12500000000000    0.37500000000000             2
Tetrahedra
       384    0.00130208333333
         2         1         2         9        34
         2         2         9        10        34
         2         9        10        34        42
         2         1         9        33        34
         2         9        33        34        41
         2         9        34        41        42
         2         2         3        10        35
         2         3        10        11        35
         2        10        11        35        43
         2         2        10        34        35
         2        10        34        35        42
         2        10        35        42        43
         2         3         4        11        36
         2         4        11        12        36
         2        11        12        36        44
         2         3        11        35        36
         2        11        35        36        43
         2        11        36        43        44
         2         4         5        12        37
         2         5        12        13        37
         2        12        13        37        45
         2         4        12        36        37
         2        12        36        37        44
         2        12        37        44        45
         2         5         6        13        38
         2         6        13        14        38
         2        13        14        38        46
         2         5        13        37        38
         2        13        37        38        45
         2        13        38        45        46
         2         6         7        14        39
         2         7        14        15        39
         2        14        15        39        47
         2         6        14        38        39
         2        14        38        39        46
         2        14        39        46        47
         2         7         8        15        40
         2         8        15        16        40
         2        15        16        40        48
         2         7        15        39        40
         2        15        39        40        47
         2        15        40        47        48
         2         1         8        16        33
         2         1         9        16        33
         2         9        16        33        41
         2         8        16        33        40
         2        16        33        40        48
         2        16        33        41        48
         2         9        10        17        42
         2        10        17        18        42
         2        17        18        42        50
         2         9        17        41        42
         2        17        41        42        49
         2        17        42        49        50
         2        10        11        18        43
         2        11        18        19        43
         2        18        19        43        51
         2        10        18        42        43
         2        18        42        43        50
         2        18        43        50        51
         2        11        12        19        44
         2        12        19        20        44
         2        19        20        44        52
         2        11        19        43        44
         2        19        43        44        51
         2        19        44        51        52
         2        12        13        20        45
         2        13        20        21        45
         2        20        21        45        53
         2        12        20        44        45
         2        20        44        45        52
         2        20        45        52        53
         2        13        14        21        46
         2        14        21        22        46
         2        21        22        46        54
         2        13        21        45        46
         2        21        45        46        53
         2        21        46        53        54
         2        14        15        22        47
         2        15        22        23        47
         2        22        23        47        55
         2        14        22        46        47
         2        22        46        47        54
         2        22        47        54        55
         2        15        16        23        48
         2        16        23        24        48
         2        23        24        48        56
         2        15        23        47        48
         2        23        47        48        55
         2        23        48        55        56
         2         9        16        24        41
         2         9        17        24        41
         2        17        24        41        49
         2        16        24        41        48
         2        24        41        48        56
         2        24        41        49        56
         2        17        18        25        50
         2        18        25        26        50
         2        25        26        50        58
         2        17        25        49        50
         2        25        49        50        57
         2        25        50        57        58
         2        18        19        26        51
         2        19        26        27        51
         2        26        27        51        59
         2        18        26        50        51
         2        26        50        51        58
         2        26        51        58        59
         2        19        20        27        52
         2        20        27        28        52
         2        27        28        52        60
         2        19        27        51        52
         2        27        51        52        59
         2        27        52        59        60
         2        20        21        28        53
         2        21        28        29        53
         2        28        29        53        61
         2        20        28        52        53
         2        28        52        53        60
         2        28        53        60        61
         2        21        22        29        54
         2        22        29        30        54
         2        29        30        54        62
         2        21        29        53        54
         2        29        53        54        61
         2        29        54        61        62
         2        22        23        30        55
         2        23        30        31        55
         2        30        31        55        63
         2        22        30        54        55
         2        30        54        55        62
         2        30        55        62        63
         2        23        24        31        56
         2        24        31        32        56
         2        31        32        56        64
         2        23        31        55        56
         2        31        55        56        63
         2        31        56        63        64
         2        17        24        32        49
         2        17        25        32        49
         2        25        32        49        57
         2        24        32        49        56
         2        32        49        56        64
         2        32        49        57        64
         2         1        25        26        58
         2         1         2        26        58
         2         1         2        34        58
         2         1        25        57        58
         2         1        33        57        58
         2         1        33        34        58
         2         2        26        27        59
         2         2         3        27        59
         2         2         3        35        59
         2         2        26        58        59
         2         2        34        58        59
         2         2        34        35        59
         2         3        27        28        60
         2         3         4        28        60
         2         3         4        36        60
         2         3        27        59        60
         2         3        35        59        60
         2         3        35        36        60
         2         4        28        29        61
         2         4         5        29        61
         2         4         5        37        61
         2         4        28        60        61
         2         4        36        60        61
         2         4        36        37        61
         2         5        29        30        62
         2         5         6        30        62
         2         5         6        38        62
         2         5        29        61        62
         2         5        37        61        62
         2         5        37        38        62
         2         6        30        31        63
         2         6         7        31        63
         2         6         7        39        63
         2         6        30        62        63
         2         6        38        62        63
         2         6        38        39        63
         2         7        31        32        64
         2         7         8        32        64
         2         7         8        40        64
         2         7        31        63        64
         2         7        39        63        64
         2         7        39        40        64
         2         8        25        32        57
         2         1         8        25        57
         2         1         8        33        57
         2         8        32        57        64
         2         8        40        57        64
         2         8        33        40        57
         2        33        34        41        63
         2        34        41        42        63
         2        41        42        55        63
         2        33        41        63        64
         2        41        56        63        64
         2        41        55        56        63
         2        34        35        42        62
         2        35        42        43        62
         2        42        43        54        62
         2        34        42        62        63
         2        42        55        62        63
         2        42        54        55        62
         2        35        36        43        61
         2        36        43        44        61
         2        43        44        53        61
         2        35        43        61        62
         2        43        54        61        62
         2        43        53        54        61
         2        36        37        44        60
         2        37        44        45        60
         2        44        45        52        60
         2        36        44        60        61
         2        44        53        60        61
         2        44        52        53        60
         2        37        38        45        59
         2        38        45        46        59
         2        45        46        51        59
         2        37        45        59        60
         2        45        52        59        60
         2        45        51        52        59
         2        38        39        46        58
         2        39        46        47        58
         2        46        47        50        58
         2        38        46        58        59
         2        46        51        58        59
         2        46        50        51        58
         2        39        40        47        57
         2        40        47        48        57
         2        47        48        49        57
         2        39        47        57        58
         2        47        50        57        58
         2        47        49        50        57
         2        33        40        48        64
         2        33        41        48        64
         2        41        48        56        64
         2        40        48        57        64
         2        48        49        57        64
         2        48        49        56        64
         2        41        42        49        55
         2        42        49        50        55
         2        47        49        50        55
         2        41        49        55        56
         2        48        49        55        56
         2        47        48        49        55
         2        42        43        50        54
         2        43        50        51        54
         2        46        50        51        54
         2        42        50        54        55
         2        47        50        54        55
         2        46        47        50        54
         2        43        44        51        53
         2        44        51        52        53
         2        45        51        52        53
         2        43        51        53        54
         2        46        51        53        54
         2        45        46        51        53
         2        44        45        52        52
         2        45        52        52        53
         2        44        52        52        53
         2        41        48        56        56
         2        41        49        56        56
         2        48        49        56        56
         2        33        39        57        58
         2        33        34        39        58
         2        33        34        39        63
         2        33        39        40        57
         2        33        39        40        64
         2        33        39        63        64
         2        34        38        58        59
         2        34        35        38        59
         2        34        35        38        62
         2        34        38        39        58
         2        34        38        39        63
         2        34        38        62        63
         2        35        37        59        60
         2        35        36        37        60
         2        35        36        37        61
         2        35        37        38        59
         2        35        37        38        62
         2        35        37        61        62
         2        36        36        60        61
         2        36        36        37        61
         2        36        36        37        60
         2        40        40        57        64
         2        33        40        40        57
         2        33        40        40        64
         2         2        24        31        32
         2         2        23        24        31
         2         2        10        23        24
         2         1         2        24        32
         2         1         2         9        24
         2         2         9        10        24
         2         3        23        30        31
         2         3        22        23        30
         2         3        11        22        23
         2         2         3        23        31
         2         2         3        10        23
         2         3        10        11        23
         2         4        22        29        30
         2         4        21        22        29
         2         4        12        21        22
         2         3         4        22        30
         2         3         4        11        22
         2         4        11        12        22
         2         5        21        28        29
         2         5        20        21        28
         2         5        13        20        21
         2         4         5        21        29
         2         4         5        12        21
         2         5        12        13        21
         2         6        20        27        28
         2         6        19        20        27
         2         6        14        19        20
         2         5         6        20        28
         2         5         6        13        20
         2         6        13        14        20
         2         7        19        26        27
         2         7        18        19        26
         2         7        15        18        19
         2         6         7        19        27
         2         6         7        14        19
         2         7        14        15        19
         2         8        18        25        26
         2         8        17        18        25
         2         8        16        17        18
         2         7         8        18        26
         2         7         8        15        18
         2         8        15        16        18
         2         1        17        25        32
         2         1        17        24        32
         2         1         9        17        24
         2         1         8        17        25
         2         1         8        16        17
         2         1         9        16        17
         2        10        16        23        24
         2        10        15        16        23
         2        10        15        16        18
         2         9        10        16        24
         2         9        10        16        17
         2        10        16        17        18
         2        11        15        22        23
         2        11        14        15        22
         2        11        14        15        19
         2        10        11        15        23
         2        10        11        15        18
         2        11        15        18        19
         2        12        14        21        22
         2        12        13        14        21
         2        12        13        14        20
         2        11        12        14        22
         2        11        12        14        19
         2        12        14        19        20
         2        13        13        20        21
         2        12        13        13        20
         2        12        13        13        21
         2         9         9        17        24
         2         9         9        16        24
         2         9         9        16        17
         2         7         8        26        32
         2         7        26        31        32
         2         2        26        31        32
         2         8        25        26        32
         2         1        25        26        32
         2         1         2        26        32
         2         6         7        27        31
         2         6        27        30        31
         2         3        27        30        31
         2         7        26        27        31
         2         2        26        27        31
         2         2         3        27        31
         2         5         6        28        30
         2         5        28        29        30
         2         4        28        29        30
         2         6        27        28        30
         2         3        27        28        30
         2         3         4        28        30
         2         4         5        29        29
         2         4        28        29        29
         2         5        28        29        29
         2         1         8        25        25
         2         8        25        25        32
         2         1        25        25        32
