Automatically generated mesh
      14
Reciprocal lattice
    0.00000000000000    0.00000000000000    0.00000000000000             1
    0.33333333333333    0.00000000000000    0.00000000000000             2
    0.00000000000000    0.33333333333333    0.00000000000000             2
    0.33333333333333    0.33333333333333    0.00000000000000             2
   -0.33333333333333    0.33333333333333    0.00000000000000             2
    0.00000000000000    0.00000000000000    0.33333333333333             2
    0.33333333333333    0.00000000000000    0.33333333333333             2
   -0.33333333333333    0.00000000000000    0.33333333333333             2
    0.00000000000000    0.33333333333333    0.33333333333333             2
    0.33333333333333    0.33333333333333    0.33333333333333             2
   -0.33333333333333    0.33333333333333    0.33333333333333             2
    0.00000000000000   -0.33333333333333    0.33333333333333             2
    0.33333333333333   -0.33333333333333    0.33333333333333             2
   -0.33333333333333   -0.33333333333333    0.33333333333333             2
Tetrahedra
        78    0.00617283950617
         2         1         2         4         6
         2         1         3         4         6
         2         3         4         6         9
         2         2         4         6         7
         2         4         6         7        10
         2         4         6         9        10
         2         2         2         5         7
         2         2         4         5         7
         2         4         5         7        10
         2         2         5         7         8
         2         5         7         8        11
         2         5         7        10        11
         2         1         2         3         8
         2         2         3         5         8
         2         3         5         8        11
         2         1         3         6         8
         2         3         6         8         9
         2         3         8         9        11
         2         3         4         5         9
         2         3         3         5         9
         2         3         5         9        12
         2         4         5         9        10
         2         5         9        10        13
         2         5         9        12        13
         4         4         4         5        10
         2         4         5        10        13
         2         4         5        10        11
         2         4        10        11        14
         2         4        10        13        14
         2         3         3         5        11
         2         3         4         5        11
         2         3         4        11        14
         2         3         3         9        11
         2         3         9        11        12
         2         3        11        12        14
         2         2         3         5        12
         2         1         2         3        12
         2         1         2         6        12
         2         2         5        12        13
         2         2         7        12        13
         2         2         6         7        12
         2         2         4         5        13
         2         2         2         5        13
         2         2         2         7        13
         2         2         4        13        14
         2         2         8        13        14
         2         2         7         8        13
         2         1         3         4        14
         2         1         2         4        14
         2         1         2         8        14
         2         1         3        12        14
         2         1         6        12        14
         2         1         6         8        14
         2         6         6         7        10
         2         6         6         9        10
         2         6         9        10        12
         2         6         7         8        10
         2         6         8        10        14
         2         6        10        12        14
         4         7         8         8        11
         2         7         8        10        11
         2         8        10        11        14
         2         7         8        11        13
         2         8        11        13        14
         2         6         7         8         9
         2         7         8         9        11
         2         7         9        11        13
         2         6         6         7         9
         2         6         7         9        12
         2         7         9        12        13
         2         9        10        12        13
         4         9        12        12        13
         2        10        12        13        14
         2        11        12        13        14
         2         9        11        12        13
         2        10        11        14        14
         2        10        13        14        14
         2        11        13        14        14
