Automatically generated mesh
      31
Reciprocal lattice
    0.00000000000000    0.00000000000000    0.00000000000000             1
    0.20000000000000    0.00000000000000    0.00000000000000             2
    0.40000000000000    0.00000000000000    0.00000000000000             2
    0.00000000000000    0.25000000000000    0.00000000000000             2
    0.20000000000000    0.25000000000000    0.00000000000000             2
    0.40000000000000    0.25000000000000    0.00000000000000             2
   -0.40000000000000    0.25000000000000    0.00000000000000             2
   -0.20000000000000    0.25000000000000    0.00000000000000             2
    0.00000000000000    0.50000000000000    0.00000000000000             1
    0.20000000000000    0.50000000000000    0.00000000000000             2
    0.40000000000000    0.50000000000000    0.00000000000000             2
    0.00000000000000    0.00000000000000    0.33333333333333             2
    0.20000000000000    0.00000000000000    0.33333333333333             2
    0.40000000000000    0.00000000000000    0.33333333333333             2
   -0.40000000000000    0.00000000000000    0.33333333333333             2
   -0.20000000000000    0.00000000000000    0.33333333333333             2
    0.00000000000000    0.25000000000000    0.33333333333333             2
    0.20000000000000    0.25000000000000    0.33333333333333             2
    0.40000000000000    0.25000000000000    0.33333333333333             2
   -0.40000000000000    0.25000000000000    0.33333333333333             2
   -0.20000000000000    0.25000000000000    0.33333333333333             2
    0.00000000000000    0.50000000000000    0.33333333333333             2
    0.20000000000000    0.50000000000000    0.33333333333333             2
    0.40000000000000    0.50000000000000    0.33333333333333             2
   -0.40000000000000    0.50000000000000    0.33333333333333             2
   -0.20000000000000    0.50000000000000    0.33333333333333             2
    0.00000000000000   -0.25000000000000    0.33333333333333             2
    0.20000000000000   -0.25000000000000    0.33333333333333             2
    0.40000000000000   -0.25000000000000    0.33333333333333             2
   -0.40000000000000   -0.25000000000000    0.33333333333333             2
   -0.20000000000000   -0.25000000000000    0.33333333333333             2
Tetrahedra
       178    0.00277777777778
         2         2         4         5        17
         2         1         2         4        17
         2         1         2        12        17
         2         2         5        17        18
         2         2        13        17        18
         2         2        12        13        17
         2         3         5         6        18
         2         2         3         5        18
         2         2         3        13        18
         2         3         6        18        19
         2         3        14        18        19
         2         3        13        14        18
         2         3         6         7        19
         2         3         3         6        19
         2         3         3        14        19
         2         3         7        19        20
         2         3        15        19        20
         2         3        14        15        19
         2         2         7         8        20
         2         2         3         7        20
         2         2         3        15        20
         2         2         8        20        21
         2         2        16        20        21
         2         2        15        16        20
         2         1         4         8        21
         2         1         2         8        21
         2         1         2        16        21
         2         1         4        17        21
         2         1        12        17        21
         2         1        12        16        21
         2         5         9        10        22
         2         4         5         9        22
         2         4         5        17        22
         2         5        10        22        23
         2         5        18        22        23
         2         5        17        18        22
         2         6        10        11        23
         2         5         6        10        23
         2         5         6        18        23
         2         6        11        23        24
         2         6        19        23        24
         2         6        18        19        23
         2         7        11        11        24
         2         6         7        11        24
         2         6         7        19        24
         2         7        11        24        25
         2         7        20        24        25
         2         7        19        20        24
         2         8        10        11        25
         2         7         8        11        25
         2         7         8        20        25
         2         8        10        25        26
         2         8        21        25        26
         2         8        20        21        25
         2         4         9        10        26
         2         4         8        10        26
         2         4         8        21        26
         2         4         9        22        26
         2         4        17        22        26
         2         4        17        21        26
         2         4         8        10        27
         2         4         9        10        27
         2         9        10        22        27
         2         8        10        27        28
         2        10        23        27        28
         2        10        22        23        27
         2         7         8        11        28
         2         8        10        11        28
         2        10        11        23        28
         2         7        11        28        29
         2        11        24        28        29
         2        11        23        24        28
         2         6         7        11        29
         2         7        11        11        29
         2        11        11        24        29
         2         6        11        29        30
         2        11        25        29        30
         2        11        24        25        29
         2         5         6        10        30
         2         6        10        11        30
         2        10        11        25        30
         2         5        10        30        31
         2        10        26        30        31
         2        10        25        26        30
         2         4         5         9        31
         2         5         9        10        31
         2         9        10        26        31
         2         4         9        27        31
         2         9        22        27        31
         2         9        22        26        31
         2         1         2         8        12
         2         1         4         8        12
         2         4         8        12        27
         2         2         8        12        13
         2         8        12        13        28
         2         8        12        27        28
         2         2         3         7        13
         2         2         7         8        13
         2         7         8        13        28
         2         3         7        13        14
         2         7        13        14        29
         2         7        13        28        29
         2         3         3         6        14
         2         3         6         7        14
         2         6         7        14        29
         2         3         6        14        15
         2         6        14        15        30
         2         6        14        29        30
         2         2         3         5        15
         2         3         5         6        15
         2         5         6        15        30
         2         2         5        15        16
         2         5        15        16        31
         2         5        15        30        31
         2         1         2         4        16
         2         2         4         5        16
         2         4         5        16        31
         2         1         4        12        16
         2         4        12        16        27
         2         4        16        27        31
         2        13        17        18        27
         2        12        13        17        27
         2        12        12        13        27
         2        13        18        27        31
         2        13        16        27        31
         2        12        13        16        27
         2        14        18        19        31
         2        13        14        18        31
         2        13        14        16        31
         2        14        19        30        31
         2        14        15        30        31
         2        14        15        16        31
         2        15        19        20        30
         2        14        15        19        30
         4        14        15        15        30
         2        15        20        29        30
         2        14        15        29        30
         2        16        20        21        29
         2        15        16        20        29
         2        14        15        16        29
         2        16        21        28        29
         2        13        16        28        29
         2        13        14        16        29
         2        12        17        21        28
         2        12        16        21        28
         2        12        13        16        28
         2        12        17        27        28
         2        12        12        27        28
         2        12        12        13        28
         2        18        22        22        23
         2        17        18        22        22
         2        17        18        22        27
         2        18        22        23        26
         2        18        22        26        31
         2        18        22        27        31
         2        19        23        24        26
         2        18        19        23        26
         2        18        19        26        31
         2        19        24        25        26
         2        19        25        26        30
         2        19        26        30        31
         4        20        24        25        25
         2        19        20        24        25
         2        19        20        25        30
         2        20        24        25        29
         2        20        25        29        30
         2        21        24        25        26
         2        20        21        24        25
         2        20        21        24        29
         2        21        23        24        26
         2        21        23        24        28
         2        21        24        28        29
         2        17        22        23        26
         2        17        21        23        26
         2        17        21        23        28
         2        17        22        22        23
         2        17        22        23        27
         2        17        23        27        28
