Automatically generated mesh
      71
Reciprocal lattice
    0.00000000000000    0.00000000000000    0.00000000000000             1
    0.14285714285714    0.00000000000000    0.00000000000000             2
    0.28571428571429    0.00000000000000    0.00000000000000             2
    0.42857142857143    0.00000000000000    0.00000000000000             2
    0.00000000000000    0.20000000000000    0.00000000000000             2
    0.14285714285714    0.20000000000000    0.00000000000000             2
    0.28571428571429    0.20000000000000    0.00000000000000             2
    0.42857142857143    0.20000000000000    0.00000000000000             2
   -0.42857142857143    0.20000000000000    0.00000000000000             2
   -0.28571428571429    0.20000000000000    0.00000000000000             2
   -0.14285714285714    0.20000000000000    0.00000000000000             2
    0.00000000000000    0.40000000000000    0.00000000000000             2
    0.14285714285714    0.40000000000000    0.00000000000000             2
    0.28571428571429    0.40000000000000    0.00000000000000             2
    0.42857142857143    0.40000000000000    0.00000000000000             2
   -0.42857142857143    0.40000000000000    0.00000000000000             2
   -0.28571428571429    0.40000000000000    0.00000000000000             2
   -0.14285714285714    0.40000000000000    0.00000000000000             2
    0.00000000000000    0.00000000000000    0.25000000000000             2
    0.14285714285714    0.00000000000000    0.25000000000000             2
    0.28571428571429    0.00000000000000    0.25000000000000             2
    0.42857142857143    0.00000000000000    0.25000000000000             2
   -0.42857142857143    0.00000000000000    0.25000000000000             2
   -0.28571428571429    0.00000000000000    0.25000000000000             2
   -0.14285714285714    0.00000000000000    0.25000000000000             2
    0.00000000000000    0.20000000000000    0.25000000000000             2
    0.14285714285714    0.20000000000000    0.25000000000000             2
    0.28571428571429    0.20000000000000    0.25000000000000             2
    0.42857142857143    0.20000000000000    0.25000000000000             2
   -0.42857142857143    0.20000000000000    0.25000000000000             2
   -0.28571428571429    0.20000000000000    0.25000000000000             2
   -0.14285714285714    0.20000000000000    0.25000000000000             2
    0.00000000000000    0.40000000000000    0.25000000000000             2
    0.14285714285714    0.40000000000000    0.25000000000000             2
    0.28571428571429    0.40000000000000    0.25000000000000             2
    0.42857142857143    0.40000000000000    0.25000000000000             2
   -0.42857142857143    0.40000000000000    0.25000000000000             2
   -0.28571428571429    0.40000000000000    0.25000000000000             2
   -0.14285714285714    0.40000000000000    0.25000000000000             2
    0.00000000000000   -0.40000000000000    0.25000000000000             2
    0.14285714285714   -0.40000000000000    0.25000000000000             2
    0.28571428571429   -0.40000000000000    0.25000000000000             2
    0.42857142857143   -0.40000000000000    0.25000000000000             2
   -0.42857142857143   -0.40000000000000    0.25000000000000             2
   -0.28571428571429   -0.40000000000000    0.25000000000000             2
   -0.14285714285714   -0.40000000000000    0.25000000000000             2
    0.00000000000000   -0.20000000000000    0.25000000000000             2
    0.14285714285714   -0.20000000000000    0.25000000000000             2
    0.28571428571429   -0.20000000000000    0.25000000000000             2
    0.42857142857143   -0.20000000000000    0.25000000000000             2
   -0.42857142857143   -0.20000000000000    0.25000000000000             2
   -0.28571428571429   -0.20000000000000    0.25000000000000             2
   -0.14285714285714   -0.20000000000000    0.25000000000000             2
    0.00000000000000    0.00000000000000    0.50000000000000             1
    0.14285714285714    0.00000000000000    0.50000000000000             2
    0.28571428571429    0.00000000000000    0.50000000000000             2
    0.42857142857143    0.00000000000000    0.50000000000000             2
    0.00000000000000    0.20000000000000    0.50000000000000             2
    0.14285714285714    0.20000000000000    0.50000000000000             2
    0.28571428571429    0.20000000000000    0.50000000000000             2
    0.42857142857143    0.20000000000000    0.50000000000000             2
   -0.42857142857143    0.20000000000000    0.50000000000000             2
   -0.28571428571429    0.20000000000000    0.50000000000000             2
   -0.14285714285714    0.20000000000000    0.50000000000000             2
    0.00000000000000    0.40000000000000    0.50000000000000             2
    0.14285714285714    0.40000000000000    0.50000000000000             2
    0.28571428571429    0.40000000000000    0.50000000000000             2
    0.42857142857143    0.40000000000000    0.50000000000000             2
   -0.42857142857143    0.40000000000000    0.50000000000000             2
   -0.28571428571429    0.40000000000000    0.50000000000000             2
   -0.14285714285714    0.40000000000000    0.50000000000000             2
Tetrahedra
       418    0.00119047619048
         2         1         5         6        27
         2         1         2         6        27
         2         1         2        20        27
         2         1         5        26        27
         2         1        19        26        27
         2         1        19        20        27
         2         2         6         7        28
         2         2         3         7        28
         2         2         3        21        28
         2         2         6        27        28
         2         2        20        27        28
         2         2        20        21        28
         2         3         7         8        29
         2         3         4         8        29
         2         3         4        22        29
         2         3         7        28        29
         2         3        21        28        29
         2         3        21        22        29
         2         4         8         9        30
         2         4         4         9        30
         2         4         4        23        30
         2         4         8        29        30
         2         4        22        29        30
         2         4        22        23        30
         2         4         9        10        31
         2         3         4        10        31
         2         3         4        24        31
         2         4         9        30        31
         2         4        23        30        31
         2         4        23        24        31
         2         3        10        11        32
         2         2         3        11        32
         2         2         3        25        32
         2         3        10        31        32
         2         3        24        31        32
         2         3        24        25        32
         2         2         5        11        26
         2         1         2         5        26
         2         1         2        19        26
         2         2        11        26        32
         2         2        25        26        32
         2         2        19        25        26
         2         5        12        13        34
         2         5         6        13        34
         2         5         6        27        34
         2         5        12        33        34
         2         5        26        33        34
         2         5        26        27        34
         2         6        13        14        35
         2         6         7        14        35
         2         6         7        28        35
         2         6        13        34        35
         2         6        27        34        35
         2         6        27        28        35
         2         7        14        15        36
         2         7         8        15        36
         2         7         8        29        36
         2         7        14        35        36
         2         7        28        35        36
         2         7        28        29        36
         2         8        15        16        37
         2         8         9        16        37
         2         8         9        30        37
         2         8        15        36        37
         2         8        29        36        37
         2         8        29        30        37
         2         9        16        17        38
         2         9        10        17        38
         2         9        10        31        38
         2         9        16        37        38
         2         9        30        37        38
         2         9        30        31        38
         2        10        17        18        39
         2        10        11        18        39
         2        10        11        32        39
         2        10        17        38        39
         2        10        31        38        39
         2        10        31        32        39
         2        11        12        18        33
         2         5        11        12        33
         2         5        11        26        33
         2        11        18        33        39
         2        11        32        33        39
         2        11        26        32        33
         2        12        12        18        41
         2        12        13        18        41
         2        12        13        34        41
         2        12        12        40        41
         2        12        33        40        41
         2        12        33        34        41
         2        13        17        18        42
         2        13        14        17        42
         2        13        14        35        42
         2        13        18        41        42
         2        13        34        41        42
         2        13        34        35        42
         2        14        16        17        43
         2        14        15        16        43
         2        14        15        36        43
         2        14        17        42        43
         2        14        35        42        43
         2        14        35        36        43
         4        15        15        16        44
         2        15        16        37        44
         2        15        16        43        44
         2        15        36        43        44
         2        15        36        37        44
         2        14        15        16        45
         2        14        16        17        45
         2        16        17        38        45
         2        15        16        44        45
         2        16        37        44        45
         2        16        37        38        45
         2        13        14        17        46
         2        13        17        18        46
         2        17        18        39        46
         2        14        17        45        46
         2        17        38        45        46
         2        17        38        39        46
         2        12        13        18        40
         2        12        12        18        40
         2        12        18        33        40
         2        13        18        40        46
         2        18        39        40        46
         2        18        33        39        40
         2         5        11        12        48
         2        11        12        18        48
         2        12        18        41        48
         2         5        12        47        48
         2        12        40        47        48
         2        12        40        41        48
         2        10        11        18        49
         2        10        17        18        49
         2        17        18        42        49
         2        11        18        48        49
         2        18        41        48        49
         2        18        41        42        49
         2         9        10        17        50
         2         9        16        17        50
         2        16        17        43        50
         2        10        17        49        50
         2        17        42        49        50
         2        17        42        43        50
         2         8         9        16        51
         2         8        15        16        51
         2        15        16        44        51
         2         9        16        50        51
         2        16        43        50        51
         2        16        43        44        51
         2         7         8        15        52
         2         7        14        15        52
         2        14        15        45        52
         2         8        15        51        52
         2        15        44        51        52
         2        15        44        45        52
         2         6         7        14        53
         2         6        13        14        53
         2        13        14        46        53
         2         7        14        52        53
         2        14        45        52        53
         2        14        45        46        53
         2         5         6        13        47
         2         5        12        13        47
         2        12        13        40        47
         2         6        13        47        53
         2        13        46        47        53
         2        13        40        46        47
         2         1         2         5        20
         2         2         5        11        20
         2         5        11        20        48
         2         1         5        19        20
         2         5        19        20        47
         2         5        20        47        48
         2         2         3        11        21
         2         3        10        11        21
         2        10        11        21        49
         2         2        11        20        21
         2        11        20        21        48
         2        11        21        48        49
         2         3         4        10        22
         2         4         9        10        22
         2         9        10        22        50
         2         3        10        21        22
         2        10        21        22        49
         2        10        22        49        50
         2         4         4         9        23
         2         4         8         9        23
         2         8         9        23        51
         2         4         9        22        23
         2         9        22        23        50
         2         9        23        50        51
         2         3         4         8        24
         2         3         7         8        24
         2         7         8        24        52
         2         4         8        23        24
         2         8        23        24        51
         2         8        24        51        52
         2         2         3         7        25
         2         2         6         7        25
         2         6         7        25        53
         2         3         7        24        25
         2         7        24        25        52
         2         7        25        52        53
         2         1         2         6        19
         2         1         5         6        19
         2         5         6        19        47
         2         2         6        19        25
         2         6        19        25        53
         2         6        19        47        53
         2        19        26        27        59
         2        19        20        27        59
         2        19        20        55        59
         2        19        26        58        59
         2        19        54        58        59
         2        19        54        55        59
         2        20        27        28        60
         2        20        21        28        60
         2        20        21        56        60
         2        20        27        59        60
         2        20        55        59        60
         2        20        55        56        60
         2        21        28        29        61
         2        21        22        29        61
         2        21        22        57        61
         2        21        28        60        61
         2        21        56        60        61
         2        21        56        57        61
         2        22        29        30        62
         2        22        23        30        62
         2        22        23        57        62
         2        22        29        61        62
         2        22        57        61        62
         2        22        57        57        62
         2        23        30        31        63
         2        23        24        31        63
         2        23        24        56        63
         2        23        30        62        63
         2        23        57        62        63
         2        23        56        57        63
         2        24        31        32        64
         2        24        25        32        64
         2        24        25        55        64
         2        24        31        63        64
         2        24        56        63        64
         2        24        55        56        64
         2        25        26        32        58
         2        19        25        26        58
         2        19        25        54        58
         2        25        32        58        64
         2        25        55        58        64
         2        25        54        55        58
         2        26        33        34        66
         2        26        27        34        66
         2        26        27        59        66
         2        26        33        65        66
         2        26        58        65        66
         2        26        58        59        66
         2        27        34        35        67
         2        27        28        35        67
         2        27        28        60        67
         2        27        34        66        67
         2        27        59        66        67
         2        27        59        60        67
         2        28        35        36        68
         2        28        29        36        68
         2        28        29        61        68
         2        28        35        67        68
         2        28        60        67        68
         2        28        60        61        68
         2        29        36        37        69
         2        29        30        37        69
         2        29        30        62        69
         2        29        36        68        69
         2        29        61        68        69
         2        29        61        62        69
         2        30        37        38        70
         2        30        31        38        70
         2        30        31        63        70
         2        30        37        69        70
         2        30        62        69        70
         2        30        62        63        70
         2        31        38        39        71
         2        31        32        39        71
         2        31        32        64        71
         2        31        38        70        71
         2        31        63        70        71
         2        31        63        64        71
         2        32        33        39        65
         2        26        32        33        65
         2        26        32        58        65
         2        32        39        65        71
         2        32        64        65        71
         2        32        58        64        65
         2        33        40        41        71
         2        33        34        41        71
         2        33        34        66        71
         2        33        40        65        71
         2        33        65        65        71
         2        33        65        66        71
         2        34        41        42        70
         2        34        35        42        70
         2        34        35        67        70
         2        34        41        70        71
         2        34        66        70        71
         2        34        66        67        70
         2        35        42        43        69
         2        35        36        43        69
         2        35        36        68        69
         2        35        42        69        70
         2        35        67        69        70
         2        35        67        68        69
         2        36        43        44        68
         2        36        37        44        68
         2        36        37        68        69
         2        36        43        68        69
         4        36        68        68        69
         2        37        44        45        67
         2        37        38        45        67
         2        37        38        67        70
         2        37        44        67        68
         2        37        67        68        69
         2        37        67        69        70
         2        38        45        46        66
         2        38        39        46        66
         2        38        39        66        71
         2        38        45        66        67
         2        38        66        67        70
         2        38        66        70        71
         2        39        40        46        65
         2        33        39        40        65
         2        33        39        65        65
         2        39        46        65        66
         2        39        65        66        71
         2        39        65        65        71
         2        40        47        48        64
         2        40        41        48        64
         2        40        41        64        71
         2        40        47        58        64
         2        40        58        64        65
         2        40        64        65        71
         2        41        48        49        63
         2        41        42        49        63
         2        41        42        63        70
         2        41        48        63        64
         2        41        63        64        71
         2        41        63        70        71
         2        42        49        50        62
         2        42        43        50        62
         2        42        43        62        69
         2        42        49        62        63
         2        42        62        63        70
         2        42        62        69        70
         2        43        50        51        61
         2        43        44        51        61
         2        43        44        61        68
         2        43        50        61        62
         2        43        61        62        69
         2        43        61        68        69
         2        44        51        52        60
         2        44        45        52        60
         2        44        45        60        67
         2        44        51        60        61
         2        44        60        61        68
         2        44        60        67        68
         2        45        52        53        59
         2        45        46        53        59
         2        45        46        59        66
         2        45        52        59        60
         2        45        59        60        67
         2        45        59        66        67
         2        46        47        53        58
         2        40        46        47        58
         2        40        46        58        65
         2        46        53        58        59
         2        46        58        59        66
         2        46        58        65        66
         2        19        20        47        55
         2        20        47        48        55
         2        47        48        55        64
         2        19        47        54        55
         2        47        54        55        58
         2        47        55        58        64
         2        20        21        48        56
         2        21        48        49        56
         2        48        49        56        63
         2        20        48        55        56
         2        48        55        56        64
         2        48        56        63        64
         2        21        22        49        57
         2        22        49        50        57
         2        49        50        57        62
         2        21        49        56        57
         2        49        56        57        63
         2        49        57        62        63
         2        22        23        50        57
         2        23        50        51        57
         2        50        51        57        61
         2        22        50        57        57
         2        50        57        57        62
         2        50        57        61        62
         2        23        24        51        56
         2        24        51        52        56
         2        51        52        56        60
         2        23        51        56        57
         2        51        56        57        61
         2        51        56        60        61
         2        24        25        52        55
         2        25        52        53        55
         2        52        53        55        59
         2        24        52        55        56
         2        52        55        56        60
         2        52        55        59        60
         2        19        25        53        54
         2        19        47        53        54
         2        47        53        54        58
         2        25        53        54        55
         2        53        54        55        59
         2        53        54        58        59
