Automatically generated mesh
     309
Reciprocal lattice
    0.00000000000000    0.00000000000000    0.00000000000000             1
    0.09090909090909    0.00000000000000    0.00000000000000             2
    0.18181818181818    0.00000000000000    0.00000000000000             2
    0.27272727272727    0.00000000000000    0.00000000000000             2
    0.36363636363636    0.00000000000000    0.00000000000000             2
    0.45454545454545    0.00000000000000    0.00000000000000             2
    0.00000000000000    0.12500000000000    0.00000000000000             2
    0.09090909090909    0.12500000000000    0.00000000000000             2
    0.18181818181818    0.12500000000000    0.00000000000000             2
    0.27272727272727    0.12500000000000    0.00000000000000             2
    0.36363636363636    0.12500000000000    0.00000000000000             2
    0.45454545454545    0.12500000000000    0.00000000000000             2
   -0.45454545454545    0.12500000000000    0.00000000000000             2
   -0.36363636363636    0.12500000000000    0.00000000000000             2
   -0.27272727272727    0.12500000000000    0.00000000000000             2
   -0.18181818181818    0.12500000000000    0.00000000000000             2
   -0.09090909090909    0.12500000000000    0.00000000000000             2
    0.00000000000000    0.25000000000000    0.00000000000000             2
    0.09090909090909    0.25000000000000    0.00000000000000             2
    0.18181818181818    0.25000000000000    0.00000000000000             2
    0.27272727272727    0.25000000000000    0.00000000000000             2
    0.36363636363636    0.25000000000000    0.00000000000000             2
    0.45454545454545    0.25000000000000    0.00000000000000             2
   -0.45454545454545    0.25000000000000    0.00000000000000             2
   -0.36363636363636    0.25000000000000    0.00000000000000             2
   -0.27272727272727    0.25000000000000    0.00000000000000             2
   -0.18181818181818    0.25000000000000    0.00000000000000             2
   -0.09090909090909    0.25000000000000    0.00000000000000             2
    0.00000000000000    0.37500000000000    0.00000000000000             2
    0.09090909090909    0.37500000000000    0.00000000000000             2
    0.18181818181818    0.37500000000000    0.00000000000000             2
    0.27272727272727    0.37500000000000    0.00000000000000             2
    0.36363636363636    0.37500000000000    0.00000000000000             2
    0.45454545454545    0.37500000000000    0.00000000000000             2
   -0.45454545454545    0.37500000000000    0.00000000000000             2
   -0.36363636363636    0.37500000000000    0.00000000000000             2
   -0.27272727272727    0.37500000000000    0.00000000000000             2
   -0.18181818181818    0.37500000000000    0.00000000000000             2
   -0.09090909090909    0.37500000000000    0.00000000000000             2
    0.00000000000000    0.50000000000000    0.00000000000000             1
    0.09090909090909    0.50000000000000    0.00000000000000             2
    0.18181818181818    0.50000000000000    0.00000000000000             2
    0.27272727272727    0.50000000000000    0.00000000000000             2
    0.36363636363636    0.50000000000000    0.00000000000000             2
    0.45454545454545    0.50000000000000    0.00000000000000             2
    0.00000000000000    0.00000000000000    0.14285714285714             2
    0.09090909090909    0.00000000000000    0.14285714285714             2
    0.18181818181818    0.00000000000000    0.14285714285714             2
    0.27272727272727    0.00000000000000    0.14285714285714             2
    0.36363636363636    0.00000000000000    0.14285714285714             2
    0.45454545454545    0.00000000000000    0.14285714285714             2
   -0.45454545454545    0.00000000000000    0.14285714285714             2
   -0.36363636363636    0.00000000000000    0.14285714285714             2
   -0.27272727272727    0.00000000000000    0.14285714285714             2
   -0.18181818181818    0.00000000000000    0.14285714285714             2
   -0.09090909090909    0.00000000000000    0.14285714285714             2
    0.00000000000000    0.12500000000000    0.14285714285714             2
    0.09090909090909    0.12500000000000    0.14285714285714             2
    0.18181818181818    0.12500000000000    0.14285714285714             2
    0.27272727272727    0.12500000000000    0.14285714285714             2
    0.36363636363636    0.12500000000000    0.14285714285714             2
    0.45454545454545    0.12500000000000    0.14285714285714             2
   -0.45454545454545    0.12500000000000    0.14285714285714             2
   -0.36363636363636    0.12500000000000    0.14285714285714             2
   -0.27272727272727    0.12500000000000    0.14285714285714             2
   -0.18181818181818    0.12500000000000    0.14285714285714             2
   -0.09090909090909    0.12500000000000    0.14285714285714             2
    0.00000000000000    0.25000000000000    0.14285714285714             2
    0.09090909090909    0.25000000000000    0.14285714285714             2
    0.18181818181818    0.25000000000000    0.14285714285714             2
    0.27272727272727    0.25000000000000    0.14285714285714             2
    0.36363636363636    0.25000000000000    0.14285714285714             2
    0.45454545454545    0.25000000000000    0.14285714285714             2
   -0.45454545454545    0.25000000000000    0.14285714285714             2
   -0.36363636363636    0.25000000000000    0.14285714285714             2
   -0.27272727272727    0.25000000000000    0.14285714285714             2
   -0.18181818181818    0.25000000000000    0.14285714285714             2
   -0.09090909090909    0.25000000000000    0.14285714285714             2
    0.00000000000000    0.37500000000000    0.14285714285714             2
    0.09090909090909    0.37500000000000    0.14285714285714             2
    0.18181818181818    0.37500000000000    0.14285714285714             2
    0.27272727272727    0.37500000000000    0.14285714285714             2
    0.36363636363636    0.37500000000000    0.14285714285714             2
    0.45454545454545    0.37500000000000    0.14285714285714             2
   -0.45454545454545    0.37500000000000    0.14285714285714             2
   -0.36363636363636    0.37500000000000    0.14285714285714             2
   -0.27272727272727    0.37500000000000    0.14285714285714             2
   -0.18181818181818    0.37500000000000    0.14285714285714             2
   -0.09090909090909    0.37500000000000    0.14285714285714             2
    0.00000000000000    0.50000000000000    0.14285714285714             2
    0.09090909090909    0.50000000000000    0.14285714285714             2
    0.18181818181818    0.50000000000000    0.14285714285714             2
    0.27272727272727    0.50000000000000    0.14285714285714             2
    0.36363636363636    0.50000000000000    0.14285714285714             2
    0.45454545454545    0.50000000000000    0.14285714285714             2
   -0.45454545454545    0.50000000000000    0.14285714285714             2
   -0.36363636363636    0.50000000000000    0.14285714285714             2
   -0.27272727272727    0.50000000000000    0.14285714285714             2
   -0.18181818181818    0.50000000000000    0.14285714285714             2
   -0.09090909090909    0.50000000000000    0.14285714285714             2
    0.00000000000000   -0.37500000000000    0.14285714285714             2
    0.09090909090909   -0.37500000000000    0.14285714285714             2
    0.18181818181818   -0.37500000000000    0.14285714285714             2
    0.27272727272727   -0.37500000000000    0.14285714285714             2
    0.36363636363636   -0.37500000000000    0.14285714285714             2
    0.45454545454545   -0.37500000000000    0.14285714285714             2
   -0.45454545454545   -0.37500000000000    0.14285714285714             2
   -0.36363636363636   -0.37500000000000    0.14285714285714             2
   -0.27272727272727   -0.37500000000000    0.14285714285714             2
   -0.18181818181818   -0.37500000000000    0.14285714285714             2
   -0.09090909090909   -0.37500000000000    0.14285714285714             2
    0.00000000000000   -0.25000000000000    0.14285714285714             2
    0.09090909090909   -0.25000000000000    0.14285714285714             2
    0.18181818181818   -0.25000000000000    0.14285714285714             2
    0.27272727272727   -0.25000000000000    0.14285714285714             2
    0.36363636363636   -0.25000000000000    0.14285714285714             2
    0.45454545454545   -0.25000000000000    0.14285714285714             2
   -0.45454545454545   -0.25000000000000    0.14285714285714             2
   -0.36363636363636   -0.25000000000000    0.14285714285714             2
   -0.27272727272727   -0.25000000000000    0.14285714285714             2
   -0.18181818181818   -0.25000000000000    0.14285714285714             2
   -0.09090909090909   -0.25000000000000    0.14285714285714             2
    0.00000000000000   -0.12500000000000    0.14285714285714             2
    0.09090909090909   -0.12500000000000    0.14285714285714             2
    0.18181818181818   -0.12500000000000    0.14285714285714             2
    0.27272727272727   -0.12500000000000    0.14285714285714             2
    0.36363636363636   -0.12500000000000    0.14285714285714             2
    0.45454545454545   -0.12500000000000    0.14285714285714             2
   -0.45454545454545   -0.12500000000000    0.14285714285714             2
   -0.36363636363636   -0.12500000000000    0.14285714285714             2
   -0.27272727272727   -0.12500000000000    0.14285714285714             2
   -0.18181818181818   -0.12500000000000    0.14285714285714             2
   -0.09090909090909   -0.12500000000000    0.14285714285714             2
    0.00000000000000    0.00000000000000    0.28571428571429             2
    0.09090909090909    0.00000000000000    0.28571428571429             2
    0.18181818181818    0.00000000000000    0.28571428571429             2
    0.27272727272727    0.00000000000000    0.28571428571429             2
    0.36363636363636    0.00000000000000    0.28571428571429             2
    0.45454545454545    0.00000000000000    0.28571428571429             2
   -0.45454545454545    0.00000000000000    0.28571428571429             2
   -0.36363636363636    0.00000000000000    0.28571428571429             2
   -0.27272727272727    0.00000000000000    0.28571428571429             2
   -0.18181818181818    0.00000000000000    0.28571428571429             2
   -0.09090909090909    0.00000000000000    0.28571428571429             2
    0.00000000000000    0.12500000000000    0.28571428571429             2
    0.09090909090909    0.12500000000000    0.28571428571429             2
    0.18181818181818    0.12500000000000    0.28571428571429             2
    0.27272727272727    0.12500000000000    0.28571428571429             2
    0.36363636363636    0.12500000000000    0.28571428571429             2
    0.45454545454545    0.12500000000000    0.28571428571429             2
   -0.45454545454545    0.12500000000000    0.28571428571429             2
   -0.36363636363636    0.12500000000000    0.28571428571429             2
   -0.27272727272727    0.12500000000000    0.28571428571429             2
   -0.18181818181818    0.12500000000000    0.28571428571429             2
   -0.09090909090909    0.12500000000000    0.28571428571429             2
    0.00000000000000    0.25000000000000    0.28571428571429             2
    0.09090909090909    0.25000000000000    0.28571428571429             2
    0.18181818181818    0.25000000000000    0.28571428571429             2
    0.27272727272727    0.25000000000000    0.28571428571429             2
    0.36363636363636    0.25000000000000    0.28571428571429             2
    0.45454545454545    0.25000000000000    0.28571428571429             2
   -0.45454545454545    0.25000000000000    0.28571428571429             2
   -0.36363636363636    0.25000000000000    0.28571428571429             2
   -0.27272727272727    0.25000000000000    0.28571428571429             2
   -0.18181818181818    0.25000000000000    0.28571428571429             2
   -0.09090909090909    0.25000000000000    0.28571428571429             2
    0.00000000000000    0.37500000000000    0.28571428571429             2
    0.09090909090909    0.37500000000000    0.28571428571429             2
    0.18181818181818    0.37500000000000    0.28571428571429             2
    0.27272727272727    0.37500000000000    0.28571428571429             2
    0.36363636363636    0.37500000000000    0.28571428571429             2
    0.45454545454545    0.37500000000000    0.28571428571429             2
   -0.45454545454545    0.37500000000000    0.28571428571429             2
   -0.36363636363636    0.37500000000000    0.28571428571429             2
   -0.27272727272727    0.37500000000000    0.28571428571429             2
   -0.18181818181818    0.37500000000000    0.28571428571429             2
   -0.09090909090909    0.37500000000000    0.28571428571429             2
    0.00000000000000    0.50000000000000    0.28571428571429             2
    0.09090909090909    0.50000000000000    0.28571428571429             2
    0.18181818181818    0.50000000000000    0.28571428571429             2
    0.27272727272727    0.50000000000000    0.28571428571429             2
    0.36363636363636    0.50000000000000    0.28571428571429             2
    0.45454545454545    0.50000000000000    0.28571428571429             2
   -0.45454545454545    0.50000000000000    0.28571428571429             2
   -0.36363636363636    0.50000000000000    0.28571428571429             2
   -0.27272727272727    0.50000000000000    0.28571428571429             2
   -0.18181818181818    0.50000000000000    0.28571428571429             2
   -0.09090909090909    0.50000000000000    0.28571428571429             2
    0.00000000000000   -0.37500000000000    0.28571428571429             2
    0.09090909090909   -0.37500000000000    0.28571428571429             2
    0.18181818181818   -0.37500000000000    0.28571428571429             2
    0.27272727272727   -0.37500000000000    0.28571428571429             2
    0.36363636363636   -0.37500000000000    0.28571428571429             2
    0.45454545454545   -0.37500000000000    0.28571428571429             2
   -0.45454545454545   -0.37500000000000    0.28571428571429             2
   -0.36363636363636   -0.37500000000000    0.28571428571429             2
   -0.27272727272727   -0.37500000000000    0.28571428571429             2
   -0.18181818181818   -0.37500000000000    0.28571428571429             2
   -0.09090909090909   -0.37500000000000    0.28571428571429             2
    0.00000000000000   -0.25000000000000    0.28571428571429             2
    0.09090909090909   -0.25000000000000    0.28571428571429             2
    0.18181818181818   -0.25000000000000    0.28571428571429             2
    0.27272727272727   -0.25000000000000    0.28571428571429             2
    0.36363636363636   -0.25000000000000    0.28571428571429             2
    0.45454545454545   -0.25000000000000    0.28571428571429             2
   -0.45454545454545   -0.25000000000000    0.28571428571429             2
   -0.36363636363636   -0.25000000000000    0.28571428571429             2
   -0.27272727272727   -0.25000000000000    0.28571428571429             2
   -0.18181818181818   -0.25000000000000    0.28571428571429             2
   -0.09090909090909   -0.25000000000000    0.28571428571429             2
    0.00000000000000   -0.12500000000000    0.28571428571429             2
    0.09090909090909   -0.12500000000000    0.28571428571429             2
    0.18181818181818   -0.12500000000000    0.28571428571429             2
    0.27272727272727   -0.12500000000000    0.28571428571429             2
    0.36363636363636   -0.12500000000000    0.28571428571429             2
    0.45454545454545   -0.12500000000000    0.28571428571429             2
   -0.45454545454545   -0.12500000000000    0.28571428571429             2
   -0.36363636363636   -0.12500000000000    0.28571428571429             2
   -0.27272727272727   -0.12500000000000    0.28571428571429             2
   -0.18181818181818   -0.12500000000000    0.28571428571429             2
   -0.09090909090909   -0.12500000000000    0.28571428571429             2
    0.00000000000000    0.00000000000000    0.42857142857143             2
    0.09090909090909    0.00000000000000    0.42857142857143             2
    0.18181818181818    0.00000000000000    0.42857142857143             2
    0.27272727272727    0.00000000000000    0.42857142857143             2
    0.36363636363636    0.00000000000000    0.42857142857143             2
    0.45454545454545    0.00000000000000    0.42857142857143             2
   -0.45454545454545    0.00000000000000    0.42857142857143             2
   -0.36363636363636    0.00000000000000    0.42857142857143             2
   -0.27272727272727    0.00000000000000    0.42857142857143             2
   -0.18181818181818    0.00000000000000    0.42857142857143             2
   -0.09090909090909    0.00000000000000    0.42857142857143             2
    0.00000000000000    0.12500000000000    0.42857142857143             2
    0.09090909090909    0.12500000000000    0.42857142857143             2
    0.18181818181818    0.12500000000000    0.42857142857143             2
    0.27272727272727    0.12500000000000    0.42857142857143             2
    0.36363636363636    0.12500000000000    0.42857142857143             2
    0.45454545454545    0.12500000000000    0.42857142857143             2
   -0.45454545454545    0.12500000000000    0.42857142857143             2
   -0.36363636363636    0.12500000000000    0.42857142857143             2
   -0.27272727272727    0.12500000000000    0.42857142857143             2
   -0.18181818181818    0.12500000000000    0.42857142857143             2
   -0.09090909090909    0.12500000000000    0.42857142857143             2
    0.00000000000000    0.25000000000000    0.42857142857143             2
    0.09090909090909    0.25000000000000    0.42857142857143             2
    0.18181818181818    0.25000000000000    0.42857142857143             2
    0.27272727272727    0.25000000000000    0.42857142857143             2
    0.36363636363636    0.25000000000000    0.42857142857143             2
    0.45454545454545    0.25000000000000    0.42857142857143             2
   -0.45454545454545    0.25000000000000    0.42857142857143             2
   -0.36363636363636    0.25000000000000    0.42857142857143             2
   -0.27272727272727    0.25000000000000    0.42857142857143             2
   -0.18181818181818    0.25000000000000    0.42857142857143             2
   -0.09090909090909    0.25000000000000    0.42857142857143             2
    0.00000000000000    0.37500000000000    0.42857142857143             2
    0.09090909090909    0.37500000000000    0.42857142857143             2
    0.18181818181818    0.37500000000000    0.42857142857143             2
    0.27272727272727    0.37500000000000    0.42857142857143             2
    0.36363636363636    0.37500000000000    0.42857142857143             2
    0.45454545454545    0.37500000000000    0.42857142857143             2
   -0.45454545454545    0.37500000000000    0.42857142857143             2
   -0.36363636363636    0.37500000000000    0.42857142857143             2
   -0.27272727272727    0.37500000000000    0.42857142857143             2
   -0.18181818181818    0.37500000000000    0.42857142857143             2
   -0.09090909090909    0.37500000000000    0.42857142857143             2
    0.00000000000000    0.50000000000000    0.42857142857143             2
    0.09090909090909    0.50000000000000    0.42857142857143             2
    0.18181818181818    0.50000000000000    0.42857142857143             2
    0.27272727272727    0.50000000000000    0.42857142857143             2
    0.36363636363636    0.50000000000000    0.42857142857143             2
    0.45454545454545    0.50000000000000    0.42857142857143             2
   -0.45454545454545    0.50000000000000    0.42857142857143             2
   -0.36363636363636    0.50000000000000    0.42857142857143             2
   -0.27272727272727    0.50000000000000    0.42857142857143             2
   -0.18181818181818    0.50000000000000    0.42857142857143             2
   -0.09090909090909    0.50000000000000    0.42857142857143             2
    0.00000000000000   -0.37500000000000    0.42857142857143             2
    0.09090909090909   -0.37500000000000    0.42857142857143             2
    0.18181818181818   -0.37500000000000    0.42857142857143             2
    0.27272727272727   -0.37500000000000    0.42857142857143             2
    0.36363636363636   -0.37500000000000    0.42857142857143             2
    0.45454545454545   -0.37500000000000    0.42857142857143             2
   -0.45454545454545   -0.37500000000000    0.42857142857143             2
   -0.36363636363636   -0.37500000000000    0.42857142857143             2
   -0.27272727272727   -0.37500000000000    0.42857142857143             2
   -0.18181818181818   -0.37500000000000    0.42857142857143             2
   -0.09090909090909   -0.37500000000000    0.42857142857143             2
    0.00000000000000   -0.25000000000000    0.42857142857143             2
    0.09090909090909   -0.25000000000000    0.42857142857143             2
    0.18181818181818   -0.25000000000000    0.42857142857143             2
    0.27272727272727   -0.25000000000000    0.42857142857143             2
    0.36363636363636   -0.25000000000000    0.42857142857143             2
    0.45454545454545   -0.25000000000000    0.42857142857143             2
   -0.45454545454545   -0.25000000000000    0.42857142857143             2
   -0.36363636363636   -0.25000000000000    0.42857142857143             2
   -0.27272727272727   -0.25000000000000    0.42857142857143             2
   -0.18181818181818   -0.25000000000000    0.42857142857143             2
   -0.09090909090909   -0.25000000000000    0.42857142857143             2
    0.00000000000000   -0.12500000000000    0.42857142857143             2
    0.09090909090909   -0.12500000000000    0.42857142857143             2
    0.18181818181818   -0.12500000000000    0.42857142857143             2
    0.27272727272727   -0.12500000000000    0.42857142857143             2
    0.36363636363636   -0.12500000000000    0.42857142857143             2
    0.45454545454545   -0.12500000000000    0.42857142857143             2
   -0.45454545454545   -0.12500000000000    0.42857142857143             2
   -0.36363636363636   -0.12500000000000    0.42857142857143             2
   -0.27272727272727   -0.12500000000000    0.42857142857143             2
   -0.18181818181818   -0.12500000000000    0.42857142857143             2
   -0.09090909090909   -0.12500000000000    0.42857142857143             2
