Automatically generated mesh
      62
Reciprocal lattice
    0.00000000000000    0.00000000000000    0.00000000000000             1
    0.20000000000000    0.00000000000000    0.00000000000000             2
    0.40000000000000    0.00000000000000    0.00000000000000             2
    0.00000000000000    0.16666666666667    0.00000000000000             2
    0.20000000000000    0.16666666666667    0.00000000000000             2
    0.40000000000000    0.16666666666667    0.00000000000000             2
   -0.40000000000000    0.16666666666667    0.00000000000000             2
   -0.20000000000000    0.16666666666667    0.00000000000000             2
    0.00000000000000    0.33333333333333    0.00000000000000             2
    0.20000000000000    0.33333333333333    0.00000000000000             2
    0.40000000000000    0.33333333333333    0.00000000000000             2
   -0.40000000000000    0.33333333333333    0.00000000000000             2
   -0.20000000000000    0.33333333333333    0.00000000000000             2
   -0.00000000000000    0.50000000000000    0.00000000000000             1
    0.20000000000000    0.50000000000000    0.00000000000000             2
    0.40000000000000    0.50000000000000    0.00000000000000             2
    0.00000000000000    0.00000000000000    0.25000000000000             2
    0.20000000000000    0.00000000000000    0.25000000000000             2
    0.40000000000000    0.00000000000000    0.25000000000000             2
   -0.40000000000000    0.00000000000000    0.25000000000000             2
   -0.20000000000000    0.00000000000000    0.25000000000000             2
    0.00000000000000    0.16666666666667    0.25000000000000             2
    0.20000000000000    0.16666666666667    0.25000000000000             2
    0.40000000000000    0.16666666666667    0.25000000000000             2
   -0.40000000000000    0.16666666666667    0.25000000000000             2
   -0.20000000000000    0.16666666666667    0.25000000000000             2
    0.00000000000000    0.33333333333333    0.25000000000000             2
    0.20000000000000    0.33333333333333    0.25000000000000             2
    0.40000000000000    0.33333333333333    0.25000000000000             2
   -0.40000000000000    0.33333333333333    0.25000000000000             2
   -0.20000000000000    0.33333333333333    0.25000000000000             2
    0.00000000000000    0.50000000000000    0.25000000000000             2
    0.20000000000000    0.50000000000000    0.25000000000000             2
    0.40000000000000    0.50000000000000    0.25000000000000             2
   -0.40000000000000    0.50000000000000    0.25000000000000             2
   -0.20000000000000    0.50000000000000    0.25000000000000             2
    0.00000000000000   -0.33333333333333    0.25000000000000             2
    0.20000000000000   -0.33333333333333    0.25000000000000             2
    0.40000000000000   -0.33333333333333    0.25000000000000             2
   -0.40000000000000   -0.33333333333333    0.25000000000000             2
   -0.20000000000000   -0.33333333333333    0.25000000000000             2
    0.00000000000000   -0.16666666666667    0.25000000000000             2
    0.20000000000000   -0.16666666666667    0.25000000000000             2
    0.40000000000000   -0.16666666666667    0.25000000000000             2
   -0.40000000000000   -0.16666666666667    0.25000000000000             2
   -0.20000000000000   -0.16666666666667    0.25000000000000             2
    0.00000000000000    0.00000000000000    0.50000000000000             1
    0.20000000000000    0.00000000000000    0.50000000000000             2
    0.40000000000000    0.00000000000000    0.50000000000000             2
    0.00000000000000    0.16666666666667    0.50000000000000             2
    0.20000000000000    0.16666666666667    0.50000000000000             2
    0.40000000000000    0.16666666666667    0.50000000000000             2
   -0.40000000000000    0.16666666666667    0.50000000000000             2
   -0.20000000000000    0.16666666666667    0.50000000000000             2
    0.00000000000000    0.33333333333333    0.50000000000000             2
    0.20000000000000    0.33333333333333    0.50000000000000             2
    0.40000000000000    0.33333333333333    0.50000000000000             2
   -0.40000000000000    0.33333333333333    0.50000000000000             2
   -0.20000000000000    0.33333333333333    0.50000000000000             2
    0.00000000000000    0.50000000000000    0.50000000000000             1
    0.20000000000000    0.50000000000000    0.50000000000000             2
    0.40000000000000    0.50000000000000    0.50000000000000             2
Tetrahedra
       360    0.00138888888889
         2         1         4         5        23
         2         1         2         5        23
         2         1         2        18        23
         2         1         4        22        23
         2         1        17        22        23
         2         1        17        18        23
         2         2         5         6        24
         2         2         3         6        24
         2         2         3        19        24
         2         2         5        23        24
         2         2        18        23        24
         2         2        18        19        24
         2         3         6         7        25
         2         3         3         7        25
         2         3         3        20        25
         2         3         6        24        25
         2         3        19        24        25
         2         3        19        20        25
         2         3         7         8        26
         2         2         3         8        26
         2         2         3        21        26
         2         3         7        25        26
         2         3        20        25        26
         2         3        20        21        26
         2         2         4         8        22
         2         1         2         4        22
         2         1         2        17        22
         2         2         8        22        26
         2         2        21        22        26
         2         2        17        21        22
         2         4         9        10        28
         2         4         5        10        28
         2         4         5        23        28
         2         4         9        27        28
         2         4        22        27        28
         2         4        22        23        28
         2         5        10        11        29
         2         5         6        11        29
         2         5         6        24        29
         2         5        10        28        29
         2         5        23        28        29
         2         5        23        24        29
         2         6        11        12        30
         2         6         7        12        30
         2         6         7        25        30
         2         6        11        29        30
         2         6        24        29        30
         2         6        24        25        30
         2         7        12        13        31
         2         7         8        13        31
         2         7         8        26        31
         2         7        12        30        31
         2         7        25        30        31
         2         7        25        26        31
         2         8         9        13        27
         2         4         8         9        27
         2         4         8        22        27
         2         8        13        27        31
         2         8        26        27        31
         2         8        22        26        27
         2         9        14        15        33
         2         9        10        15        33
         2         9        10        28        33
         2         9        14        32        33
         2         9        27        32        33
         2         9        27        28        33
         2        10        15        16        34
         2        10        11        16        34
         2        10        11        29        34
         2        10        15        33        34
         2        10        28        33        34
         2        10        28        29        34
         2        11        16        16        35
         2        11        12        16        35
         2        11        12        30        35
         2        11        16        34        35
         2        11        29        34        35
         2        11        29        30        35
         2        12        15        16        36
         2        12        13        15        36
         2        12        13        31        36
         2        12        16        35        36
         2        12        30        35        36
         2        12        30        31        36
         2        13        14        15        32
         2         9        13        14        32
         2         9        13        27        32
         2        13        15        32        36
         2        13        31        32        36
         2        13        27        31        32
         2         9        13        14        38
         2        13        14        15        38
         2        14        15        33        38
         2         9        14        37        38
         2        14        32        37        38
         2        14        32        33        38
         2        12        13        15        39
         2        12        15        16        39
         2        15        16        34        39
         2        13        15        38        39
         2        15        33        38        39
         2        15        33        34        39
         2        11        12        16        40
         2        11        16        16        40
         2        16        16        35        40
         2        12        16        39        40
         2        16        34        39        40
         2        16        34        35        40
         2        10        11        16        41
         2        10        15        16        41
         2        15        16        36        41
         2        11        16        40        41
         2        16        35        40        41
         2        16        35        36        41
         2         9        10        15        37
         2         9        14        15        37
         2        14        15        32        37
         2        10        15        37        41
         2        15        36        37        41
         2        15        32        36        37
         2         4         8         9        43
         2         8         9        13        43
         2         9        13        38        43
         2         4         9        42        43
         2         9        37        42        43
         2         9        37        38        43
         2         7         8        13        44
         2         7        12        13        44
         2        12        13        39        44
         2         8        13        43        44
         2        13        38        43        44
         2        13        38        39        44
         2         6         7        12        45
         2         6        11        12        45
         2        11        12        40        45
         2         7        12        44        45
         2        12        39        44        45
         2        12        39        40        45
         2         5         6        11        46
         2         5        10        11        46
         2        10        11        41        46
         2         6        11        45        46
         2        11        40        45        46
         2        11        40        41        46
         2         4         5        10        42
         2         4         9        10        42
         2         9        10        37        42
         2         5        10        42        46
         2        10        41        42        46
         2        10        37        41        42
         2         1         2         4        18
         2         2         4         8        18
         2         4         8        18        43
         2         1         4        17        18
         2         4        17        18        42
         2         4        18        42        43
         2         2         3         8        19
         2         3         7         8        19
         2         7         8        19        44
         2         2         8        18        19
         2         8        18        19        43
         2         8        19        43        44
         2         3         3         7        20
         2         3         6         7        20
         2         6         7        20        45
         2         3         7        19        20
         2         7        19        20        44
         2         7        20        44        45
         2         2         3         6        21
         2         2         5         6        21
         2         5         6        21        46
         2         3         6        20        21
         2         6        20        21        45
         2         6        21        45        46
         2         1         2         5        17
         2         1         4         5        17
         2         4         5        17        42
         2         2         5        17        21
         2         5        17        21        46
         2         5        17        42        46
         2        17        22        23        51
         2        17        18        23        51
         2        17        18        48        51
         2        17        22        50        51
         2        17        47        50        51
         2        17        47        48        51
         2        18        23        24        52
         2        18        19        24        52
         2        18        19        49        52
         2        18        23        51        52
         2        18        48        51        52
         2        18        48        49        52
         2        19        24        25        53
         2        19        20        25        53
         2        19        20        49        53
         2        19        24        52        53
         2        19        49        52        53
         2        19        49        49        53
         2        20        25        26        54
         2        20        21        26        54
         2        20        21        48        54
         2        20        25        53        54
         2        20        49        53        54
         2        20        48        49        54
         2        21        22        26        50
         2        17        21        22        50
         2        17        21        47        50
         2        21        26        50        54
         2        21        48        50        54
         2        21        47        48        50
         2        22        27        28        56
         2        22        23        28        56
         2        22        23        51        56
         2        22        27        55        56
         2        22        50        55        56
         2        22        50        51        56
         2        23        28        29        57
         2        23        24        29        57
         2        23        24        52        57
         2        23        28        56        57
         2        23        51        56        57
         2        23        51        52        57
         2        24        29        30        58
         2        24        25        30        58
         2        24        25        53        58
         2        24        29        57        58
         2        24        52        57        58
         2        24        52        53        58
         2        25        30        31        59
         2        25        26        31        59
         2        25        26        54        59
         2        25        30        58        59
         2        25        53        58        59
         2        25        53        54        59
         2        26        27        31        55
         2        22        26        27        55
         2        22        26        50        55
         2        26        31        55        59
         2        26        54        55        59
         2        26        50        54        55
         2        27        32        33        61
         2        27        28        33        61
         2        27        28        56        61
         2        27        32        60        61
         2        27        55        60        61
         2        27        55        56        61
         2        28        33        34        62
         2        28        29        34        62
         2        28        29        57        62
         2        28        33        61        62
         2        28        56        61        62
         2        28        56        57        62
         2        29        34        35        62
         2        29        30        35        62
         2        29        30        58        62
         2        29        34        62        62
         2        29        57        62        62
         2        29        57        58        62
         2        30        35        36        61
         2        30        31        36        61
         2        30        31        59        61
         2        30        35        61        62
         2        30        58        61        62
         2        30        58        59        61
         2        31        32        36        60
         2        27        31        32        60
         2        27        31        55        60
         2        31        36        60        61
         2        31        59        60        61
         2        31        55        59        60
         2        32        37        38        59
         2        32        33        38        59
         2        32        33        59        61
         2        32        37        55        59
         2        32        55        59        60
         2        32        59        60        61
         2        33        38        39        58
         2        33        34        39        58
         2        33        34        58        62
         2        33        38        58        59
         2        33        58        59        61
         2        33        58        61        62
         2        34        39        40        57
         2        34        35        40        57
         2        34        35        57        62
         2        34        39        57        58
         2        34        57        58        62
         2        34        57        62        62
         2        35        40        41        56
         2        35        36        41        56
         2        35        36        56        61
         2        35        40        56        57
         2        35        56        57        62
         2        35        56        61        62
         2        36        37        41        55
         2        32        36        37        55
         2        32        36        55        60
         2        36        41        55        56
         2        36        55        56        61
         2        36        55        60        61
         2        37        42        43        54
         2        37        38        43        54
         2        37        38        54        59
         2        37        42        50        54
         2        37        50        54        55
         2        37        54        55        59
         2        38        43        44        53
         2        38        39        44        53
         2        38        39        53        58
         2        38        43        53        54
         2        38        53        54        59
         2        38        53        58        59
         2        39        44        45        52
         2        39        40        45        52
         2        39        40        52        57
         2        39        44        52        53
         2        39        52        53        58
         2        39        52        57        58
         2        40        45        46        51
         2        40        41        46        51
         2        40        41        51        56
         2        40        45        51        52
         2        40        51        52        57
         2        40        51        56        57
         2        41        42        46        50
         2        37        41        42        50
         2        37        41        50        55
         2        41        46        50        51
         2        41        50        51        56
         2        41        50        55        56
         2        17        18        42        48
         2        18        42        43        48
         2        42        43        48        54
         2        17        42        47        48
         2        42        47        48        50
         2        42        48        50        54
         2        18        19        43        49
         2        19        43        44        49
         2        43        44        49        53
         2        18        43        48        49
         2        43        48        49        54
         2        43        49        53        54
         2        19        20        44        49
         2        20        44        45        49
         2        44        45        49        52
         2        19        44        49        49
         2        44        49        49        53
         2        44        49        52        53
         2        20        21        45        48
         2        21        45        46        48
         2        45        46        48        51
         2        20        45        48        49
         2        45        48        49        52
         2        45        48        51        52
         2        17        21        46        47
         2        17        42        46        47
         2        42        46        47        50
         2        21        46        47        48
         2        46        47        48        51
         2        46        47        50        51
